     0.5927956006603            1.1579009949093
    -0.2070100046450           -1.3947662398412
    -0.0424081497497            0.1172789182280
    -0.8496544541289            0.8527416739174
    -0.5148986331493            0.0883320039851
     0.8835939984757           -0.1836060424848
     0.1983610002288            1.2310915516057
    -0.8964467734471            0.3633482065217
    -0.0695144149293           -0.8962896311398
     0.3638298606400            1.3463580635090
     0.3529693211936            1.3988507398365
    -1.5702676989924           -1.2236153608665
    -0.0406389376472            1.8889138902850
     0.0998222035604           -0.5281952529354
    -0.6965235927852            0.4448513835004
    -0.6661745582626           -0.2221856164334
    -0.2762551972843           -0.8267212555748
     1.5306022196629            0.4368627749375
    -0.5921707685759           -0.8864054414188
     0.7772892623082            0.5538607060399
     0.1377915504485           -1.4189964896717
    -2.2953364924467            0.7969023507540
     0.7841583544053            0.4666499411108
    -0.1819378670106            0.0643882607107
     0.6744320999726            0.2153031757227
     0.4942746631869            1.0359369804610
     0.0455772133423           -0.5601821505771
     1.5419779644482            2.6195628554944
     0.8375455982981           -0.7755176604668
     2.2249487764477            0.9984783262935
    -0.3181722308698            1.9521406801335
     0.3671365537495            0.2810348408861
    -0.9203593821121           -0.3308109909270
    -0.4848858189165           -0.7558337659082
    -0.9891620322698            0.3653451835400
    -1.1316887432617            0.6173659053160
    -1.8516829617546            0.5225270348120
    -1.7679410804667            0.7916268194698
    -0.3065214487938            1.5796827718470
     1.1865804828667            0.2081046483446
     1.8256422543388           -0.2353389516012
    -0.9548113113135            0.0173699618858
    -0.2827008070052            0.8638597669662
     0.3669095216675           -1.0307023122011
     0.3880773251732            1.9568587371146
    -1.5669117611729           -1.2740864910620
    -0.0870878686653            0.1943607501334
    -0.8634722493036            0.1321611326256
    -0.8417522942256            0.8639599102330
     0.2225314356900            0.2991689659341
     1.3243051616085           -0.4366247246116
    -0.4430581010409            1.7084110998192
     0.9444637916359           -1.9233666751345
     0.5687785703270            0.1436117497130
     1.7931310878239           -0.1161730370825
     0.3688941023863           -0.0951082810811
     1.1377791505733            1.2000948876410
    -0.8322294570253            0.3817906368183
    -1.0239538506012           -0.3606844089641
     0.2940859385189            1.2594641218998
    -0.9434638665560            0.5944388270866
     1.4797929373248            1.6756534508200
    -0.1643375571747           -0.0010858184242
    -0.3991525889260           -0.4988163684857
    -0.1915947329404            0.7220839195927
    -0.0000048120217           -0.2934071857749
     0.0170698465692           -0.4387533895596
    -0.7294029577627            0.9870168848155
    -1.5273008551162           -0.2823939203403
    -0.8435391160591            0.1845554399224
    -1.3131695003042           -0.2496042542673
     0.7460060546183            0.0753611798596
     0.4802945952619           -1.4397265329991
    -3.6278963863754           -0.7238021642593
     0.4638236785701           -0.4715742675625
     0.5386262957899           -0.6127822406179
    -0.1807325545977            1.1939145336946
    -2.1135043018342            0.1114871412679
    -1.0022924727121           -0.6770033059211
    -0.0344379893951            0.5824100485722
     0.8867458156824            0.3353855930004
    -0.1985299919343            0.5300659782870
    -0.3713608671069           -1.4476846162424
    -0.7804900066003            0.1457760336087
    -0.4569709316386           -0.7270934827722
     0.9408015674756           -0.4881844952355
    -0.0291881397059            1.3795334488247
     1.1405715975324           -0.6337596634669
    -0.2243317582427            1.6554602093189
     1.1154802664388           -1.1571597269688
    -0.5334428806112           -1.8324662166529
     1.3046484765265            0.1849813157578
    -0.2863236077209            0.6675209345357
     0.7955067866666            0.3858663004878
     0.9812064554605            0.2543416488944
    -0.9952066048057            0.8933937617249
    -1.9511551509052            0.2935919697000
     0.2304564311183           -0.9159914476699
    -0.5433868570577            1.7971842046869
    -1.4359587731102            1.7994793945584
    -1.3224569711486            0.2442407451129
    -0.4523535233130           -0.1688184922154
     0.4969403159243            1.8873736180598
     0.2442216378120           -0.6534718906487
     0.2211930340206           -1.3353906031313
    -0.5184680677367            0.4687815377647
    -0.1422394288235            0.3332960089086
    -0.4316133973875           -0.7772437616371
    -1.6107016055697           -0.9896553308165
     0.3580854507937            0.3172675558938
    -1.2517609210772            0.4949775868369
     1.0860344451307            1.3480112839230
    -1.1440669361396           -2.9239772424556
    -0.3978127692921            0.1346178097804
     1.1898401779924           -2.0109135007999
     0.6166843030100            1.6571989717393
    -1.6281527833778           -0.2863309738921
    -0.7949240377142            0.4276921146095
     0.9316515700420           -0.9289848760791
     1.1734501097400           -0.2765021482180
    -0.5752501637192           -2.2587308691362
    -0.1904315348743            0.1403019970895
     0.6436849664479            0.6845259337199
     1.0540345251874            1.0933491868258
     0.6566340081079           -0.2088338403732
     1.7659387120690            0.8250364372122
     0.1517862732518            0.5920988891750
     0.8443556975308           -0.8267747309961
    -0.5593025858663           -1.5016143151206
    -2.1398663486996           -0.7040616379829
     1.0680653699215           -0.4833574376668
    -0.6606985592992           -0.6516992008540
     0.4014583354428           -0.6502693675133
    -0.0476032414644           -0.9648941386393
     0.2313735131741            0.5268174416737
     0.0962798508439           -1.5345551472389
    -0.1072748625388            0.5512034553309
     0.3451276859978           -0.7422637316230
    -1.5204649937587           -1.2119759095773
    -1.3387958217530            0.4308126023900
    -1.1836425371707            1.7052835406653
     0.4983555613375           -1.9995864525016
     0.2969534183702            1.9920811696653
     0.6081070728222            0.1506340555278
    -1.7520650996608            1.3075247866544
     2.2631803127283            1.1159287232916
    -0.7460981654050           -0.1151018244981
    -0.5510167934859           -1.3522552940559
    -1.4665062108964            0.9123837293018
    -2.7236071439350           -0.6342137688894
     1.8146666248077           -0.1964808513208
     0.3498887739282           -0.4198300617750
     1.4955270763842           -0.0310220117902
     1.0070172510942            0.4802928171771
     0.3912606045737           -1.6714566804720
    -0.3456178482876            0.4065640109103
    -1.1569591973067            0.3484995571653
     0.0537295836660            0.5059003932850
     1.3915316388314           -0.2388907430505
     0.0607278245650            0.1203992600498
     1.7673182224795           -0.7746009023196
    -0.3659484982876            0.0082320662963
     0.0244980296379            0.0960256177929
    -0.0517382550120           -1.3419097844984
    -0.6080532198751            0.4995020367533
    -0.4354371098854            1.8931869625931
    -0.6094328989672           -0.5111267361986
     0.8511257150508           -0.3611597468422
    -1.5671221874719            0.0468271888931
    -0.7414320931512           -0.4886981940110
    -0.1501198721134            2.2789283843497
     0.3001452475324           -0.2944825005769
    -0.1857999978111           -1.4567463352613
    -0.4834450919328            0.4644722973100
    -1.9050995056952           -1.6647259320842
    -0.7218493106472           -1.6834670171427
     0.9491158021897            0.6406288876909
     1.5346019196186            0.6961464657132
     1.0800234435828           -0.0830682851167
     0.1351269495358           -0.7901357611338
     0.1988642596319           -0.0965994246094
     1.1915015196489           -0.9719593369560
    -0.2921163822118           -0.1363807526096
    -0.4483267671762            0.5641115034360
     0.3385587225994           -1.1269428489189
    -1.1036668872955           -1.3772196011674
    -0.7771116506877            1.7132625819748
     0.4547017273708           -0.1885731895906
    -1.1590520062148           -0.0919469340090
     0.3726060562298           -1.1378285595561
    -1.5304347087189            1.1638967688389
    -0.8006705276402           -0.9077473265848
    -0.4053329931135            1.1291223300014
    -0.8556006844347            2.3577271248758
    -0.3004903204084           -0.4968672919807
     0.0137084137424           -1.4240446921802
     0.2220014335189           -0.9858375720449
     1.3759908637100            0.3391252521595
    -0.1488564290886            0.8710226482371
     0.1952456619456            1.6380927512655
     0.3149211694565            0.3651121880552
     0.1220212049280            1.6160425449415
    -1.9210701789953            1.7140507384350
     0.6805423550597           -2.0564206295653
     0.0720401166786           -0.2530202676780
     0.8854142678122            0.4375785341013
    -0.1620977860848            2.3984325051058
    -0.8269750151519           -0.0288923891366
     2.1647277924232            0.3465116981662
     1.6183259219014            1.3282312948153
     0.1120828998456           -0.7087426259262
     1.0360935651027           -1.2795191998511
     0.7265567398374            0.2626094380717
    -1.3184557624216           -1.0936815683678
    -1.7239762046290            0.7479651735542
    -0.6045302166075           -0.3620218200961
    -0.6877271271533            0.3970162416791
     1.0769868205534            1.8860005987330
    -1.3526699091714           -1.4055065218840
     1.1953506173298           -0.1546497509190
    -0.7236155316811            2.0121747629437
    -2.2552049020887            0.9299162400884
     0.5766012426323            0.8029439978385
     0.4543224553969           -0.2401702214913
    -0.5452960952605           -1.2684474984368
     0.2544470492702           -0.4033256044404
     0.4105544037723            0.9801099413286
    -0.6494243925324            0.4468454660567
     0.3733919933064           -1.5208191218397
    -1.3550666208953           -2.7589221727670
    -2.2854916702750           -0.4897088385287
    -2.0652486410185           -1.3550588310366
    -0.2959053854168           -1.3431095444657
    -0.9279634141518            0.2393175357015
    -0.2787454016037            0.1506257729615
     0.3459359259072            0.1101349935353
    -0.0624709322855           -1.4796580849246
    -0.4879252877238           -1.0922869514913
     0.2969205886946            0.3250202157903
     0.8688314936694            1.8148485739914
    -0.6915162091659           -0.5873480849536
    -0.7388830120283           -1.6629801696649
     1.1426454810747            0.5881209368852
     0.0169497640648            0.6904376671115
     1.0822960707193           -0.6283808559287
    -1.0683513513071           -0.3735709315794
     0.7658155721168            1.6049633354354
     0.6592869617886            0.8060936720831
     0.9075379179317            1.6707673979921
     0.7634443265886            0.8491792753880
     1.0713185665772           -0.2876585676814
    -0.6898025917583            0.6970024530767
    -0.7032439194844           -0.8846925235690
     0.0223075170920           -0.8399845011329
    -0.3803746542894           -0.0378297245522
     2.1744520653330            0.5737407664882
    -0.8056346108129           -1.3977992245132
     0.6086508909456            0.0183378454482
    -0.2325898845313            1.2406829905609
     0.8954138772031           -0.6487310778494
    -0.8023599062624            1.5440622403221
     0.0387581280580            0.2542963788014
     1.2887776337015            0.1842028546514
    -0.1035889998489           -1.5879938354515
     0.2116986928906            0.4933204959907
    -0.5439284169386           -0.1366799230283
     0.1357011111668           -0.4133081829525
    -0.8031283578045           -0.2382331238506
    -0.7289640968364            0.2812819102822
    -0.5642482126660           -0.3577094930513
     1.1730688745152            1.3820404124452
    -0.0825079349196           -1.6539663548417
     0.0449368999821           -0.1846382819912
     0.1283517981456            1.3877157244803
     0.7429056054801           -2.0165893570137
     0.6350962388715           -0.9143539998942
    -0.2797615380973            0.8742306723720
    -0.7378643127250            0.7333756829366
    -1.2039634382186            0.9123304821809
    -0.2534585652951            0.3517362373392
    -0.3135693676083            0.3164885840287
    -0.0483440721029           -0.2840940026976
     0.9159953785393            2.1525963810822
    -1.1125506718661           -0.2303502528379
    -0.2204765749386           -0.3358085928808
    -0.8411286121415            1.6071310074760
    -0.3037282896955            0.1973336249894
    -1.8404285556545            0.7657110622883
     0.5544398108974           -2.6084929882013
    -0.0329675546816            0.2520453138142
    -0.3738670930052            0.3064695765832
     0.0244034982540            1.0164281433725
     0.8953364158043            0.9958891560074
     2.3706909416314           -1.7723733288318
     0.8588099925014            2.4852293690790
    -0.5089698256720           -0.4678446119419
     0.4070564451746           -0.4670225858972
     0.3717443009806            1.3136750736599
    -0.2759008865841           -0.3058939969496
    -1.9317689217136            0.4506604052144
    -1.1328154729332            0.0309575559053
     0.4992213367599            2.7236755030395
     1.0604666833413            0.3520086436227
    -0.0756428137247           -0.3462523843362
    -2.1756315045028            0.4493592303243
    -1.7804385538526            0.4245331015882
     0.0881301342115            0.2021763965079
    -1.4402762294927            0.1300810176248
    -0.6725364676152           -0.5038981604316
     0.4412774235939            0.6428154866587
    -2.0760624044666           -0.8955176508308
    -0.2843210295200            0.0421476842498
    -1.5802169296379            0.2153216667872
    -0.3116340102564            1.3837298732350
    -0.9572673151995           -0.5999008669600
    -1.2622611250714           -1.5850621089259
    -0.1707840261266            0.6136588409048
    -1.7937937246581           -1.0642820106762
    -1.3674835919894           -0.5284160793939
    -1.9699758139568           -0.3268790569759
    -1.0423811748903           -0.0547345873910
    -0.5133109242530           -0.0338571015753
     0.1049011863826           -1.1126744223121
    -0.1333557978349            0.8253686971041
    -1.4787714199554           -0.6434265961860
     1.7679627564319            0.1209016045615
     0.0661646724946           -0.5017866636100
    -0.1335732089933            1.9559058316035
    -0.8923467817880            1.3383442996971
     0.9156620184833           -0.8578765969975
     1.2403584454942           -0.0849118286027
     1.0563854623909           -1.6612454526157
     0.0319518797493            0.8113313110857
    -0.7795428979940            1.5666893739138
     1.3802442816411           -0.3902075829620
     0.0786911283417           -0.0875897119703
    -1.4868687729722            1.1820600405921
     0.0720968331629            0.6553653136358
    -0.5172700131709            1.5434003715944
    -1.6105461825601            0.5790903520724
    -0.7602610086923            1.1563512296955
    -0.5972636305943           -0.0344716816525
     1.1244369358833           -1.0400092618362
     0.8203586712020            0.0216462623420
    -0.9166072034717           -0.0247956662363
    -1.5250077741290           -1.4197269462910
     0.8413338358568           -0.9039179889692
    -0.0031776529369            0.0617493523797
     1.4956215215156            1.3161047408041
    -0.1263035661897           -1.2424560441662
    -0.5222438127957           -0.9882881896950
    -0.5172139819205            2.0813424685938
     1.7572407449756           -0.8313725377449
    -0.5464697899925           -1.2077796987619
    -0.5888833679649            0.5585176561456
     1.6644847788221            0.3237812833409
     0.5317034022783            0.4687100042126
    -1.2515427737340            0.5308144148152
    -0.2501739225945           -1.2307196670566
     0.4125350537949            1.9301078912349
    -0.3257674177201           -1.1081248155551
    -0.5614886746059           -0.6739369447556
     1.3921701595458           -1.6169997603345
    -1.8358570229278            0.3922016312097
    -0.4889411528724           -0.7402853940133
    -1.5992916930776            0.8166791940221
     1.6547163087608           -0.1280062360002
    -0.1807793805671           -0.6758748064568
    -0.2875357835576            0.4668310932802
     0.6939300152721            0.6754119385122
    -0.9944932269661           -0.8051128785058
     0.3713614213692            1.0281196406009
     1.4490790428543           -0.1249418510023
     0.3236465950933            0.7197579014367
    -0.1553792455527            1.8661563249865
    -1.1003432465991            0.1361829968416
    -0.6402286183327            1.8428328596209
     0.5675672427506           -1.7198942324190
     0.8475211348453           -1.9548650785038
    -2.7782097641206            0.9346646979209
    -0.8914382418177            0.4728130899556
     0.2017385631243           -0.2617836149159
    -0.8385877648123            0.2677929602195
     1.2538206272874           -0.0673242491464
     0.6014812912819            1.2598862316576
     0.1742467924025            0.4585064265993
     0.6490738420504            1.3812520216130
     0.7706478946415           -0.7687853028182
     1.1643884278669           -1.2994501535501
    -0.4537271085866            0.9259164550198
    -0.3512451166945            0.0733801034309
     0.4371194476484           -0.8030139983270
    -0.4520172178529            0.4799369811260
     0.0174642318676            0.9696475835694
     0.7760830594448           -0.8406553374350
     1.2547891256331           -1.3614126942035
    -1.8749698624128           -1.5272381775356
     0.5494000736073            0.3277606832533
     0.0819904849480            1.1220856918879
     1.4656814188961           -1.0708890331634
     0.4436251810037            0.4517498731931
    -0.1479750847821           -0.1813494084558
     0.7877699468053           -0.4419670641943
     0.7125810019592            1.0575806313003
     0.4039562394583            0.3725538551737
     1.0152550098372            1.3133620205092
     0.2940766247434           -2.3953306936190
     0.9258149234628           -0.0217849281749
     0.6820767930350            1.5301843270002
    -0.3124592805175            1.3408225156331
    -0.6168432573245           -0.9143562651634
    -1.8601331049420           -0.7573343261992
    -0.5370533907799           -0.3194884980951
    -0.9557001603870            0.5312896321832
    -0.2399495673027           -0.9197546357322
     1.6699840613849            0.1766778400453
    -0.0179340081290            0.8103252587295
    -0.0102100876529           -0.9767606502610
    -0.0872840330841           -1.3101339484609
    -0.0276637455404            0.1093618518546
     0.9951564535382           -1.1561159265050
    -0.2533975751121            1.7686411816001
    -0.0248775827847            0.5175228070365
     0.1247074654068            0.4153746456351
    -0.6916140573050            0.1803035176180
    -0.6244365565915            0.4833168457352
     0.0512423539715           -0.9681297012367
     0.9882940788216            0.1624477973296
    -1.0262777410367            1.1683617696863
    -0.5768058016741           -0.2211045564547
     2.6697523548186           -1.3596031852028
     0.2317043226744            1.0267536170039
    -0.3559871833785            0.4127242330915
    -0.3321252547802           -0.1161936733901
     0.5963914126245           -0.5257504715505
     0.9433373048543            2.5706633495202
    -0.7241964469882            0.0437358877928
    -0.4328652356719            0.1586916734798
    -0.0204861317333            0.6000343311583
    -1.2710369627946            2.2518895996410
    -1.0231452057725            0.2118088898934
    -0.9968291871485            1.1295153333422
     0.3111668087560            0.8621570593774
    -0.4452678821599           -0.3628229972337
    -2.5883779140418            0.4054003386780
    -0.3654995519756            0.9713379666503
     1.9353912708718            0.7058686941561
    -1.0473653040101           -0.8698950478479
    -0.1488032092778           -1.3425170694547
    -0.7939157376017            1.0513555328653
     0.3002603669787            0.2590345513957
    -1.3361947368476           -1.3259806187278
    -0.9993854146592            0.6804164167459
    -0.3261354521826           -2.3644095166910
     0.8914861457344           -1.1757150369897
    -0.6253669553493           -2.0961110622850
    -2.4103427331696           -1.1048643333539
     0.3639610652591           -2.5442300923985
    -0.7725149495256            0.2407368366018
    -1.5301566992209            0.5345151114273
    -0.4485307084366            1.6427847116346
     1.6844252520780           -0.5376922472968
    -1.5426069883900           -0.4315775946684
    -0.4203762798564            2.1549253846402
     1.1838503244101           -0.4127168650982
     1.5194372985502            1.0835165716149
    -0.3301735941890           -0.7044105872431
     0.1035136272018           -0.6513565630041
     0.5271841712955           -0.6889186470071
    -0.2796605371531            1.0831562570794
    -0.4388886245555            0.3062263060071
     0.4203722663767            0.5635775268158
    -1.0226951873533           -0.1760323869065
     0.5479891727561            0.4773241086982
     0.3716581318388           -0.3810864554603
     0.5216805557798           -0.2534425946238
     0.1248413537648            0.3001766172717
    -0.4164671048095           -0.5622914204843
     0.3320378273517            0.5347258902534
    -2.5016195195399            0.2960720023246
     0.0549704056356            0.3582685215183
    -0.2633733195491            0.4565154864091
    -0.9920048119810            0.9176171870773
    -0.1642657650871            0.3048319732556
     1.9194129955571           -0.0364473017967
     0.1006554709664            0.3095660291567
    -0.4471390897360           -2.4111059341922
    -1.3149629911206            0.9496543664661
    -1.4352939486497            1.5757883748298
     0.2772217515912            1.0613516800807
    -0.4930585237746           -0.2483790517618
    -0.2211364510973            0.2880427860010
    -0.1258343669050            0.4636492710199
     1.5396079640198           -1.6405600122861
     0.6450302219523           -0.4001681859290
     0.7474344368567           -1.2517734278700
    -0.9229325115002            0.3245491380367
     0.6380937085448            0.0138007945091
    -0.8924186401073            0.6308476663815
     0.3316645789613            0.9914220233745
     1.2547915912039            1.0677215088339
     0.8347555657077            0.1088002289575
     0.8531743409935           -1.1641269416260
     1.0701799223621            0.9642718417319
    -1.3601829000968           -0.2765157546064
    -0.2826409028956           -0.1701912345379
    -0.8470802201849            0.4709118435135
    -0.0773983242744           -0.6641345642344
     0.1037281621677           -0.0811336202792
     0.1912390556161           -0.8187766241809
     0.4719233208848            0.8836408180081
    -1.9255276022539            0.0672368209812
    -0.9360171725851           -0.2694144549283
     0.2005509172771           -0.3995594995649
    -0.0598131279526           -0.4087568628134
    -1.7688606855984            1.3163972027066
    -1.3902844212556            1.0437482389236
    -0.8479815648727           -0.3789976396614
     0.3218257226854           -0.8802306615958
    -0.6701608083224            0.4158589672347
     1.8246605147887            0.3871353015872
    -1.2333536122411           -0.4974107579866
     0.6407853267255           -0.0821991402204
    -1.2091220987764            0.6744273750786
    -0.1392487498675            0.6730803546768
     0.8167238229346            0.5721229717009
    -1.1930495629710            0.1018761809765
    -0.0482767910924            0.5125885447496
     0.0939130345189           -0.0648472339377
    -0.7830116558268            0.1337363501654
     0.4115928438848            0.0235552197831
    -0.4536154326864            0.0097554365397
    -0.3819450575501           -0.5404046887526
     0.7926795624141           -0.2493748200662
     0.5436146778148            1.0166363479033
     0.9182362856887           -1.0098012175427
     0.2120993796519           -1.3736070304850
     0.8723264316329            0.8523336851025
    -0.3660139061387            1.2447064692756
     1.6758125816652           -1.0113435283880
     1.3608624056751           -0.3413435722561
     0.1932017043563            1.0765653600684
    -1.1499944352141            1.2232787828986
     0.3980874332564            1.3788120958436
     0.5880691595875            0.4787348313059
    -0.6707452403473            1.8286574468008
    -0.4137035689959           -0.0471881581241
    -0.3926229151425            1.1746499488889
     0.0857004497046            0.5029127515048
     0.2313992440911            1.5572442488232
    -0.4493591925436            1.3686529345266
    -0.0908179376542           -1.8542674666769
    -0.5259242145207            0.0604844734471
    -2.0064479936180            1.1279048638458
     0.4617731315543           -0.4750416520991
     0.6078692370541            1.7521068209609
     0.4532252962189            1.8696563881262
     0.2171113406426            0.0553130364115
     0.2747121711023           -3.0948489865462
     1.7305008257975           -0.3823425855802
     0.8637865949837           -1.6185314939134
    -0.6550497443628            0.1703153005446
     0.2237513319760           -0.2325902208412
    -0.0827348002864           -1.7051594305998
    -0.7286711625538            1.8757065970478
     0.1706728799545           -0.6197989099871
     0.5760787638063           -0.2136956599136
     1.7146607115899            0.2310941067484
     1.8882054355726           -0.4629119710291
     0.0674427605106           -1.6021595821960
     0.3286373912170            0.5413385413180
     0.4282283624187            0.6459764331462
    -0.3802968018229           -1.3327780201958
     0.6817757406797           -1.2048601810406
    -3.3257924215689           -0.0576912663277
    -0.0482410609167           -0.8246181729631
    -0.9725916295941            1.6285837359474
     0.1628945147542           -0.5351326957805
    -0.5916534390582            0.9662400790759
    -0.4386542852085            0.9683200195270
     0.7098228506468            0.2630678962171
     1.3763842480309           -0.7055547852016
    -0.3976574789924            1.6991470883320
     0.1979462880839           -0.5349152202229
    -1.4329320578622           -0.2057784117380
     3.0022445848680           -0.6832586997602
    -1.4036053868496           -0.6732886867644
    -0.6740423091008           -0.5482308819086
     0.2977487137979           -0.0869237348563
     2.3988216559327            0.2998336405900
    -0.2564360041059           -1.2812338597803
     0.9145024637609           -0.0582931086640
    -1.5499707721115           -1.8975458174746
     0.0974899837077           -0.0328722149883
    -1.0414991065771           -0.7601787140274
     1.6381863383480           -0.7951493261438
     1.0375464159932           -0.7714593763040
    -0.7157172396862           -0.1952613201628
    -0.4735412575076            1.9910273238756
     0.9468266688663           -0.8349761807843
     2.1887168257575           -0.4969811206303
     1.3554617360702            1.7983242297705
     1.7028813853744           -0.1743645070910
    -0.3308266352076            3.0275320084197
    -0.5033306746030            0.1097080616123
     0.6971332800128            0.0425236327253
    -1.1473817647772            1.3611376870521
    -0.3836207324527            0.6220895038632
    -0.1088049866208            2.3024605507964
    -0.8893952224398            0.7983769856890
     1.0238997147506           -0.1567866811654
    -0.5343165971767           -0.5653189922856
     0.5094322177008            0.3721066604557
     0.9322027438694            0.2813821168069
     0.6826193807473            1.0630889639220
     0.0512431157575           -0.1140725475647
     1.7563290699471           -1.0272032023093
    -1.4138128429323            0.4374389233473
    -0.0171089251767            0.8425214480739
     1.2039445846382            0.0040807754788
    -0.9254073926689           -1.5015529331273
    -1.3151366532504            1.8659961839499
     0.7688947318519           -0.4172642149173
     0.2364222499945           -1.4524460865414
    -0.1258542631879           -0.7909323522910
    -0.5115768733231           -1.0254509257818
    -2.7930549409505            0.1636698275807
    -0.7473684213456            0.0259447606029
     0.5055366194341           -1.5707504498398
     0.1018890641591            0.0424652394390
    -0.2553417642446            0.8686413814368
     1.4602027032834           -0.2523197230287
    -1.8154322550384           -0.4973720703345
     0.2991515725293           -0.3621341731963
     0.4705982665855           -1.1198972325883
    -0.1727759843542            0.8176889806653
    -0.4060653436231            0.3168442984325
    -0.7342945272236           -0.7305283687528
     0.4105024369052           -0.3499349315021
     2.3567538253483           -0.5081207330811
     0.6028825377578            0.8901493631744
     1.1796190059841           -1.7169029627776
     1.4340149324783           -0.1991815447914
    -0.1566352996960           -0.0510876922557
     0.6350604185231           -0.0705639052451
    -1.1059468550485            0.3458974257033
    -1.2990129417949            1.4293995361617
    -1.0375503788540            0.3405306237784
    -0.0746834143453           -0.4733778807692
     0.5286482512807           -0.1269253293755
    -0.1361615779182           -0.4161028306649
     0.4585668014131           -1.3057926152854
     1.0920458707316           -0.7723119661460
    -1.0190722942316           -1.5804868761762
     0.4124710765436            0.2604859047410
    -1.8973788426228            1.1579222138449
     2.9150602761675            0.0916462249062
     0.1565907521037            0.1121363943681
     0.2296367538644           -0.0551120069355
     1.4617943255585            0.6779090773144
     0.2742786763362           -0.0626550536731
    -2.2703059645592           -1.0137795545292
    -0.1719202359748            0.9150540480723
    -0.9632323888978           -0.3841033583174
     0.1434194155197           -0.3296761025749
    -0.7210364252266            0.8532469666980
     0.0316498520321           -1.7232912896858
    -1.2808765088745           -0.4419122505997
    -0.2714306702165            1.4163983329561
    -1.2435389442463            0.3223485728743
    -1.8362639784971           -0.5735918386512
    -1.3925951781661           -0.4962422740589
     0.9223574804382            0.7558871500776
     0.4839337099869            0.3844450105616
    -2.1173117040555            0.3113097328810
    -0.2161410669223           -0.7326062752814
    -0.6005609406996            1.3241240679316
     1.2445471351665            0.5202687508133
     1.0646283154264            0.0761120278296
     0.5131166152140            0.1553838960202
     0.7263696568389            0.8320366230364
    -0.1172952948107           -0.0363323702113
    -1.3313195408981            0.3634697845870
    -0.7880394040747            0.6020178473056
     0.8674950518629           -1.6469031002884
     0.3568827808333           -0.5670788132493
     1.2243472140101           -1.2019870675283
    -0.3957210245368            0.6049363913232
     1.3203732069002            1.3007478567245
    -0.0520805179233           -1.4474000035969
    -1.4891144588443           -0.8882300248196
     1.0916936387558            0.9741329587050
     0.7762815655593           -0.3224502362773
     1.9627484127156           -1.0514408637516
    -0.7776019340579            0.9212385522807
    -0.0785477697398           -1.0590839937127
    -0.8533958897946            1.8831512044684
    -0.2047764175772           -0.1269856653403
    -1.5147689321872           -0.6816025275631
     0.5886887137718            0.1190621183113
    -0.3118162148692           -0.2010908495925
     1.1066269813513            0.5294902244634
     0.2987355042770            0.0298636066044
     0.6396691042156            1.0530911384069
    -0.6014602898600            1.4123381369348
    -1.3043792030861            0.6691943835658
    -0.4690171425498           -0.1654344209496
    -0.6050652373781            1.3188470181642
     1.0923452509061            0.4846838965884
    -0.3432262529082            1.3683732825191
     0.3044552565711            1.5927742280919
    -0.5589617655678            0.9134535107282
    -0.0606343853460           -0.6875473500701
    -1.2885965409907           -0.5668833946371
    -1.5146440231995            0.6606745106839
    -1.1579140976107           -0.0769138860594
     0.4517960041698            0.3125070343030
    -0.0856499740324            1.1377892559013
     1.2472116808168            0.7038758671186
    -0.5383825624148            0.7998165617575
     0.9004624961166            1.3338634802702
    -0.7735476575278           -0.2771726622970
     0.9868522797658           -0.6000466006231
    -0.7884502484033           -0.3379231054258
    -1.2488135210721           -1.1564248211623
    -0.4742620716653            0.3682924613445
    -0.1450859297472           -0.5104001840873
     1.7905405125250           -0.5049800134244
    -1.0004847681168           -0.4241251426580
    -0.2959633612721           -0.8099651268541
    -0.6778896545130           -1.1519488577910
    -0.5819683202066            0.0893082872665
     1.5482970085191           -0.4560219018896
    -0.5387423679055           -0.3987970188547
     0.1498340255894            1.2788659513925
     0.3017785197480            1.7899568494047
    -0.4920553116283            0.5782852783824
    -1.0506209267806            0.2511883653035
     0.7784753535926            0.4836204953395
     0.2765167210814            0.3927233717059
    -0.6988636388305            1.1596939910865
    -1.1321474287396            1.0019883089286
    -0.3542634873846           -0.4860176164305
    -1.3649939761702            2.7914309575438
     0.1354414434927            0.8960146072034
    -0.4359523776136            0.1383984955400
    -0.9685021244185            1.4233145695531
    -0.2701342868434            0.0111347417084
    -0.6657415267138           -0.5683964628607
     1.0182893205487           -1.6966934786658
     0.9460825896618            1.5651999552567
     0.9699237412681            0.3028374519394
    -0.3576060016436            0.3397209514576
     0.8035990915529            0.6787015081353
    -0.8711472996507           -0.4696865308047
    -0.2846966503458            0.8885598924404
    -1.2962741908193           -1.2082623722228
     0.2330813122978           -0.1542479116453
    -1.5795108034988           -0.3431581503434
     0.4776816111641            1.0441338703731
    -1.8934811039406           -0.2991130326899
     0.0028255521807            3.0700502661926
     0.5116384997617           -1.1662317711305
     1.1657008194366            1.5919140010022
     1.5250129676950            0.2383567195031
    -1.6708033312339            0.3896602622346
    -1.8362995858818            0.2546483303181
     0.0714786851810           -1.1680774218654
     1.9302848814621            1.0898487153762
     2.1503309177967            1.5192191079735
    -2.3563954554322            0.4241968832621
    -0.0652941988998            0.1042655243354
    -0.1214332770980            0.3256376067548
    -0.6805595433218            2.7851928066669
     0.7082573973200            0.4783304751201
    -1.4501742516245           -2.0545192645231
     0.0306476279749            0.2568704478437
     0.4501373473793            1.1795054125869
    -0.6117002418675           -0.6600583130326
    -0.8331998905660           -0.7747251564997
    -1.0118180621219            0.3382987461420
    -0.7283171810703            0.8981581008200
    -0.7689416081113            0.4305192981972
    -0.7530960891756           -0.5954256016654
     0.8995958987219           -0.6474609370411
     0.0582849525069           -0.2165440570803
     0.3270972198581           -0.4951416133220
    -1.1364558356319            0.3349370079110
    -0.4088020098119            0.7786200609804
    -1.3443329654910            1.7511782083813
    -1.4866218238342           -1.5055504032101
    -1.9319518357547           -0.5642820197948
    -0.0412458448772            1.1848273128887
    -0.8174443200185           -0.4803759688515
    -0.1060601439618           -0.3481320532007
     1.2637800902492            0.0246910053632
     0.7799957463017            2.0439483717428
    -1.1788422519161            0.9142886654116
     0.2339747946229            0.3142765101802
     0.6660191109262            0.4283783885933
    -0.0473385141388            1.2238192758879
     2.1188914690717            1.0643131805318
     1.8743226704502            0.1018025715513
     0.4815970132729            0.9084420268119
     0.7139958947259            0.2170881882268
     0.7632759662559           -1.5239803498825
    -0.1751482758765            0.0937512466458
    -0.0834761250945           -0.5284287470016
     0.6813517026660           -0.4217916206338
     1.7695426917919            1.3005127605199
    -0.4780600975334            2.2076389786653
     1.5372992686510            0.7953798227001
     0.8475249004039           -0.3195457873968
     0.2272690853986           -0.1646568667843
     1.1552264135027            1.7938572367238
    -0.0028363929710           -0.1397676092779
    -0.7238240652024           -0.2266366543530
     0.1271645264463           -0.9265938633684
    -1.0963223811736            0.0463648099369
    -0.4153031828409            0.0945037107262
     0.6931027548669           -0.4467114408817
    -0.2991650827472           -0.9620107263591
    -1.5362867341460           -1.2357620574335
     1.0710860388482           -0.9959355898657
    -0.8814579602659           -0.5055346054930
    -1.6080458207319           -0.4345051725385
     1.2737698880083           -0.1910147973005
    -0.0882352009767           -1.1256948917209
    -0.7639237436843            0.2728979932197
    -0.3084411336995           -0.0552593709005
     1.2600428657119            0.4927552730063
    -0.4406426954161            0.0541985023404
    -0.6607981459844            1.1350175983337
    -0.3471038125067            0.3074487184874
    -1.8281547466563            1.2299104219973
    -0.5959838467743           -0.2497219259998
     0.3085488702110           -0.0230082009648
     1.3634143014403           -0.8338781305076
     0.2899274593258            0.9489165016844
     1.5632650026021            1.1279704571916
     1.0825386959688           -0.3545161749116
    -0.4812831293420            0.8652287366282
     0.5312961921955           -1.2774892977419
     0.5002778669625           -2.1587879238802
     0.6781184483521           -0.4223042325584
     0.4705051282070            0.4190671622845
     0.5299077163751            0.0959289880676
     1.0385015351792           -0.7267930808689
    -1.2209782911076           -0.6761313434969
     0.8301244814104            1.1331090576620
    -1.1497696531044            0.6191372497600
     0.1121454545487            0.8248442185159
     0.9103095348457           -0.0038826189736
     0.0682566037352           -0.4439799924540
     0.2142703964065           -0.5781064458126
     0.8244300972775            0.4187801629925
    -0.3831145531383           -0.3029991198644
     0.4352628896711           -0.9757897819336
     2.1398618948724            0.1376497631022
     1.7326354749384           -0.1154579079217
     1.8522050997762            0.8196512478564
     0.4125484954116           -0.4652984162622
    -0.2972401323577           -0.0068026367603
     0.3924428998742           -0.8650280871968
