    -1.7982112680157           -0.7151760047546
     0.5294794555541           -0.5874761704439
    -0.9849365235976           -0.8536249993209
     1.9025917509094           -0.3639019916934
    -0.1456851412594            0.7322577559575
     1.5738633967072           -0.9348721366501
     1.3432406611451            0.1303736181474
    -0.2763001041086            1.4350683630219
    -1.3815457913026           -0.3372559813500
     0.3934534998226            0.5603325065373
     2.0752272675824            0.7336716217109
    -0.2840800083574            1.6957439330482
     0.0911328635903           -1.3712314831708
    -2.6143045227546           -0.4548145610472
    -0.2488759173265            0.7649380250611
     2.2032411182107            0.0418842347555
     0.3021353149548           -0.0703350751179
    -0.8446861337064            0.1409885138681
    -2.0785626204906           -1.1920766882020
     0.1021197547116            1.9168590633834
     0.2974461292987            1.0233128529541
    -1.2994653199404            0.3421982186659
    -0.4909763067338            0.0955220067267
    -0.1120415640506           -0.2970739965286
     1.0613825588049            0.2908082931855
    -1.9443760901603           -0.7940496941938
     1.7116066531651            1.3622649565622
    -0.8995319622247           -0.1828959419309
    -0.1513342403210            1.9741439017287
     0.4582111077290            0.5375041552846
     0.7157818878067           -0.7382216908351
    -0.3035573206939           -0.7392568691348
    -0.2388274557309            0.5911260121476
     0.3366700990772           -1.3865129778134
     0.9631553192566            1.3054339511806
    -0.3725741729083           -0.9616414348969
     1.2340943456663            0.7444147145646
     0.0313305740501           -1.2929522632702
     1.6655341683870           -0.6114363691219
     0.0299761781627           -0.0903208197847
     0.0413587815493           -0.0693213052382
     0.5115611184711           -0.1352421711763
    -0.3600431307846            0.3283003095551
    -0.1248075304096            1.2451015670645
     1.1021151694141           -1.0090813467631
    -0.4942226017637            1.2145940400581
    -0.2836124721306            0.1027122720187
     0.2476547307772           -0.7345667461031
    -0.5704148166713            0.3428330787920
     0.2991584905167            0.5904504453855
     0.6678814582983           -1.4103925838298
     1.4070760481552           -2.1789689373618
    -0.4794055580231           -1.6415149388963
     0.8579600557446            0.6777049077812
     0.9523986988928           -0.3122641888549
     0.0369583080850           -0.2779458717567
    -0.6423497154859           -0.0571496560755
     0.1862544921348            0.1983424236417
    -0.7325122077033            0.2598120756633
    -0.6888664735992           -0.3279934205578
    -0.1671445759288           -0.6025587295412
    -0.2981288052779           -1.3462281698369
    -0.3635036492650           -1.1719429371803
     2.4780161053726           -0.1048524611072
     0.8937296023730            1.4006831051941
    -0.1716982313768           -0.6342185419192
     0.5266350151859           -2.6343251111359
    -0.3555050288487           -0.4393406183838
     1.3677035372016            1.3685987096045
     2.5806543728525            1.0691356925208
     0.6674258028048            0.3721747677462
     0.5804295545116           -0.3686533272129
    -1.4344050800195            0.9336445605626
    -0.5858211018014           -0.6289795061773
    -0.8303128818486           -0.7477622761602
    -0.4671511175448           -1.2036786311490
    -0.0782567294727           -1.1769920033324
    -0.5747310949380            0.2354132828842
    -0.7205876961747           -0.9172647242748
     0.6864435271582            2.5689399141880
     1.0808177892907           -0.5488188326175
    -0.1965663433187           -0.1106286095661
     0.2997359641372            0.3617331620103
     0.1183782838499           -0.2781594302456
     1.5625572514327            0.5340843778062
     0.2725286199005            0.7817011989187
     0.5020325183106           -1.9324037860596
    -0.7973277277302           -1.4637843204241
     1.0652717240411            1.0371459540486
    -0.0580483190614           -1.4430903782368
    -0.3109221505722           -0.4141453625690
     0.2625589080301           -0.2516728192815
    -0.4445414479143            0.2955016339557
     1.0731326064803           -1.1496713076739
    -0.2293102579959           -0.2457117881171
    -1.2049105489080           -0.7910150580158
    -0.3118226457006            1.9890696212812
     0.2501912406837           -2.4562151359510
    -0.0441555624930           -0.7051996465803
    -1.0219195615450            1.4496943160761
    -0.3050597624062           -1.9546897845622
     0.0018618149707            0.7720462072572
    -0.0019543873866           -1.5055911125759
    -1.2991478600684           -0.8634688713517
    -0.3054641085249            1.7127811508805
    -0.2529484090590           -0.2025177557484
    -0.0904934557730            0.8562388374316
    -1.7979132262596            0.5963119372818
     0.4261053022464            0.6585746990258
     0.1012405792955            0.3764838890523
     0.2093388126167           -0.2452415430461
    -0.0766745178030            0.1530134588537
    -1.6555243286578            0.4783066912657
     0.3561107276947            1.6617323327623
    -0.8115268913720            0.7167765372585
     0.3766908573102           -2.1784917287923
    -0.2601496199786           -1.6488213724988
    -0.9447955870076            0.5204479526745
    -0.5493532451463           -0.5548025992330
    -0.7014942012967           -0.6500405544602
     0.3972515154594           -1.4873195102252
     1.3437409762704            1.4564071653560
    -0.3503906243845            0.4990161650347
    -0.7384175138702            0.1001949863436
    -0.7245477670951            0.2325154089296
    -0.8789306412794           -2.0097207666249
    -0.7874170604376           -0.6554435411450
    -1.0381571522520           -0.2823868449205
    -0.0954677644867            0.4822495456243
     1.6527238027253            0.2863689657993
    -0.8208386079230           -0.7313852149773
    -1.6226689771488           -1.2312935064043
     0.0541004969442           -0.1934407792164
     1.1061088083314            0.7873088911215
     0.9825767389718           -0.1239382670453
     0.3834483869143            0.2119264441047
     0.1290787353654           -0.9392208458014
     1.3741496204057           -0.6288281072943
     0.3710660800782            0.2441969531918
     0.2399567981267           -0.0501788799151
    -0.5979166051208            1.8245805353728
     0.1700035348653            0.1106662228583
    -0.3904776910589            0.2255224931404
     1.2787316115964            0.5797075450000
     0.4296202406156            1.2285660430357
     0.0130679904305           -1.3930997240627
    -0.4558115113893            0.1860466362131
     2.2409085359769            0.0674514966547
    -0.8500910468839            0.8068811448697
     0.2683737091346           -1.0899697602321
    -2.6299861789322            0.3245953954996
     0.5303976578801            1.7029859595290
     1.1651176331038            0.8334647136299
    -0.3703322332386            1.1728211118428
    -0.9445321755686            0.3214505083329
     0.3466062024590            1.4095720780640
    -1.5100098784831           -1.4011737625236
    -0.1736905549099            0.3455766950747
    -0.1669564895189           -0.2450228195414
     0.7094769487630           -0.0997418355639
    -0.9612701591659            1.6948530537433
    -0.4373470588568           -0.0907119112684
     1.0251124991917            0.2972162079958
    -2.0636722659975           -0.8149480354905
    -0.0571670744246            0.9709248024532
    -0.1593150716522            0.8577094595074
     0.8339080017031           -0.0301765521027
    -0.1667852794733            0.2390523599359
    -1.5559008933923            1.1517813609621
     0.5450927812942           -0.0568483501068
    -1.7045619723667            1.2740693791497
     0.2110110291111           -0.4425793180562
    -0.4714091840286            0.1241805202808
     0.5912328103446           -0.7603641271320
    -0.6475426965799            0.6402123045955
    -0.6318584818390            0.7879067663543
    -1.5714510598326            0.7310013382196
    -0.0288094620841           -0.7377776155521
     1.3011500310398           -0.9677118438650
    -2.3932921300338           -0.1991593009577
    -0.7081760162544            0.1512857853981
    -0.1513815687325           -0.2682160870321
    -0.8208832703705            0.4347856735873
    -0.6598030871275           -0.4243821131977
     0.1829143346385           -0.2535892671038
    -0.5066431324583           -0.0837691520834
     0.5842833010281            0.8291374886895
     0.5382657029274            0.0618324308906
    -0.0027385876432           -0.7552193164695
     0.8094040501109            1.6648824335847
    -1.2287319853828           -0.1497476566512
     0.0435421640152            1.1672491219157
    -0.7558972517905            0.3414575154371
    -0.2094601295466           -0.9561444245125
    -0.2617185374117           -0.1253046290097
     1.7183539913624           -0.3343718535978
     1.0250492664258           -0.3641127670506
    -0.7729004038167           -0.2888842081345
     0.2760944926239            0.3323376228960
     0.1446095935012           -2.0696639820335
    -1.3540258484878           -2.1467999790205
     1.9547434146003           -0.5329001764686
    -0.6062798909754           -1.3982283814713
     1.0658287888329           -1.1397201356185
    -1.1369067354522            0.1176337458704
    -0.0361081021327           -0.0570439692952
     0.8634599455986           -1.5618394553508
     0.1530518508492            1.1814001269925
     0.2714412533420           -0.1225396214998
     0.1628765025971           -0.0965067396025
     2.2486116859415            0.4565596887923
     0.1055593830053            1.0334410764793
     1.7576515273208            0.3502876830460
    -2.0997485202394           -1.8768786529559
    -0.8547961193821           -1.1600729163097
    -0.4441346895964            1.0503516377928
     0.4295472954058            0.1871971239191
    -1.9769759856052           -0.3631710407562
     0.4900808439884           -0.6613285099561
     0.5435929294866           -1.1261988101984
    -1.3083001144227            0.9235846327612
     0.2486920079585            0.2163316315832
    -1.1337004174622           -1.3305258747628
    -0.6741371219922           -1.1433151392323
    -0.7179746869839            0.8845369074549
     1.2321609168208            0.0116242502791
    -0.8213222930685            1.1638090177395
     0.6138908859828           -0.5903863293171
     1.7260633571554            0.0820265615007
     1.0266193586888            0.6469554361342
    -0.7838482096515            1.0991766091256
     0.6679132786816            0.0441608666219
    -0.7918781304391           -1.0244575796798
    -1.5550816957079           -1.0757299336193
    -0.7467378102938            1.1053702555953
     0.3570827347860           -0.5527739944356
     1.0289693947472           -1.2303147796422
     0.4658788315697           -0.6664852859272
     0.0413992967043           -0.6479656825375
    -1.3198961866826            1.0141023830988
    -0.0763099776410            0.3747684603024
     1.4003791703569            0.2730417952477
    -1.0904671507972           -0.6062341108873
    -1.0285449493909           -0.1611122039537
     0.2397301594638           -2.0698857060700
    -1.0139176091884            0.5573150161056
     0.6237488753774            0.4907308034514
    -0.0654751880813            0.8876486632345
    -0.7801291452006           -0.8293236215080
    -0.7794872394271            0.0329654137707
     0.3428100502235            1.4863406101286
     0.3194262001308            0.4774966952792
     1.0069522451123           -0.9003160584188
    -1.5985756632355           -1.8932629572600
    -0.2226725050338           -0.5140698733303
    -1.1465926294250            0.4740347630676
     1.0547361516755           -1.2921361496583
     0.0497747048867            0.7412720184244
    -0.8556517694931            2.0598207103932
     0.1012972136855           -1.5733028958356
    -0.4210232925451            1.8818088471276
    -0.4731209472996            0.6796492570470
     0.4178662592010           -0.6715321397299
     0.4031687673818           -1.4903130299094
    -0.7456723613524           -0.4624356729777
     1.7559394435157           -0.8437855186674
     0.1981591384478            0.0194428891664
     2.0310915435882            0.1359652139794
     0.1962715090250           -1.1569617511251
     0.9651036011893           -0.0845229353108
     0.3612253244524           -0.0026102511139
    -0.0974737545514           -2.1587859537163
     0.1750629418068           -1.6200545785235
    -2.0300151491000            0.1291805116583
    -1.0616096884033            0.6706338212226
     0.5580003329973           -0.3344828733761
     2.9093587042367            0.6053953633003
    -0.6137496846492            1.3078537664913
    -0.4708924872476           -1.2045479270072
     2.2334726481952           -0.6033738807605
     2.0859797842471           -0.7932120493586
     0.3268267690750            0.2147193677559
    -0.3328607284978           -1.0962732430647
     0.3700257712718           -1.1153974222808
    -0.1490838756005           -0.7211092454222
     0.8651279136067            0.3421446006122
     0.7568782329047            1.5754364351733
     0.1751655692598           -0.8827300640876
    -0.1872515186727            0.6274930835581
     0.3121508299796            1.0171992301300
    -0.9298033019296            3.1578423393729
     0.2445824315527            0.7381257625639
     0.1874422190442            0.0041832285798
    -0.4982876757457            0.6263268565359
    -0.7121268918505            0.0834626197578
     1.1341550458313           -0.4124049840328
    -0.9432505358906            0.1333763058273
     0.1912161059488            1.4076746960437
     1.2676367520480            0.5353776654258
     1.4774331250646           -0.5815540335354
     1.3687517088544           -0.4863481144967
     0.5841199481656            1.3408662884580
     0.7842340743190            0.9730842259202
    -1.4159596390997            0.3341429192267
     1.0269742982960           -1.6957946106825
    -1.9646715460216            0.4835712860628
    -1.0835489567752            0.2632813345104
     0.5348694088024           -0.8681498638164
     0.1929152494680           -0.2356722086499
    -0.3312050130044           -0.5281852467058
    -0.7162105442895           -1.0741521105293
    -0.1886986039672            0.8036238217504
     0.0874642937364            0.7229767607170
     1.8517924712817            1.2042049994164
    -0.1208641989065           -2.8651590590412
     1.3419871249179            0.2348173886824
    -0.9693522020144            0.1318519316631
    -0.1267099317494            0.9781075013211
     1.6664944218563            0.3987130317017
    -1.2156660174333            1.3819241047484
     0.9351584558141           -1.7605487796068
    -1.5535303444109           -0.0151548050661
     1.1556699912153            1.3956513371540
     0.5406784366075           -0.6690928318636
    -0.5556228176056           -0.4868232087697
     0.7765240890473            1.0635833929430
    -1.4454513884451           -3.3652780515928
     1.3721837724655           -0.9950094717217
    -0.9849144726582            1.1733576668257
     1.1053282795156            0.6338213694168
    -0.1732044369065            0.8956110874609
    -0.3346451096655            0.0481034039516
    -0.5018730627832           -0.5458223259508
    -0.5247357374971           -1.1501358981950
    -0.9304944854448            0.5358458437076
    -1.4665819658894            0.9462381926922
     0.8646284135927           -0.6872090465372
     0.5286554028953            0.8476746304695
     0.8812756221821            0.4756706516605
     0.1853783723797            0.7131860848170
    -0.6665586919284           -1.5583374982779
    -0.7631679592487            0.3905814071151
    -1.7873161935362           -0.8751765870467
     0.1630379210702            0.5421365801023
    -0.3674226798300           -0.1705003166995
    -0.9568280037888           -1.5733188796180
    -0.4852951610541            1.1879844246940
     1.2941762264131           -1.7526209897451
    -0.6078570673591            0.2189612003894
    -0.5959803415682           -1.1063136262316
     0.2248583580693           -0.6944799264807
     1.4582710265319            0.2727707443673
     1.1677955102946            1.1775502615516
     0.7289134449176            0.0921379844249
     0.1624934035424           -1.3106527416500
     0.6403097899674            0.0763773909774
     0.3549810814392           -0.6144780449560
     2.1689651551998           -0.6941211119229
    -1.0105129340437           -1.5488282561456
     1.6954328161436           -0.8707292641031
