     1.2568918060698           -0.6868964535612
    -0.0254265321078           -0.9813499021596
    -0.9763330018765            0.1468325221803
    -1.4110860922425           -2.0962708628559
    -0.1898992130874           -0.4862118047326
    -0.8789797995614            0.3577824161872
    -0.1269999290916            0.3264754363272
    -0.8477348338936            1.3037377479169
     1.0134600587435           -0.1220265319747
    -0.8148110986953            0.2574043111856
    -1.2051886153209           -2.0536103795688
    -0.7110954381410            0.2728362070565
     1.3867327648050            0.6405098822886
     1.3636678331885            0.4338748930659
    -1.4085758609309           -0.2930957130590
    -0.8878692133816           -0.1734424556977
    -1.0969814185109            1.4566890278886
     0.8069169300201            1.5342771151530
    -0.6270257420649           -1.1800952858308
     0.2493676437777           -1.5212383764776
    -1.2312077784382           -1.0902153390586
    -1.5420436035748           -0.6288759538052
    -0.4654916288340           -0.2496250731354
    -0.1628337404556            0.3579713045930
     0.6318274017488           -0.0225128883309
     0.9980262245620           -2.1298953241589
    -0.2002711864339           -1.4840816133620
    -0.1088200867159           -0.4321156019610
    -1.3885508927048            2.1296631231254
    -0.2503269928397           -1.4728045563731
    -1.2838211691506           -0.1300073475802
    -1.0888261071113            0.8673320634160
    -0.3828087511162            0.4723847003730
    -1.3843539329831            0.2502119337715
     0.6161359553394           -2.7155630074368
     0.8952621666619           -0.3935088162648
     0.8573864959877            0.5910323139139
    -0.7372071317526           -0.0897471212320
     0.1537179484719           -0.8512644738527
     0.6515100638815           -0.5036719947173
    -1.4456757111810           -0.8741800809982
     0.4999446574981            0.2365031389959
     0.7884222488155           -1.5396914530494
    -0.5638767795679           -1.8929806689434
     0.1218634793153            0.5664621221246
    -0.6050445918680            0.2537109329345
     0.7381502881913            0.0747835722824
     0.9162025387333            0.6752468658695
     0.3246590353812            0.4733564136242
     1.5700779862267           -0.2280881299897
    -0.8668734479468            1.8085117429163
     2.1022745055852            1.1616333632170
    -1.2787758242662            0.1054808942310
    -1.4275038257069           -1.0943881859357
     0.6421505436941            1.7232276815926
    -0.2711877771089           -0.7858246650673
    -0.2077579794830            1.8425047492922
    -1.3340754865341            0.3465651244310
     0.0532857781269            0.3261169883660
    -0.2649667933972            2.3341452196559
     1.5215147080380            0.9040030568253
    -1.1842176762308           -2.1183679581762
     2.1875510007305           -1.7305515686961
     0.4707758902334           -0.4888503100747
    -0.2131140934515            0.7459578251692
     0.0039491248276           -0.2153914161283
    -0.2526341503705           -0.5558439716410
    -0.4388612288186            1.0883973871417
    -0.3408998441763           -0.2646086776192
    -0.4814578223911           -2.4220107476982
    -0.0749650196443           -0.4715890119088
    -0.9337979185754           -0.2396843759330
     0.2256850695872           -1.2730997078302
    -0.3957133244632           -0.1358425956090
     1.5626399552231            0.7627777996928
     0.2289849950153            0.1031225253895
     0.3673366614751           -0.7697020770185
    -1.1428762497970            0.9375709322458
     2.0622112251892           -0.1909435399031
     1.9837548554068            0.1651804348163
    -1.9079301424487           -1.0369404011879
    -0.6696882736078            1.2747984647202
     0.9093548789927            0.9337549878215
     0.1610407026827            0.6156075916539
    -1.0072852474348           -0.7280745299044
    -2.1486060769802           -1.7014995826802
    -0.4165556705366            1.6898040542438
     0.6715039848170           -1.5876892088814
    -0.9860896512429            0.6808678850827
    -1.5012963051156           -0.3327082546255
    -0.1100090125866           -0.3859850779349
     0.4001238590843           -0.5376182114859
    -1.8182114485918            1.5216160375033
     0.1526776011257            0.0145453529979
     0.6075102162451            2.4472711372672
     0.7548473842079            2.0308252657492
     0.5058564406893            0.5066646208639
    -0.1419714921752           -0.2820558248871
    -1.2192749871902            0.5993214571904
    -1.0162940671666            1.3212805611629
    -0.7431791306990           -0.5712481768054
     0.2463371506208            1.2942566030627
    -0.2596402612523           -0.6639213146761
    -1.4383202264809           -0.7674756699255
     0.8920995448290            0.3081953821690
     1.9071995766871           -0.2625311725853
     0.1281127659165            0.7408983100963
     0.6020381115766            1.0438744177707
    -0.5412003828289           -0.3922193470769
    -0.9414295968774           -0.0635431358195
    -0.1658419536650            0.0551956067095
     0.1325514219172            0.1088890545238
    -0.3567869913206           -0.2123756928886
     0.4761462706312           -1.2858374343194
     0.1864847224544           -0.0780642793436
     0.4261977295939            0.2825437733057
     0.4974804214497            0.9296178141905
    -1.2467159018899            0.7034021536882
     0.0487838602505           -0.8793611890828
     1.4809902186802            1.0783198833411
     0.3047489677550           -0.7426734295451
    -0.5221757427969           -0.3020102972389
     0.0161422582449            0.5795418264180
     0.2595075095870           -0.0500277654459
    -0.2689830954651           -0.3700949802537
    -0.7884064067559           -1.8588225542232
     3.0310063334707           -0.0485288074325
    -0.2909809845469           -0.7164582565867
    -1.1131551259358            0.9869199975589
     0.0806323916317            0.1059403728694
     1.1585246948918           -0.4526157770437
    -0.2847999159065            0.6163833675331
    -0.6383912305420           -0.9191883914640
    -0.3342161342612           -0.8599366628690
     1.3298857752687            0.8382272702054
     1.0801137036479            1.2825610864412
     1.0303799461891           -0.7635936906820
    -0.4356453511482            0.2435879789295
    -0.1243134648618           -1.4807133816110
    -0.8478833745405           -0.5265059107210
    -0.3384270525906            0.8226395524792
     0.2649032231952            2.1978015341308
     0.3263174185800            0.1871769555543
    -0.3880015937181            0.5854262989919
     2.2015908629316           -0.0855054411246
    -0.6535095921594            0.3890435448994
     0.2609653797377            0.8649755086158
    -0.7095394770935            2.1810532421646
    -0.5061929422824            0.3399062587265
    -0.1964478983965            1.6515327683939
    -1.5049876161716            0.4588082436937
    -0.1307494115417           -1.1088307730919
    -1.1277985656658           -0.8037659292368
    -1.5078890828789            1.1626999720804
     0.0727830857799            1.9652573316686
    -1.9128839119727            0.8302025850134
    -1.4240392330903           -0.1128060700209
     1.4652875462491           -0.7223788769979
    -0.4825009309514            0.0887444115987
     0.8047720680534           -1.1388656641623
     1.8407892185849           -0.4264924779322
     1.4930940788389            2.5346465061985
    -1.8836289920323            0.4392440971061
    -0.7992604447769            1.1226448712141
    -0.4110717428657           -0.4074969772684
     0.7094673447905            0.2111992168813
     0.0090429803749            0.0798614440019
    -0.1066031406044            0.0051729504216
     1.1768494326576           -2.4714864449984
     0.1154128163318            1.3169510553819
     0.3696707252685           -0.7442171067168
    -0.8897913989931            0.3344833524313
    -1.2815098205170            0.5234584731525
    -0.4050204692236            1.0360013153401
     1.2509208668070           -0.7796961082487
     0.7885806157071            0.4768885977490
    -0.1517831766894           -1.6150966264090
     0.4654089058740           -0.2549618982102
     0.5326290834982           -0.8939064016536
     0.5694855615510           -0.6541356311238
