    -0.5691378830739            0.9705178458326
    -1.2945434705332           -0.1341976043418
    -0.3622958490816           -1.1288475560294
     2.4224769676891           -1.1577120101711
    -0.4762646638951           -0.6321130280747
     0.4470574254689            1.5058634699659
    -0.4439930842671            1.3191213141633
     0.1075607789274           -1.1011942190138
    -1.2763864821114            0.1624322248722
    -0.3453911710945           -0.5892488115013
    -0.7013286793490           -0.6845917895952
     1.2483538291821            0.0240118699907
     0.1819318378173           -0.7404770197787
     0.0885417725909            1.3080759510144
    -0.2490435107602            0.8250989254682
     0.0474314859232            0.7407032309421
    -1.1982834669722           -0.0016067985792
     0.0488019865104           -0.1254329383950
     1.7564640440133            0.9911069077130
    -0.7213060804196           -0.5294181075747
     0.0269149998364            0.4462611000703
     0.0809850731465            0.5174840481014
     1.1712154099308            0.4306398233979
     0.9938662284672           -2.3850518217753
     0.4597288645009            0.6972197563331
     0.7356018882435           -2.6441709759242
    -1.0138592388722           -0.6512625468628
    -0.0223871933251            0.1635545061282
     1.5857291872893            1.7572375042611
     1.0637582268928           -0.8394458082739
    -0.9944998442098            0.9219452570123
    -0.5407025000568            1.4457805408095
    -1.1249404600704            1.2324874598287
     0.3058729709361            1.0869687807766
     1.4521578420906            1.0327599597921
     0.3449988262017           -0.4129673978594
    -0.3793429339702            0.7080966759912
    -1.5799462183449            0.5492424318660
     0.1557062586046           -1.2390770191179
     0.5407815973003           -0.8917120594619
    -0.0330768735558            0.8550336300949
    -1.6010124507584           -0.9872471604112
     0.2294225069301            0.7887688827404
    -0.5835258218486            0.5785461178447
     2.8942771934068           -0.8377128844836
    -0.2506881753874           -0.3698297075609
     1.4776921042366           -0.2255552896520
     1.7751465079419            0.0265219341237
    -0.2909675820652           -0.0445852238160
    -1.2201611689638            0.0135861391551
    -0.1317102759346           -1.0298842379325
     1.6989486233861           -0.8587505287167
     0.5151757367835           -1.1058555463430
     1.9677646335459            0.3351559283512
    -1.8472007217443           -1.8528380903951
     0.0643110709314           -0.4304518074867
    -0.1988940005590           -0.2984006689822
    -0.2298166768071           -0.0052099302958
    -0.3152411401913            0.7906892296344
     0.6888962356610           -0.1043690562770
     1.3402142841316           -0.0545011629951
     1.4559360739587            0.6114039551651
    -0.2127501502483           -0.1751993042777
    -0.9616252907411           -0.3656545055615
     0.4275442502271            1.0690986048898
     2.4016943042662            2.1166428545953
     1.4373328994131           -0.8794428216451
     0.9509226890955           -0.3473806513941
     1.2686571833194           -1.1162419894905
    -0.8214405179309            0.8554974752777
     1.0758471185314           -1.6432530539624
    -0.3600142807451            0.0683279950965
    -0.6123161198329           -0.1141337781508
    -1.3583484842546           -0.7478205254205
     2.4850224981593            1.0143105900256
     1.6627945942948           -0.1296274046905
    -0.4252410209710            0.3271240654799
    -0.6491263091386            0.2893564875876
    -0.4770554560432            0.4602481945814
    -1.0092455492226            1.0590030884907
     0.5764609891269            0.3210607849849
     0.8415185706176            0.0223817288112
     0.3543017939884            0.0610626174431
    -0.9512204897941           -1.7921401145023
    -0.7247380584898           -1.8825945527478
    -0.3491199507850            0.1716006509225
    -0.2539215901762           -0.3641244801592
     0.3356244342861           -1.1168172558116
    -0.2472315314980           -2.2840971729946
    -1.0404917448555            0.3158794155612
     0.0592888603251           -1.0275841478316
    -0.6316170655752            0.4596197705046
    -0.0195745645895            0.1378253279496
     0.4490629936041           -0.6463146207422
    -1.3698139328476           -0.1020745235565
    -1.6299654353398            0.6310260829255
    -0.6509161467685            1.4460411429799
    -0.0265234471462            1.3064750457752
    -1.4899246864935            1.2329064413691
     1.5959166135243            0.0749477097164
     0.0522137996410           -0.0970720399956
     1.0882966650954           -1.2614615150568
    -0.6832951934013           -2.1485199966372
    -0.8718507374966           -0.4549646679921
     0.2470947805828            0.8579099639228
    -0.6502873259185           -0.7367869682761
     1.7048091507489            0.1063710738777
     0.5993090658438            0.4997758974202
     0.0844425152067            0.4797258924079
     0.0021726774315           -0.7900057017535
    -0.5130934762210           -0.2164122976265
     2.0365537005715            0.1735970112779
    -0.5025340885297            0.4848424304227
     0.2876433234613           -0.0078715769988
    -1.6907259855350           -1.1743474615547
    -0.6287555334036            0.4882802289807
    -1.0088765777424           -1.1841415561117
    -1.3736713858983           -0.6401826368928
     0.6452484364060           -0.8009690128341
     0.0959191059049            0.2924552447970
    -0.4228960048712            0.1449383958165
     1.3662767795903            0.3786178730254
    -2.7594051107250            0.9437937450393
     0.4592296815797            3.5616370299090
     0.1032828792461           -1.0223624701214
     0.6164538855943           -1.7642109071652
    -1.4918612809823           -0.2624824166478
    -1.2123023125177           -0.3822008067834
     0.5185265368156            0.3372914044443
    -0.7020105700756           -0.7513223357179
     0.9652305606600           -1.7416556633125
    -0.9421721274185           -1.2210648448634
    -1.0553773559746            0.7129088380946
    -1.9380763292126            0.3001843188424
     1.6754323462451           -1.2833613163424
     0.3113058724158           -0.2135521197551
     0.2204367854165            0.7805627357721
    -0.3618613173194           -0.1440973108433
    -1.3382082980834            0.3771517677048
    -0.3853875698026           -0.3810330680533
    -1.4010171549428            1.0451199886529
    -0.0106753716973           -0.8946547124341
    -0.8331970307485            0.2508891994272
    -0.9115381574102           -0.2440224137843
    -0.2885980110805           -0.5214399981672
     0.0121852134542            1.8453512557297
    -1.3049981401900            2.6194930826944
     2.4569923844247           -0.2292821082742
    -0.2487264062320            1.9140341884163
     1.0129682476091            0.5390010479135
    -1.4890220642808           -0.8798168038673
     0.1655372373200           -1.1678906753192
     0.2637045915302           -0.2659583697207
    -0.9231990905120            2.8275914116939
    -0.0044518386295           -2.2710611552419
     0.8788492151275           -0.0306372670643
    -0.2223226138355            1.5033624158039
     1.1646031283282            1.2422729767432
    -0.4760119653952            1.3599044002857
    -0.2278823550584           -0.0795729845141
     0.1004618929657            0.2602638364966
     0.6584925707017            0.2909295115828
     0.5052298415646            0.1586119684729
     1.7256047014242           -1.5611241360398
    -0.9378882478034           -0.5725225428476
     0.6669407584848            1.5850454840463
     0.5692837355584            2.1571070578670
     0.9852494674344           -0.1083917219656
    -0.5198845002706           -0.6589090744711
     0.3049873560284            0.5049653605784
    -0.1367085222316           -0.4700526606036
     1.5105125603127           -0.7010686051609
     0.1382316981125            0.2456062705706
    -1.0734861423911            0.1670311723560
    -1.6394249863132           -0.2520739062075
    -0.1857501910296           -0.6925695882315
     0.9917135542326           -0.8822396439435
     0.5522906873761           -0.3038520036549
    -1.2530077138499            0.1615023483265
    -0.4086823328391            0.0732076019280
    -0.1989367137162            1.2889704962040
     0.0316449227855           -0.5427372050901
    -0.0450587187154           -1.1300748932354
    -1.0856616486781            0.0738343819679
    -0.2191520271481           -0.6123269398386
    -0.6092343184414           -0.1128785641256
     0.8059390542401            1.0761677676535
     0.7115428624778            0.2421940803616
    -0.2795462625910            0.9582413102178
     0.6110970334532            1.6689314145981
    -0.4947969377107            1.4721221952511
    -0.5735525695964           -0.0164723899719
     0.0378381792196           -0.6724860040296
    -1.9817587271486            0.6385621366708
    -0.9822364095018            0.7499483416036
    -1.2350807274671            0.1848491016612
     0.2887082027151           -0.3332738288714
    -0.9145233897337           -0.8282331180255
     0.3461291355885           -2.3222756055841
    -1.6949822903089            2.0989353158151
     0.6357343521463            0.9408946072343
    -2.3347537090458           -1.5777158335839
     0.7839721920472            0.1369005892326
    -0.9623625828557            0.7945669393135
     0.8459863589646           -1.2255931546759
    -0.5026501254111           -1.0967844752324
    -0.9263048183725           -0.9457010621440
     1.0609685327867            0.0975535237662
     0.6292002758511           -0.1783054285355
    -1.3195481689743            1.6454252369625
    -0.3649817397648            0.2827395136499
     0.0457351549731           -1.5867236466411
     2.3289139574876           -0.3674731665476
     1.6804272755107            1.0191527136565
    -1.7979323875066            0.5682752592099
     0.7742383006350            2.2366658282015
     0.1325222181971           -0.1778984207312
    -0.8003629796468           -1.4228301071325
     0.9968578177243           -0.7311971584487
     2.0821003860794            0.7060918948772
    -1.5681119576964           -0.5004314087579
     0.8964640231266            0.5738999528111
    -0.1359903644946            1.0282373496657
     0.6509405669220            0.1220772083652
    -0.3233121937387            1.8885530572435
     0.6694154390990           -0.3699293414376
     0.7203525810262           -0.0878864952861
    -0.4117133679457            0.7720228003033
     0.6513923478917           -0.5474954267291
    -1.1105577034420           -1.2472793222539
    -0.9519736623692           -0.3035718994813
    -0.0705245662515            0.9002306361764
    -0.0588690437760           -1.1478259729529
     0.0754823804807            1.7241612229118
    -0.7002436446413            0.7358797136705
    -0.1553609813473            0.1037660536658
    -0.8779955294704            1.2181816307830
    -0.6487243087919            1.4415847090473
    -0.3263085524881           -0.4992500289643
    -0.1742550209387           -0.0298117103584
