    -0.2138190574494            1.4151339420507
     0.9526661425252           -0.0034514122625
    -1.3737734451575            1.7100734646577
     0.6763862050251           -2.0142442965326
     0.4128133345508            0.3359615860288
    -0.8357515388879            1.0435626163233
    -0.4142579981444           -0.2858439933898
     1.1674997078559           -0.1049479320525
    -2.7397161524522           -2.3189266333308
     0.3894529795731           -0.8347779801809
     0.2333275471548           -0.3659339225529
    -0.5286283722495           -2.2761310372703
    -1.2204829580426            0.8675328142681
     0.3494534356150            0.4780983603752
    -0.7704407023159           -0.5807923774127
    -0.3274932780596            1.8176006086899
    -0.7057151425152           -0.2292164900226
     0.4133276399390            0.5619307706652
     1.5766515913773            0.5202900334176
    -0.3072731919325           -1.6984626243813
     0.1670792775009           -0.4034764852538
    -1.1377186024319            0.1672363732700
    -2.1666179296954           -0.8865763739637
    -0.8315681119389           -1.3953863499229
     0.9302553491377           -0.5556081865794
    -0.1211079513337           -0.8581178934731
    -1.2515230354908            2.0963973917320
    -2.6267773923481           -1.1449974325648
    -0.1719075895793           -0.6559171523224
    -0.0425635274203            0.4097086163834
    -0.0549520677468           -1.8538522473889
     1.0139876529945           -0.8436413320102
     0.5968252253944           -0.6487332263814
     0.7168510771252            0.1051537159873
    -1.0536124897297           -1.0973610027153
     0.5785100784475           -1.3138937553384
    -0.9686414209223            0.0833931054682
    -0.2014006393947            0.6718765191394
    -0.7921601747774            0.3573808976706
     0.4180178419293            0.3362714215966
    -1.4529644925303            0.5583226000599
     1.1819292978160            1.8027652861815
     0.0340193047547            0.6852579844116
    -0.7012550915531            0.2993215110908
     1.1509500319204           -0.1036342813215
    -1.1608340665762            0.8224566191630
    -0.6743313103115            0.6101554285926
     0.7678707017946            0.3506733735448
     2.2153715674835            0.0078409224572
    -0.6134163755210           -0.7520005026776
     1.0893022600579            0.6698566836009
    -1.6645014543703            1.3465227844964
     0.1686479902428           -0.1760548638781
    -1.1421738832103           -0.6364012936088
     0.2352614402333            0.1901346255608
    -1.5291371910429           -0.3559719712604
    -1.3578668416199            0.4834524271164
     0.6729458906418            0.1127689549571
     2.0279787479897            1.4096291278409
     1.2357042248663           -0.8901703238272
     0.4187066024999           -0.5937224496219
    -0.4559946544162           -0.5014745610840
    -0.8203124414723            0.7464223646912
    -1.0023679069144            0.6259342313450
     1.3258155067034           -1.0080138139189
    -0.4028318100528           -1.0070189890057
     0.7026585893866            0.1550042924184
     1.3454555715632            0.7466404153457
    -2.0113119078504           -1.2820363279127
    -0.5357368487574           -0.5975088460890
     0.6192598368462           -1.9074014380597
    -0.1383000919434            0.1521789566374
    -0.6716529006098           -1.2286146558638
    -0.1869540769896           -0.2368350924307
     1.7934080756411           -0.2777217196943
     0.2669736211869           -0.2172412066339
     0.1044561873956            0.6860631162208
    -1.1140460847927           -1.8113860643684
     0.4513232803408            0.3545782541005
    -0.0178565628640            0.5730243421233
    -0.4115173961014           -1.1776106054357
     1.5687945396820           -1.0656527214679
    -0.2962448199673            0.9309135750967
     0.0948065887582           -0.2457520310574
     0.5022174961886            1.0428780870625
    -0.1934104830770           -1.1759975658522
     0.8334003785551           -1.7721115211970
     0.5520058344564            0.5137102539094
    -0.1624033703189           -0.2453894155545
    -0.7820739756677            0.8652409037595
     0.4348896808955            1.5211183219158
     0.7359469617787            0.0576262087894
     0.6165959404910           -0.2096361432111
    -0.0717699204628           -0.6723076051598
    -2.0724232399395            0.0780451020820
     0.5117385633305            0.5894890220694
     2.1463027127477           -0.4310074685095
    -0.9810065638597            0.0779189519682
    -0.2949698367186            1.2483028109965
    -0.8954677301005           -1.4732221356128
    -1.8078217538289            0.7206120491607
     0.2768550398536            0.3719722606699
     0.0863331027610           -0.6403784717785
    -0.7941068745411           -0.9181978119068
    -0.4508964117077           -0.2295392648243
     1.4228312074515            0.4302990147074
     0.3744388706200           -1.7876530933440
     0.8522188185976           -0.9572966611949
     1.3497848863173            1.3734327933189
     0.5144893932782            0.1661117902523
     1.5153040816599           -0.2360801033008
    -2.0485225886167           -0.4547298473860
    -0.5076856762818            1.3531611493280
    -1.2791125026272           -0.6973285442234
    -1.3341521047838            0.4631325073876
    -1.2331077362025           -1.4287414812461
     0.0983170206113           -0.5133294654208
    -0.3604628281508           -0.8987128388376
     0.6416013130417            1.9762466904579
    -1.0656742452668           -0.2369521920799
    -0.8245918812068           -0.6374518725732
    -1.2917606852317           -0.0996881671842
    -0.6263324830864            1.5985744489385
     0.2477716913548            0.7435122104138
    -0.8408150101341            1.3388920914011
    -0.3256374618028           -0.7877466023191
     0.3542790263479           -1.3675270741810
    -0.9186499077188            0.0840330003181
    -0.4903582242668           -1.1167138766924
     0.2644972121692            0.1751756461273
     0.9116122214628            0.2358086146962
     0.4069358011374            0.0560071841860
     0.7984356427723            0.3505896710861
     0.7712505928357            1.1599661040678
    -1.6132864932867            1.2766914017050
     1.4155172741407           -2.0943174755481
     0.6500022042389           -0.0770405709088
     0.4917383205012            0.1003206365979
    -2.1667956359060            0.9606271320585
    -1.5884801158472            1.5261757757066
     1.4460491876961           -0.4605319598691
     1.2435646262235            0.0943145810901
    -0.4137587321673           -1.4621375405470
     0.9580625024086           -0.7908485743923
     0.8319226524208            0.4102749856679
    -1.2118381219453           -0.4956230511717
     1.5999140588823            0.0235646777273
     0.1033213176447           -0.4838987796808
    -1.7714409236139           -0.5452740069449
    -1.2084180956452            0.0549911957195
    -0.3308588063881            0.1214934347941
    -0.2608354601022           -1.5256231216290
    -1.0921214199194           -0.9141059876640
    -1.1051242944228            0.6094410134466
     1.3341605144432            0.1351024757247
     0.2952912571270           -0.3009683047506
    -1.2924584031895           -0.3185481791802
     1.3780885442283           -1.8862709286722
     0.4394845037193            0.6421376515386
    -0.2899073678850           -0.5026907449918
    -0.4679206993973           -0.0944104519625
    -0.5662471027301           -0.3413957906246
    -0.2759257995760            0.6143549048218
    -1.3150420795024            1.5066486083121
    -1.3257817743910            1.9490188660112
    -1.0007353121741            0.3863791487051
    -0.4914541915614            1.5107018215596
    -2.5064086521580            1.2541977535290
     0.9769240315309           -0.0508446493540
    -0.8197102757737            0.1819425879862
    -0.9837252075496            0.9505574617888
    -0.2109521717288            1.0092468101178
    -0.1229472441099           -0.6598070350339
     0.1545533894234            0.6310534198119
    -0.8740313969484            1.1546141478434
     0.7563952987590           -0.1099607464478
    -1.8932780056232           -0.4579881549834
     2.1957362293945            0.3999579679711
     0.4904574933603           -1.5597313516948
    -0.4375725807531            0.9517478441980
    -0.4609823517949            0.4298177205088
    -0.1349335220091           -0.4150236375006
    -1.0662424022881           -0.1253245941233
    -0.6647794543776            0.3533405980851
    -2.1827982697368            1.2219273177052
    -0.2342096865707            0.0983863720366
     0.3234892452630            0.0267880341047
    -0.2881256974121            0.8802365172465
     0.3929837604050           -0.8150507143159
     2.2109279056817           -0.8999252331643
     1.0301901744809            0.4788936349991
    -2.2561279922960           -0.3188519572905
    -1.7614477436303            1.1993432986529
     0.5487226035484            0.5029310449524
     0.1030618207655            1.2381461575984
    -1.6623708824576            0.2147171663147
    -2.0078124923590            0.7026281576942
     1.3351768391576            0.6743091647846
     0.5505233577520            0.7413319440124
     1.3397493591923            0.7907695739964
    -0.5149921146064           -0.1124527420136
     1.9278052975398            0.1114352768136
     0.6446255207915           -1.2140700441401
    -2.0219904615950           -1.6299600094371
     0.4562693245011           -0.3882621217265
     1.1152987548808            0.9781974923952
    -2.4233926195892            0.6218576338155
    -0.6987514746184           -0.4563946888009
     0.1268026664906           -1.2784750198630
    -1.4750502115970            0.9073077455821
     0.7149278056478            0.2775546373075
    -0.5085041450542            1.5953142823771
    -0.7472586286345            0.2946174122654
    -0.6239744048481            2.0168590859231
    -1.7914471476233            0.4751610498800
    -1.0076902319781           -0.1406196886481
     0.7679402708093            0.1527473673718
    -1.3152688532344           -0.1185777065586
    -1.5981357278858           -0.3753752922060
    -0.0782474116168            1.7071387463995
     0.2154516221536            2.2240214675961
    -0.2958727691453            0.3796597337687
     0.9728147724569           -0.4706600923653
     0.2036214089155            0.5597754743861
     2.0182223018200            0.3669262598784
     1.4369068834703            0.5791575459684
     0.0290299548332            0.3489884123239
    -1.3326832262624           -1.1374126248819
    -1.4758561694984            1.4525806361302
     2.5196037687733           -1.4023704005612
    -1.1842643891843           -0.5341790376361
    -0.0527930888793            1.2168485619899
    -0.0924831401395           -0.9866243748565
    -0.6223553770594           -0.5112108882753
    -1.3359498915771            1.0036246101828
     1.0810781737553           -0.5033561087301
     1.2886521697152            1.5938586095377
     1.1360017138813           -0.3959889135237
    -0.0412571825866            0.0288964370156
     0.1063100918250            0.6914833701065
    -1.0093266324628            0.0479079618985
     0.5695199821138            1.9548160255893
    -2.1814797648073            0.2058197702000
    -1.3311069619677           -1.1301961344321
     0.6158660860392            0.1224664080414
    -0.3151218567835            0.6228048772494
    -0.0122931656414            0.5152449021447
     0.1955837836889           -0.3922661777729
    -0.1504284774789            0.8652836083307
     0.3206666123908           -0.2483590858709
     0.3470136589118           -0.9040887653703
    -1.4029917458066           -0.0468309502105
    -0.1835340853010            1.0796967673146
    -0.3447389218934           -0.0961538819950
     0.4249919050651            0.4292486087607
    -0.1947053701854           -0.4927170493638
    -0.3325127546018           -0.4103579269878
    -0.6344250696948           -0.9251334465155
     0.0617585171131            0.7606259818750
     0.8544638816925            1.2380251925165
     1.4858293260447           -0.4977701811316
     0.2851543806660           -0.6242010139787
    -2.3312199538528           -1.0550520037169
     0.3231235869145            2.3301807831337
     1.3981615698772           -0.7394697995215
    -0.0124080667621            1.2681283871300
    -0.9530797457306            0.2819893929434
     1.3855483960731           -0.0907643607999
     0.9339201594752           -0.9332230485330
     1.3595448084200           -0.8669187805751
     0.0782526072477           -1.2172847448519
    -0.9339474419434            0.4601475232600
    -0.1943434411477           -0.9484300387290
    -0.3506460132391            0.0054233227861
     0.3953466945681            0.7313696126470
    -0.9164079915978            0.3473761535683
    -0.2711368489383           -0.0393012846792
     0.6264971778274           -0.8909330607295
     0.2423585614253           -0.1964500018049
     0.6046045801760           -0.5137843818663
    -0.6147791945085            3.1985528832415
    -2.0615632660984            1.9841397980268
    -0.1581931512265            0.7138215696743
     0.5650238961438            0.0927439902395
    -1.1932644535479            2.2461576808466
    -0.3032359261368           -0.3730391695276
     0.5021009153886            0.1118768258175
    -1.5293549679053           -1.1376347068703
    -0.2040730810135           -0.6868210927407
     1.2097586590049            0.0663068991564
    -0.3986061735602            0.9441142182451
     0.4380582040322           -1.5240572441501
     0.4842576749270           -0.3445961647715
    -0.7429609687081            0.0735919556343
     1.0741155489179           -0.2068918822807
    -0.5946151297223           -0.3904284128909
    -0.5270778284338           -1.4222540450636
     0.4066959355603           -0.5706684304884
     0.3885680062699           -0.5410596336964
    -1.3980736448580           -0.7944461768078
    -0.2281256806214           -0.6432866877189
    -0.4294764492259            0.6597556999105
     0.3711174180982            0.8723760075062
     0.1771057264427           -0.6349251152885
     0.2251658254687            1.2560071030610
     0.5118420869800            0.7573443779619
     1.3766959052457            2.3758830809921
     0.9502674306040            0.5603028248443
     0.0151311327725            1.3262744386376
     0.1955786132019           -0.3195233104560
     0.3353898621237           -1.3513955575037
    -0.8077517919529           -0.2393509534110
     1.0908972608233           -1.2804678763248
     1.4404703576366            0.3133095229133
     0.3735663150014            0.6585214060219
    -0.6254260800305           -0.9542742277503
    -1.1159133444680           -0.0887399693604
    -0.6321053350880            1.4885211343915
    -0.8439959993528           -0.5770257866711
    -1.3554986592271           -0.3772116156619
     0.6370628766644            0.5559906743177
    -1.4036718584709           -2.1690548880193
    -1.1514403260571            0.0196247875903
    -0.0588464272889            1.1430200593089
     0.8165843139043           -0.9972656720334
     0.0245689034340            1.8108052860770
     0.2950952319020            0.4182839385837
    -0.3486248873093            0.0786755554211
     1.3646263638812            0.5664045161135
    -0.6213577853801            1.9948038329240
     0.6342856851660           -0.2215984252019
    -1.3602608134269           -1.4114838502399
    -1.8839418608069           -0.3054103604738
     0.1538672822446           -0.7403893437383
     0.1060519319388           -0.0375542530834
    -0.0693279006956            1.1281955314448
    -0.4772829753201           -1.3928383815441
     0.5239844864769            1.7160918703430
    -1.9805508380445            0.7043272193048
    -0.3763878762760            0.1424153229795
     0.9572382195984           -0.0665437825254
    -2.4494744745226            0.2104521646964
    -0.3596644968462           -0.3759910344215
    -0.3211808764753           -0.4076305884984
    -0.5126637841548           -0.5258457083732
    -0.0048535260354           -0.4527150259016
    -0.8610264990273           -0.0864397719224
    -0.5494456376862            0.7920160151918
    -0.3927865009477            0.2196297410939
     0.2438059343696            2.4360121348880
    -0.1959217661122            0.3171964009021
    -1.6335479600421            0.5068459133295
    -1.4081567773262            2.0891207925656
     1.0861955302472            0.8946069725055
     0.1442016693926            0.8001746510704
    -0.1830948200436           -0.3090727702579
    -1.5269362124708           -0.3630829445793
    -1.0829537964455           -0.0765372173797
     0.5293939610482            0.7885388729385
    -1.0521511240600            0.0718980344653
     0.5024379549741           -0.1979098541584
     2.4609584074480            0.5213287993108
     0.3466092128315           -0.2594120165659
     1.3151587146637            0.4050667586160
    -0.7520493224051           -2.0985324282816
     0.4285686955016            0.0186873932009
    -0.0310889352198            1.3609906201299
     0.7540843018247            0.6865181108866
     0.6165053097031            1.3012478162036
     0.0307132272154           -0.4725716271124
     0.3057122262740            1.7606276964168
     0.1716683614002           -0.1437961707926
    -0.8703540696823           -0.8781659643845
     0.6921334998868            0.5004768806094
     1.2876266070894            0.6444703197779
    -0.0147232615364           -0.4639412849121
    -0.5273834652129           -1.5051513796794
     0.4367353431310           -0.0229627619667
    -0.1503304560604            0.4001759745355
    -1.6679152226382           -1.8983385647666
     0.6212480343525           -1.9018535257534
     0.2218036857411            0.7732911999476
     0.4606686121572            0.0573439686820
    -1.4564289137737           -0.8088538040821
    -0.2759339269076            1.1851973966981
    -0.7150381815070            0.7666311780544
     0.5843981328427            0.7755862049091
     0.7759311241103           -1.1488369028143
     0.6858981512438            0.6649847999351
     0.1339480253281            2.9247657580262
     0.1254919508930            0.2168152061483
     0.1591076636659           -0.0022278916783
     0.2936638046224            0.6792822717722
    -0.9885256871005           -0.2915866026379
     0.9894617036074           -0.1616181990080
    -0.4675855915296            0.0804537731494
    -0.6000488087872            2.9454109982042
    -0.6574178957237            0.6490012571653
    -0.3730516789873            0.6074989868476
    -1.6040740351296            0.5214395093370
     0.8785270766020            0.1928982816794
     0.4117165749691            0.3249015765898
    -0.0216031123048           -0.9849641441543
    -1.0009972055189           -0.6131241934798
    -1.0690823506822           -1.0515254456319
    -0.4133915012443           -1.0109360559377
     0.3933498601206           -1.3401836808130
     0.1649543571905           -0.4404550550747
     2.5756502408135           -0.2281071842481
     0.8969413416470            1.6861007161932
    -0.7134149633766           -0.4496263898053
     0.2990720007953            0.4129263001869
     1.5525021986824            1.1544470985343
    -0.1446813792551           -0.2667311758863
    -2.2759828228484            0.0975189219628
    -0.1810623333327            0.4198238720027
    -0.1265605088295           -0.7779516502238
     0.4482027040356            1.3623792722282
    -2.3639413118262            0.6513623528544
     0.2511710538438           -0.0767969701117
    -1.2325136739113           -0.8775288901163
     0.1969461924616           -0.3043421384586
    -0.5157737323458           -0.4627817841092
    -0.8724107497346           -0.2721592227386
    -0.6010666703122           -0.2699155731619
     1.7893721412814           -1.2784838255724
     0.2207078956900            0.0147690541272
     0.2104197617094            1.3316955252956
    -0.4303510529265            0.1182191307131
     2.5077521219373            0.4197235557215
     0.3774122523032            0.5892935850572
    -1.8055227752326           -0.9461248996500
     0.2316628542516            0.3853509109253
     0.8745292187484           -1.6741632230710
    -0.1269343326041            1.4871078765533
    -0.1238872426162           -0.1876599633811
     0.4985941058613            0.7845885100611
    -1.3790316997482           -0.6147509542758
     1.4850378780517           -0.8175728740378
     0.8452394913861           -1.6694335019557
    -1.2208152625028           -1.3725543691332
    -0.6443783214200            0.4429792171881
     1.3483449642009           -0.3887647374138
    -1.2176834814013           -1.4589617958398
    -1.2493187522713           -0.1533058175431
    -0.2667537143834           -1.5316882429544
    -0.9901849329370           -0.5946425907552
    -0.8591431797486            1.3600251259671
    -0.0893250307350            2.6208240801775
     1.0149937912522            1.9371593611489
     0.4856440376731           -0.8364807788078
     2.4166962472996            0.3465816061543
    -0.1375593829666            0.0424907573478
    -0.0460068157196           -0.1820065387361
     0.4918264208818           -0.2127071319609
    -2.3575353757390            0.1180390222660
     2.2311062516762           -0.2378171829266
    -0.1705649817432           -0.1260064035354
     0.4844154114568           -0.0546918559023
    -0.3061658074496           -0.5376369342649
     0.1289722624914            1.7624743507432
    -0.4091781337928           -1.7292469741201
    -0.3338904406612            0.6719133338372
    -0.7692867591431           -1.0408609997226
    -1.7428497921090            0.1200382122306
    -0.5781670796090           -0.1076729245860
     1.7073189588459           -0.2646115442802
    -2.3018669389994           -0.3775316644843
    -0.6283586101845           -0.5659086771969
    -1.0163508656464           -0.2353361591340
    -1.3701749827773           -0.5415590874012
    -2.3525514314160            0.5629582893532
    -0.4487801118324            0.3209614560391
    -1.4369876269109           -0.5229351862318
     0.2719423202304            0.0424597643434
     0.6349446443092            0.3654114022460
    -0.0440529584234           -0.2570798545493
    -0.7322186555651            1.2355696904947
    -0.9905764575077            1.3239292534166
     0.3098536329619            1.1612840522809
    -0.2707432904102            0.2487477961274
     0.6268636338977            1.0292453156159
     0.7373789986286           -1.7962984761323
     0.8355014547089            0.3051807513672
     1.0835464560587           -1.0145963542797
     0.8330022847504            1.0054956659289
    -0.8719498876532            0.1732572242362
     1.0749126715513            0.1452583561375
     0.1914681530503            0.6760176769362
     0.5790224630814            0.6875390314075
     2.0222668083879           -0.2620953553557
    -0.7039055961294           -1.3957738990181
    -2.0196325332446            1.5551410929464
    -0.1640821607507           -0.6733345078148
    -0.2928908535986           -0.4616439816252
    -0.2216523657805            0.7127429950978
     0.0078838044691           -0.9405979437563
    -0.2695124368805           -2.0906281884570
     0.7234651569189           -0.1808436394910
     2.1128809172174           -0.4217851582603
    -1.0334389217401            0.4893653498798
     0.7555350597581            1.3924302344862
    -0.7467143662953           -0.2737295507466
     2.0011359941237           -0.5274140936557
    -0.3138030751121           -0.5148918240052
    -0.4660893459773           -0.0270525878385
     0.5011462396982            1.4937399293581
    -0.3460712687899           -0.1526058497046
     0.7385366021757            1.8975120755616
    -0.6182393221975            0.5088475551707
     0.0061950977923           -0.3593208561767
    -0.1904826603059            0.3002312129878
     1.3213137306421            1.0798928854161
    -0.2064795476155           -1.7547487976395
    -0.0710633954904            0.5111372341109
    -0.5459606445130           -0.4932734098093
    -0.2109843101094           -0.7489658597936
     0.7675973040344            1.2837030613976
    -1.7390526457941           -0.8864103667691
     0.5124834425896           -1.2461917014172
    -0.8290672154359           -0.5085008335005
     1.2937440890448            0.9520996276919
    -0.9272606625507            0.1527292083522
     0.7305284566776           -0.1826302815463
    -1.6592961499266           -1.8343871759024
     0.4401696975326           -0.4388375189119
    -1.5838697615268            1.4082069707518
    -0.4637306544323            1.6238502664141
     0.0502834316062            0.9037815543340
     1.0276333612015           -0.6399950436161
     0.1058360860336            1.9102759671955
     0.0633069751688            0.1628901271713
    -1.1832592613957           -0.9904199830004
    -0.0454068229888            0.9629111653594
    -0.4380042451226            0.1095679342796
     0.1086628319138           -0.4380374305528
    -0.1253689649500            1.2235123968334
     0.3625775482203            0.5850656944173
     0.7590286499521           -0.9088967266039
    -0.5053597791197            0.5716045225804
     0.8850553732044           -1.0453019291420
    -0.4619457625834            0.7006534449749
    -0.6563348941669           -0.9207964820062
     0.0071753316766            1.6426399496623
    -0.2008973176159            0.2628787920893
    -1.5099608350252            0.6244539107941
    -0.7743172671802            0.0485758819643
     0.4332820468493           -0.0640722150410
    -0.4521114464051           -0.1196082268230
    -0.6693293743337            1.1145785935866
    -0.2661847452680            2.2679990670604
    -1.7165480410849            0.0251620389782
    -0.7692586261169            1.8457589324304
     0.6138286805798           -1.2611701764789
     0.5932184902684            0.0119048383405
    -0.1692602624854           -1.7681441623196
    -1.6439359821801           -0.1279034257801
    -0.3619060199358           -0.5736884519623
    -0.3911692135959            0.8713936296936
     0.1421453522399           -2.7334598533161
    -1.4075087846166           -1.6598756354102
     0.3268696171394            0.2973303004872
    -0.4226400901734            0.4489178349618
    -1.5577659236359           -1.2955330741578
     1.2262400268665           -1.9476418722787
     0.5364819743762           -0.3625181346853
    -0.8849234926197           -0.7779126281201
     0.0906434436525           -0.5575665607778
    -0.9564148278217            0.5013756349282
     0.0531461341609           -0.0269788601042
    -0.1340992412477           -0.6867706511923
     0.4791861529480            0.3660995177422
     0.1513385841980           -0.5524871468349
     0.8809704603819           -0.2749005080373
    -0.1520750595602            0.9917298717154
    -0.1078228075512            0.4748155161391
     0.3940704784260           -2.2443296449209
    -0.6490134529675           -1.7568718568231
     1.6618688103735           -0.0017224403160
    -0.8601841849679            1.5667632303797
    -0.0801065840174            0.9857719155648
     1.3143276734014           -0.0113345087343
    -1.1619198478884            0.4977586343226
     0.4784206489624            0.9608080775243
     1.6999296887469           -1.3607114121547
    -0.5438690254982            1.4432024955421
     1.3954387683371           -0.2794607420258
    -1.5630477790897           -0.6029630558274
     0.5668374421866            2.4468733521735
    -0.2278876240265            2.2942264354338
     0.4054669385048           -0.6894409166623
     1.2263832723957            1.4866175149625
    -1.4480839023614           -0.9187465808984
    -0.5516959252701            0.3086187259267
    -0.5483710490670           -0.3763706451692
     0.2171040703033            2.3881237122738
    -0.8406708780891           -0.3792307317304
     0.8025147257363            0.8908615115925
    -0.9844550174299            0.2721767740042
     1.6446545417333            1.8514051671482
     0.2028678458488            1.4127507606712
     0.4440815824383            0.2934283721145
    -1.2729223239241           -0.1757405051194
     0.8990154515653            0.8034538768052
    -0.2602850363575            0.8597417422004
     1.4793026933748            0.4964638810009
     0.1343228192889            1.2123178257742
     2.2745895433849            0.2654714209976
    -0.3447498263370           -0.7294364026216
     0.3627423333916           -1.2337075358331
     0.1057556890131           -0.8303778583750
    -1.4531845791058           -1.8697929763034
    -1.0554857445725           -0.0104410552718
    -0.6187417413484            0.5097484872236
     0.4290163834862           -0.3085140203276
     2.2356632167152            1.2464608633525
     0.3268499322725           -0.7033324995407
    -1.1905760426551           -0.8488666848356
     1.6755248648863           -1.5336979995291
    -0.9183268444884            0.4476225550836
    -0.9056732520658            0.4330453907109
     0.3020126275196           -0.6085011233025
     0.5374722501081            0.2590054696532
    -0.1850246550504           -0.3132321803013
     0.8825212580747           -1.2013853818919
    -1.3014846019174            0.2558099514855
     0.2983811576811            3.1954013683601
     1.4110426755225           -1.7107798750035
     0.3064475406501            0.1155513453017
     0.9811324183043            0.1742614444376
    -0.0892962787526            1.2097254948261
    -0.4900645165563           -0.4890390034072
     2.7608905275300           -1.7393813570816
     0.1702511972350           -0.4885212176208
     1.6787613472462           -1.1717869438749
     1.6154810855929            0.5855623704610
    -1.7471748436934            0.3868152634620
    -0.9191226836878           -0.2751099422183
    -0.2020959064779           -1.5365002362747
    -0.2727438309822            0.0984214153490
    -0.2008306732381            1.9143497518235
    -0.6382411911974            0.9674185320205
     2.5495346634359            1.0855732444851
     1.3845288428373           -0.5902818360685
    -2.7780687789647           -1.6946783511002
    -0.2177725638200           -0.7423512479386
    -0.1296178109100            0.4236017437821
    -0.2123948298603           -0.1068975775032
     0.9360478951655            1.5886238056277
     0.8001978204968           -0.2262726798513
    -0.5004866404579            0.7761531408044
    -1.7330355183153            0.3817641635318
    -0.6244443372161            0.2218436260075
     0.9092333302246            0.5002555748463
     0.6837518617851           -0.2032846545783
     0.1096934427723           -0.7605245481256
     0.1552282918703            0.6070591836698
    -0.3894347631372           -0.6244858246213
    -0.3455484011865           -2.6439520252630
     1.1782758822629            1.1108075530056
     0.2482311050656           -0.5849658538026
    -1.7977879240494            0.7083717366063
     0.8962778501739           -1.0965755412937
    -0.9302428410817            0.5688869193162
    -0.6962223451959           -1.1265901704164
    -2.0900070179421           -0.1614488447240
     0.8668657030744           -1.0624620353350
    -1.2493008985726            0.7070211155191
    -0.9223257626946           -1.6069903754806
    -0.0020691382797           -1.7798652395434
    -0.1765999240920            0.4005631682404
     0.4169620964802           -0.7104727801043
    -0.4031404609642           -2.2825519397420
    -0.3876894636355           -0.9291579976986
     0.0136978401681            0.4541667623782
    -0.7964072841256           -0.9148003828853
     2.4736487268975           -0.2428951256248
    -1.7989857113963            0.4662877707735
    -0.8405101045156            0.3174710346944
     0.0974607197392            0.1710368992837
    -1.5602022225907            0.3688499731895
     0.6718474598692            1.2127942810396
    -0.1926757887258            0.3682460294019
    -0.0925249427494            1.6691916435560
    -1.0538381308308            0.3788265305145
    -0.7153127300222           -1.0871905742477
     0.1148934700001            0.6435524463851
     2.1090828631385           -0.4834277875540
    -0.7530885134626            0.0657888022098
    -0.6531289510512           -0.6969140989036
     1.2982674465167           -0.9439216868084
     0.1257026144074            1.1916559252818
    -0.6448706094203            0.0179985582809
     0.0602971667537           -0.3700624054772
    -0.1236591788719            0.6752319920213
     0.1626267898936           -1.2755324100056
    -0.7858384833440            0.1172036593982
    -0.8391422292618           -0.4782291095474
    -0.8781741149962            0.7153265883249
     0.1325006585221            1.7475418004773
     0.8320158069904           -0.2798030840168
     0.7457634592182           -1.9842576045855
     1.0755775724529           -0.2443338274403
     0.0521616470482           -1.6563254739429
     1.0339703959890            0.7759972508625
     0.1633830478025           -1.4205402438392
    -2.2437276618050           -0.5002400694832
     1.6937996502230           -0.9929392164086
     0.0626525649069            0.5715287633475
     0.8089042486240           -1.7960478765138
     1.4296231103331            0.0452662854124
     1.4907850512572            0.5262263023456
    -0.0922602816806            1.2183066000582
     1.2093961929797           -1.3544496244793
     1.9503239642248           -1.1065816444371
     1.0184661686494           -1.0279068612576
    -1.7773791974478           -1.9929513962499
    -0.1788700062913           -1.1046207297475
    -1.2687263999110            0.7452053523731
    -0.1672967658389            0.2851604206259
     1.2989940228257           -2.4355080790938
    -0.2967333627590            0.5306586628508
    -0.8928756882302            0.6708262430221
     0.4316012399391           -0.3122365872888
    -0.0533850264626            0.6266170964402
     3.4457296033620           -1.0233268570254
    -1.0177321257120            0.7253587227912
     1.3297655943729           -0.1584700178479
     1.5798726071951            1.3273158519746
     0.3462941867959            0.2205320595325
    -0.5938140101552            0.3688181744398
     0.5860465251667           -0.2914947883390
     1.3096493096849           -1.2996560755022
    -1.7640112592545            0.4589554553689
    -1.5427649556383           -1.4758669626536
     0.8033923750737           -0.0220793579316
    -0.3990996763682            1.5763600759267
    -0.2729295012190            0.4987084390809
     0.0912398701844           -0.4599357160262
    -0.7204248150781            0.5322822542773
    -0.3010389663792           -0.4886226917672
     0.0296580481591           -0.3463728189384
     0.5082445468925            0.3353339405495
     0.4008251942080            0.5471972715650
    -0.0950912940913           -1.4312176244746
     1.8925111651654            2.2336496004740
    -0.7866474385259            1.4562343885068
     0.7804856208917           -0.4153676850458
    -0.0743477132468            0.8130672576634
    -1.9843715620143            1.1339567184214
    -0.5942061944705           -0.3593114442376
     0.9772993482678           -0.5168848855249
    -1.2591563001943            1.6365252733727
    -0.8326648740555           -0.5687342585107
     0.6267845069960           -0.1943099846560
    -1.6941054919709           -1.5132707564832
     0.1228378026546            0.3042594377498
     1.6566411819174           -1.3858578250945
    -0.5871036264227           -1.0509743822328
     3.1220391703630            1.8074216802736
     0.5232995314837            0.9066019599222
    -0.7946881363962            1.1184242572155
     0.1259075875994           -1.1391126182519
    -0.2520679046302            1.5522145505388
     2.3861422602729           -0.3588932495661
     0.4794049727698            1.0037523991491
     1.5816376582746            0.5635457729256
    -0.1498107255558           -0.7595910206678
    -0.9880386535882            1.0142107435667
     0.5151349683936            0.5470143665053
    -2.6681847434128           -0.6519816195938
     1.0474194899414           -1.0089083014092
    -0.4093694425723           -0.7629802435647
    -0.5301252172285            0.6410374495929
     0.0454940905165           -0.7294466674755
    -0.7248174480452           -0.0445254565040
    -0.7790373779480           -0.0511697188659
    -1.3867438718100            0.7516970745993
    -1.0668480156429            1.4720701921920
    -0.3411990349811           -0.2685904815352
     0.4132623120265            1.6592542711342
    -0.1620963171561            0.1543722062929
    -0.6817618069112           -0.4580501957050
    -0.2445629649325            1.5694189318117
    -0.7640428288136            0.9926032269422
     0.0298342983556           -0.7434234528036
    -0.1619346077544           -0.5657906475655
     1.3217003308670           -0.6008993826618
    -0.8782285920010           -0.4414480116020
    -0.1013028611058           -1.6783793447098
    -3.9607395012124            0.2883195689415
     0.0599237994172            1.1366990748694
    -1.1272307021534            2.3772606782354
     0.2773310098487            0.8892077333786
     0.8411828266811            0.9145503370716
    -0.5173971053552            0.1854274459150
    -1.5797489101110            0.1238765424652
     1.2050003061782           -0.0057676190963
    -2.0142347975498            0.2965309283399
    -0.5735738908088            0.4258771202521
     0.1494796642758           -0.8977706160385
     0.8402481360146            1.1549371187395
     0.1001996714325           -0.4344688063808
    -0.3688410558079           -0.3490034018746
    -0.5729672219869           -0.6176276816336
    -0.1354838253798           -1.5398236517177
     0.1881964893097           -1.5247741564912
    -1.8445583782040            0.5123350116427
    -0.9851243407996            2.2631845872425
    -0.5848761920303           -0.8589348581668
    -1.0457051892165           -1.1407419442471
    -1.8580321996940            3.0548221055946
     0.6268319480086            0.5920578510524
    -0.5067340560788            2.3296348686840
    -1.8902643820790            0.5874725748036
     0.3578915160409            0.3888135778582
     0.6821198239486           -0.3809859302926
     0.2770916330759           -1.9324409473581
     0.8209526235230            0.7200520223327
     0.5792834899940            0.0381462016478
    -0.4098212327563           -0.5821601572472
     0.3887475226425           -0.6658871573993
     0.4088945123383           -1.6238562094293
    -0.9942835723341           -1.9732366419353
    -0.8041709555202           -0.5670452608391
    -0.0080401576808           -1.5854492180215
    -0.2186526463379            0.3032446903935
     1.7144744589080           -0.6807055738959
     0.7323061874044           -0.8635918600231
    -1.0886119852229            1.1930691274949
     1.2239830724879            1.3211454289237
     2.1819887197062            0.5325240220460
     0.6528748661534            0.5439502650521
     1.0532548898686            0.5704276580852
     0.9319126710417           -1.4616429286199
    -0.0078882278212           -0.7901704326339
     1.0202684095434           -0.3058263937910
    -0.3801594932694            0.0630716671774
    -0.5028380488125           -0.5700960056932
    -0.3823154834929           -0.4049256078172
    -0.1173338876560            0.4736705000719
    -1.2225380259927           -0.9444153603002
     1.1723598691456           -0.7267974472825
    -1.3132965828477            0.7504341596512
     1.2067200934152           -1.9229680855935
     0.9900562032177            2.7083704712165
     0.0071475624927            0.9508724419110
    -0.4481258735930            0.1458621290151
    -0.2682028553750            0.7923902540448
     0.0410202479033           -0.7704247593607
    -0.0434301487302           -0.8855749366172
     0.9388299875868            0.6603619268116
     0.8047269848024            1.1028768821270
     0.6089944647096            0.4771614629215
     1.0081107656551           -0.2668978188748
     1.1930405446117           -2.1747025075445
    -0.7078592039377            1.1935815369892
    -2.0740449570070            0.5825642284185
     0.0506139827425            0.3013863495465
    -0.2754115563959            0.2420907958726
    -0.2750263004231            0.3221274642170
     0.8010584471930           -0.0447325008680
    -1.2930615358587            0.1843790441402
    -0.6240788998052           -0.1559094292967
     0.2012587714681           -0.7179311725399
    -0.5878798301011           -0.7262905668810
     0.2499981297047           -0.5105617659644
     0.8293626851211           -0.4702550024702
     0.0738427096293           -0.3289055562792
    -1.0140099602849           -0.8064882844841
     2.1200741637354           -1.5829911987409
    -1.6572008118619            1.2599738779139
     1.2600504989509            0.3763280585111
    -0.5306603362686            0.6588771386688
     0.4386160047690           -0.3831128205173
     0.3199274361125           -0.0960874966205
    -0.0417521210516            0.2859731693003
    -0.6405747888575            0.2227640191980
    -0.5607253274303            1.5157873656696
    -0.0889883790194            0.5760501974407
    -0.9351169389148           -0.8820597209346
     0.3518613104383           -0.4191651792991
    -0.7592565689709            0.4607884541520
     1.2390381717773           -1.4640372371262
    -0.0924994489637            1.9118489572167
    -0.0758255016600           -0.6502473171461
    -0.4964003951336           -1.3136868411470
    -0.0161226057286           -0.0012425145908
     0.8444374264297           -0.3667224928407
     0.4243206035108            0.3488186120430
    -0.4207221002640            0.5207763888650
     0.1128272185003            0.5738238028187
     0.7998457422871            1.0612890983992
     0.3076543049939           -0.4716715380759
     0.9300426395408           -1.7584452679001
     0.8632793535077            1.1615598612060
     0.2498709049900            0.5989473759984
    -0.1178517692511           -1.0892913265009
    -0.2040230628755            0.4725693185064
     0.5876543054506           -0.4703097271794
    -1.3604776028323           -0.0986914686239
     0.3184681029623           -0.7866093397649
     0.0993234046781            0.8617632888241
     0.1593901075631           -0.2285273843379
     1.0879709213114            1.1857581463047
     0.9613134650439            0.2162785513532
    -0.7926908595765            0.7935738173275
     1.2061434225620            1.1036785323081
     0.2211652427562           -0.4124223933728
     0.7087684468695            0.9305067262349
     0.4690408284006            0.1266373821133
     2.8927140968511           -0.1262355707701
     0.8291254590735           -1.9011054660705
    -0.6048442780057           -1.2749901565469
     0.0551402547265            1.8835784922877
     2.6040100356453           -1.2971540427100
     0.3742653956526            0.4459540660398
    -1.1439414354302            0.2905679315922
     0.7508939014694            0.0610729978645
     1.4488162932972            2.3219918463173
     1.2738822772711            1.5182433211455
     1.1421547995857           -0.1929729320763
     0.4300612193308           -0.8835627213925
     0.2814029648356           -1.3403414422887
     0.1805143304024            0.2041666901804
     1.6441546684724            0.0550590623170
     1.2028350967109           -0.0522385590637
     0.7266113256067           -1.7974488380966
     1.2800671590210           -0.6178436767123
     0.9341912422037           -1.4051886416877
     0.6492827317160            0.5671773261746
     0.6651597253706            0.7660892904762
    -1.5729072237922           -0.5080019903813
     1.3830796134655            0.2590487742167
    -0.7587167587407            0.0326158848712
     0.0271899320425            0.0095692786496
     0.1523120236977            1.0371864899968
     1.0500757883384            1.5000883609020
    -2.5236122607383           -0.4247128160349
    -0.3919590297040            1.3871821732299
    -1.0411430689266            1.0613340013106
    -2.3607591698137            0.5941015783753
     0.7585151109983           -0.0484206277521
     0.0734820232741           -0.0874523861548
    -1.1217712324346           -0.4824856339021
    -1.1970052024081           -0.1424405946780
     1.4487566460297           -0.1344066138617
    -1.0730786326656            1.4893077581020
     0.4503876859442           -0.4606226726195
    -0.6621830943119            0.1765116277009
     1.3030232355234           -1.4395852958659
     1.0032038347454            1.1536367302778
     0.8924364109317           -0.3945111538193
     0.3995479158386            0.5511612178866
    -0.1431469938497            0.5519004096636
     0.8774098469339           -0.1692481687077
     0.6955266591192            0.2629815974018
    -0.1603550742926            0.6560590201075
     0.0235766953730            0.2407898292567
     0.3791007104502           -0.8830197816212
    -0.8724237253301           -0.6955937635935
    -0.4874720725013            0.5018200393334
     1.5373188677988           -0.3202437968914
    -1.0455078114635            2.1986588864643
    -0.6212790414534            2.0732929779375
    -1.0720825366899           -0.1037015555414
    -0.3415207291547            0.8039693647937
    -0.6217868114540           -0.3714236218790
     0.0848580063539            0.6112675193494
    -0.9924355527192            0.9739200239177
     0.8628118511798            0.9938211326782
    -1.1715441645623            0.3942062340841
    -0.1495318087079            1.2798221213181
     0.8441350609745           -0.9621172501802
    -0.0770918892389           -0.7537848965504
     0.0892174787096           -0.5547796724939
     0.7581910332752            1.2133104410982
     1.0959193200095           -0.0222119048462
    -1.1287453023134           -0.0895536088526
    -0.2110416901446           -0.3949802525151
     0.0745472026769            1.8076546567865
    -0.2221324577993           -0.6508658483743
     0.2788868890263            0.1119760591399
     1.7802234629914           -1.1961836489349
     0.2245591979949           -1.1568151329799
    -0.4709382082532            1.2029221232695
     0.1891258129350            1.1397522090141
     0.1125611069517           -1.2598777814620
    -1.7224973486555           -0.9509479715349
     0.3153046037291            0.7551011962617
     0.9940482544244           -0.7249190200844
     1.4079373874878           -0.8914711220315
     1.2061831615513           -0.7686311682502
     0.3792607372239           -0.2884771105043
     1.1386162010285           -1.3057191208688
     0.7447313756552           -2.5286393110960
    -1.1143144254330           -1.0256951603016
     0.6881304826828            1.5259692659287
     1.1097511495204           -0.2903544745450
     1.3111438355079           -0.4784461803022
     1.0047223392418            0.4437065819049
     0.0909443734875           -1.4170833738635
     0.4264907493830            0.3718059752306
     2.6532028192622            0.5610437567978
     0.3770708387822            2.1220251543047
     0.2722127808031            0.0268325722825
     0.2684267067837            1.1491621310623
    -0.3664615020109           -1.1388311091029
     1.2333944930174            1.0823490836480
     0.6616113079472            0.3517995153283
     0.4353205501216            2.2135086302191
     0.6206902825908           -0.7494015906689
    -0.0942236825917           -1.4522439750199
    -2.0269616486524            1.6251819099933
    -0.3187622918812            1.9675310503698
     0.1050971215578           -0.1597606447580
    -0.5995097931842           -1.8281749707683
    -0.2824680769834            0.9064955093475
     1.1404938826905            0.3548106345909
    -0.1714091883529           -0.0606870430933
     1.5096052245996            1.5987845071848
     0.3924909149304            0.3198870627073
     0.5850173614160            0.3704333326276
    -1.4736131886434            0.2168743132013
     0.5237734470382            0.1654412811100
     0.7887391299031            0.9240587242436
     2.2285338471738            0.1737198500716
     1.6185357098181           -0.4339156770671
     0.6053518229564            0.9003781550059
    -0.7759634316136            0.3258607108853
    -0.4868549386916           -1.9502459816275
    -0.7903720381046            0.2149930259977
    -1.3935984278407           -1.4622744225453
    -2.4531961185768            0.7200725851813
    -0.0732380515869            0.6536332540538
    -1.2262086226751            0.0499981073114
     1.2988537903391           -0.3087195930495
    -1.0632365674164            1.2368747707295
     0.1326216631371            1.0250816370182
     0.9155110316005            0.4510947778832
    -0.2975412599034           -0.2850885519702
    -0.8152638211261           -0.1997660061664
    -0.4393360232060           -0.0795304822677
     2.3243043876493           -0.9042675751931
    -0.0156191312738           -0.3240108124958
     2.3628253086221           -1.1044677511775
     0.4535752418643            0.6748856181091
    -0.7564673898003            1.3316637386186
     0.0962271690988            1.0856917630868
    -0.9282662591967           -0.3057843547889
     0.8107168282895           -2.3962709886549
     0.2664337514494           -0.4726374175521
     1.4094881292605            0.6341483881903
    -1.4264496589315            0.3539450618880
     0.7611322453223            0.6605676978885
     0.5041504583371           -0.0431317159728
    -0.4826721326152           -0.0784353113058
    -0.6014674658987            0.0451838911878
    -1.5656529585288           -1.2586548112341
    -0.0954578434391            1.1947819223045
    -0.6844399127597            0.8785284618697
     0.3844026946544            0.6357435095191
     0.1989797481645           -1.8711229066126
    -0.7252285802386           -0.6487454048134
     1.8887145908672            1.9312584326170
     0.7639157495679            0.8425056280122
     0.6217058467950           -0.3902750374007
     0.7898271079836            0.7132480973355
     1.6903468304319            0.2516999169700
    -0.2066808733613           -0.2304342340378
     1.8505647665977            0.7261964337366
     0.4922734431260           -0.4159094735105
    -0.8725729612929            0.5180163821473
    -0.1963388011336           -0.3547947167619
     0.4906551982537           -1.4902709054064
    -0.6065719130408            0.5159253504087
     0.6158740984970           -0.4290250807836
    -0.1749509874504           -0.6153112962916
     0.2183178122575           -0.1772120448503
     1.4203499088848            0.2958347473273
    -0.7767515934836           -1.1657188593797
     0.4293785880842           -1.1711103979393
     1.1599803217555           -1.3279844007152
    -0.9130584044631           -1.1330545014246
    -1.2744596130660            1.3804604435663
     0.1468109379025           -0.4812700348304
     0.2812389999333           -0.5630936281605
     0.3041833863345           -0.0274407824726
    -2.5207468224043            2.6456132018291
     2.2131823125515            0.1771752484399
     0.3668388531196           -0.9663184762363
     0.2942805672141            0.7089512326743
     0.5049654164696           -1.1124147153625
    -0.3015198486596           -0.1108385064838
    -0.6332216626202            0.5504939640640
     0.3263491197103            1.1069377454081
     1.3496575366520            0.1106441973151
    -0.1285131747624           -1.7966058033674
     0.1437510718171           -1.0474320097111
     1.1874586292642           -0.6154078385041
    -0.2955864180427            0.5777137770974
     0.6177545838399           -0.5253443824958
     0.0287658280186            1.2985749270040
    -1.3729007796781            0.3790069785865
     0.2105393380766            0.8471621138895
     1.9629096909450            0.5474350257078
    -0.5925122329730            1.3561282431335
     0.1666621587294           -0.0155455956027
    -0.2787673831486           -0.2851409063037
    -0.5812338821293           -0.0846522283564
    -0.8570719525792           -1.0028925619852
     0.9025741250649            1.0982297341055
    -1.0749297044884            1.3522098979263
     1.5306065818965            0.6921990769436
    -0.4864834936008            0.3033222874149
     0.0916997733920            0.4774506074994
    -1.1196590117799           -0.0874989732285
    -0.8340708843442           -0.0316680764485
    -0.3758488602748           -1.8569013627540
    -0.5525907074403           -2.3560524441225
     1.6628474339707           -0.7820840545353
    -0.5633750484349            0.5529392976625
    -0.1595541595521           -1.5050497164973
    -0.3617213130055           -0.0464657095775
     0.0253593453111            0.4492957504326
    -0.1365593118775            0.6310643054053
    -0.3273067347694            0.3414726948731
    -0.6711665015690           -1.3274701639911
     1.5632472264955           -2.5761083553297
    -0.1799758042564            0.5131127551097
    -0.4003543039564            0.2634703281225
    -0.0216881109142           -0.9652023206897
     0.1483272116534           -0.1459067755785
    -1.4268070460212           -1.8911743744839
     0.6107073427158            1.3954882844945
     0.3526128586141           -0.9856756781593
    -0.8863917137897            2.2842334344584
     1.2188739455369           -0.6169900366541
    -1.2026229086804           -1.2000737457271
     0.6722580108666           -1.7028582393985
    -0.2076608871073           -0.4334566451269
     0.8379714174845            1.2353888352138
    -1.8924025987538            0.7004952334030
     0.5048568568853            0.5189748533689
    -0.3488530266066            1.0742379066951
    -0.7941682048949            0.7677605452411
     1.2254360273085            0.3515656565996
     0.4337180259627           -1.2797912070208
     0.6675917821392           -1.5193809832097
     0.2257519161276           -1.1048910623981
    -1.7162542751001           -0.5941693896976
     0.0682423632488           -0.2462475191894
    -0.0171227321479           -0.0202914089868
     1.2953405616028            1.3966350032373
    -1.0912183166102            0.0432285670639
    -0.8723912939957            0.3025353613815
    -0.7914568029229           -0.3929902041286
    -0.6770849587631           -1.9086490531391
    -1.4948696482810            0.7724909220793
    -0.3654571398009           -1.0266633233639
    -2.2835590283965            1.0198932695280
     1.4654750599447            0.9358195028762
    -0.3578814857482            1.0490649703596
    -0.7404080365458            1.1687016772428
    -1.2128023123887            0.9547575200093
    -0.8646001652894            0.3658304894780
    -1.3733698988821            1.0422807546167
    -0.4587759669667            0.9225128269645
    -1.2291144090467            0.4137515620823
    -1.4902274987090           -0.8812881520299
     1.5209657798545            2.9060127408066
    -1.3609021467350            1.3286415718915
    -1.8949003503690            0.6379092680157
    -0.8562657743585           -2.0820230652011
    -1.5422798745187           -1.0614917967587
    -0.9121789249989           -1.0583342094546
     0.5573364557867            1.1820410305589
     0.6770836488257           -0.4595217427851
    -1.3198929906926            0.8809272898742
     0.0328148299306           -1.9035589513049
    -0.8659692591955            0.5759704432828
     1.0835169771025           -1.3022631046247
     0.5081634618450            0.6257640713346
    -1.2062170468213           -0.8292221481991
     0.0296406528034           -0.2937792889789
     0.2029944181729            0.0619915124305
    -0.6697774104891            0.3353267772381
    -0.7783948893625           -0.0673089921443
    -0.0753396964178            0.0171572102218
     1.7282643818865           -0.6970733602689
    -1.7898966893514            0.8346840003380
     0.1293659479341           -0.5485379624954
     0.3719617803092           -0.9839089184446
    -1.5108336783484            0.8839938792616
     0.0602788533796           -0.0722686347365
     1.4169078221311           -0.0706321198697
    -0.6027570910460            0.5589560981256
    -0.9563202335936            0.3413469991350
     0.8591037338871            0.0902192919972
     1.6410977694421            1.0167025522926
    -0.1432732398295           -1.0803876907185
    -0.6396520603340           -1.0353271167891
    -0.7379019714817            0.4927882900975
     1.3916015615753            1.0484497081473
     0.1573000658678           -0.1724659797695
    -0.5525055028695            1.5018374639206
     0.2359257893203           -0.5270662456149
     1.5713765561785           -0.8843251128633
    -1.8269661599123            0.7055202552382
     0.3013337670097            0.3550463439273
    -1.2797352601555           -0.4353436068971
    -0.1260633206925            1.2422238088005
     0.0938387194377            0.0962942053993
     1.0233744463613            1.6554592081494
     0.5464856079131            0.9605301959718
    -0.4809388459083           -0.5378696637486
    -1.0001318067123           -1.1206964399891
    -0.1152426907804           -1.8378377012766
    -1.1128058405415           -0.9101955921007
     0.6938883868897           -0.0021161577826
     0.4505281821894            1.1127521764848
    -2.0854614066627           -0.0986899714002
     2.4364852897986            0.1080747639789
     1.7631770506511           -0.1087974055962
     0.7650066649995           -0.4032799146899
    -0.0525681919198           -0.7383096741070
    -1.7479378244442           -0.0121614864953
    -1.6411167273619            1.1584449333058
     0.8604271942017           -0.0020767112794
     0.2980891237640           -0.9754250306376
     0.2404026277218           -0.8666988453846
    -0.7986182869960            0.1090438679963
    -0.1351232079542            0.7669999624478
     1.3109711664560            1.0760605507442
    -0.7887509754309            1.8148019268030
    -0.0892548339632            2.1872260131475
     1.9432303749092           -0.0631574100509
    -0.6762473106828           -0.0190853798075
     1.3806357825007            0.1101672368462
     1.0823012264513            1.7165727008247
    -0.7055346374789            0.5024456056027
    -0.4659709890758           -0.0660918127191
     0.3717307931692           -0.4556935964367
     0.4626766969544           -0.3910766981244
    -0.0062016794561            0.6052426583679
     0.3332756337124           -0.0501174239006
    -1.4116267628555           -0.6936839283964
     0.1522217400073            0.6544411642638
    -1.0625961765773            1.6061737603962
     0.3187551129767           -1.6833951257724
    -1.6919211478593           -1.1721069124194
    -0.7112112069463            0.6358834790267
    -0.4779389305368           -0.4812972633128
    -0.8100770273534            0.7825108892781
    -0.6458690736225            0.8198898001788
     0.3433549128079            0.1057614260535
    -0.7461009954598            1.9148393875556
    -1.4118686845260            0.0212669128983
    -0.9757694801239           -1.0193946463106
    -0.9435136650576           -0.1399461854624
    -1.7579684378777            1.3741097029748
    -0.4296440313438            0.5417184903723
    -1.0556555683488            1.8048899472570
    -0.4276391265865            1.3712079498220
     0.6360319928327            0.7764291156675
    -0.2154399860245            0.0967362979426
     1.5087319956432            0.2543832723886
     1.1690968980122            0.7907584953280
    -0.4025331711722           -1.7537588779571
     0.0890390821597           -0.1280704872018
    -0.4969856440332            0.9799786131193
     0.6542922126626            0.4160449655292
    -0.0129043573278            0.7033220941112
     0.5094355810577           -1.9780832011235
    -0.3378821881586           -1.8443652405457
    -0.4598308771690            1.0070317370260
     0.3279453509804           -0.8849319515538
     1.1812102413222            2.9464006505482
    -0.4307529104538            1.6092007371094
    -0.3295321959350            0.3270959884488
     1.1037188978071           -0.1226688239543
    -0.5891737110618           -2.3287809722766
    -0.0021604625396           -1.0591199391560
    -0.2868615242390           -1.9281253878176
    -0.1143917973302           -0.0063902957095
     1.7798151562866           -0.1249849909545
     0.9460924705856            2.4375491113530
    -0.7196921024921            1.3186436169860
     0.4543036124845           -1.9401936904939
     1.4589547002441            0.5702072940096
     1.1429179442584           -0.2763724699754
     0.7638716668699           -1.9558084335433
    -3.3172221246016            2.0858671429844
    -0.3204964796437            0.3795780185409
    -1.0355547558430            1.0555825646066
    -0.0874894044828           -0.2337989502555
     1.0766400035142            1.5496183535236
    -1.0500214001865            0.0785002215943
    -0.5537590383008            1.0412520914631
    -0.8435018059990           -1.8854460866238
     0.3834870802505            1.4232211812859
     0.9469208667033           -0.3687473032811
     0.6499359445743           -0.2095045592302
     0.6240922638756            0.2734994436353
    -2.0149447055875           -0.1784601238629
     0.0359744565863            1.1347077810157
    -1.7118899780133           -0.9543201462665
     0.2634705336652            0.2950578985191
    -0.6720284931823            0.8562062176799
     0.8917441358292            0.5713812329911
     2.1085515573228           -0.5871808978582
     0.0776439633277            0.3290371231046
     1.3776652839872           -0.5520222887633
    -0.9372475533725           -0.7743918508123
    -0.6882500494072           -0.1404893176776
     0.0086485889625           -0.7932491437206
     0.5391687727609           -0.1824073422393
    -0.6268348686705           -0.8527996538989
     0.4747086031665            0.0823977349703
    -1.2706409754850           -2.0001412067643
     0.6353894669533           -1.3879524465459
    -0.2784005472525           -0.8821006259429
    -1.2467972013591           -0.1092268561898
    -1.3042708962206           -1.2541530108802
    -0.6349931806269            0.1478920435888
    -0.2567533868879            0.4486218604518
    -0.3339056629176           -0.0864690347457
     1.2670637422961           -0.8428387986122
    -0.4528793955675            0.5769319050342
    -1.2201351250295            0.1390307057298
     1.1854073912107           -0.0281164768215
    -0.1245765948035            0.0093336556727
     1.6478271766596            0.4813201573770
     1.1675244474919            0.9821496092562
     0.2269688392352           -0.4657235893490
     1.0483556631608           -0.1957386023001
    -0.4319525086885           -0.0205610993233
     0.6589491956787           -1.2906121312046
    -0.4925136127109           -0.0171507931955
    -0.0175797807155           -1.2834736441371
    -0.1906720841973           -0.5628412004196
     1.1160267311177           -0.5047098968233
    -1.8632958045037            1.0262710257129
     1.2271242971616            1.0918593853632
    -0.5311399542148           -1.0108426092293
     0.3805633635983           -2.5205513495315
     2.4666408689833           -0.2951450599994
    -0.0397315243368            0.4942024164534
    -1.2827525329406            0.5118735454603
     0.6239204467887           -0.7626579289885
     1.2298865674501           -1.3469318291984
    -0.4150033837559            1.0431175584094
    -0.4451162558827            0.8007424370696
    -0.0475548158290            0.7416289879179
     1.4825504746201            0.9935508815830
     0.0651926742433            0.3444009873524
     0.6744094632865            0.3398427479628
    -1.5657093943400           -0.0154421825212
    -0.1244839957135           -0.5082428293729
    -0.2378709608393            1.0990047258705
     0.1371724124455           -0.8820457648993
    -0.5054939131957            0.1801140078278
     0.9890859290957            0.1414048770445
     0.4574324644894           -0.7562649096247
    -1.2600099584089            0.2140206396060
     1.6649944435835            0.0478445154528
    -0.2249187198273           -0.2500621533351
     1.0925410724154           -1.0716540942099
    -0.3339566175311           -0.6023822848607
     0.3259955442133           -0.5401954201281
    -0.5060651151837           -0.0097524885678
    -2.5568403245954           -0.6566915195397
     0.4725721043044           -1.9195534840083
    -1.7856401597636           -0.8656928075907
     0.5809778601330           -0.7346665040087
     0.5802534548829            0.8222358525140
     0.6264902100296            0.1781556300830
     0.6474524043451           -0.8360722943864
     0.1192884338659           -0.0644105679153
    -1.5297340553683           -0.6967158832459
     0.1084327995317            0.3932742605822
     0.7000861414470           -0.1629755606886
    -0.3763813198043            0.7977569179160
     1.4126563473261            0.0860411317841
     0.0707972096088            0.6250761409348
    -0.6669739039639            0.6675644042819
     2.2655061439451            0.7073751865391
    -1.0601792695527            1.5302058191040
    -0.5947276196161           -0.7798248038835
     1.6729145779845            0.0756401132361
    -0.1713942523805            0.3685764320338
    -0.3695524332450            0.0224841523638
     1.2830911718570           -2.3211773502802
    -1.9190426939122           -0.7561441620197
     0.0993260544403           -0.7243463014461
     0.1642746524794            2.0473345257628
    -0.6825648029514            0.7490541380392
     0.5899228313277           -0.2274955034714
     0.3768959112399           -0.5852925500417
    -2.2317007767405            0.2263044400762
    -0.3829821870151            1.0072524736189
     0.2485068814678            2.0923186894334
     1.5886316505555           -0.2038438335382
    -0.3481713221586            2.1963689311964
    -0.1425517957808            1.2933208955430
    -2.2022241810923            0.3733370961735
     0.3017717011278            0.4388100359235
     0.2119551752847           -1.9097110124716
    -2.4329263704518           -1.7486747110801
     0.0873829424408            1.4632166465137
     0.2383052668861            0.5882374450479
    -0.4876177061652            1.2020510169315
     0.9194820047650           -0.5809418850990
    -0.4123446786430            1.2034633431195
    -0.2728057585518            0.0495487762526
    -0.6104390901818            0.2981949949933
    -1.1684741136693            0.6941773233932
    -0.0700548169237            0.3036793017561
    -0.2885992745839            1.9970602005421
     0.6466559928653            0.3616291170998
     0.9507135954137           -1.3892436179492
    -0.5057695242531           -0.5824547121563
     0.5098109045243           -0.5555325195199
    -0.1699195953291           -0.7621316796445
     0.9397921459494            1.3432614208485
    -0.7529427265654            2.1271238458376
    -1.6721560416583           -0.2001278261549
     0.0566145077421           -0.5312469855607
    -0.4893947241946           -0.9645855828779
     0.1574072108181           -0.8042430553816
     0.4798964243495           -0.1567205402255
     2.2316858987520            1.1341569807282
    -0.0571777588545           -0.5743072629146
     0.4870740332078           -0.4876988825824
     1.4040964646133           -0.4195864546206
    -1.1605470114595            0.2929392848868
     1.9558723817803            0.7748152844265
     1.0966228616077           -0.4538681721173
     0.4253790994003            0.0204955426989
     0.5304029012855           -1.2356363907986
     0.0297942066337            0.0422130930871
     1.4719035049535            1.2844805128037
     1.5809252430059            2.2482597791354
     1.1271068095350            1.3555013733724
    -0.8876967918000            1.7833877118060
     0.9777872893333            1.2258515771241
     1.5683115140483            0.3990554562562
     1.6753273650072           -0.0031679871830
    -0.8513797569359           -0.5751589530694
    -0.1377894321841            0.9203267900332
    -2.0612757550463            0.5611174804064
    -0.4635516082917           -0.1046344587344
    -0.3987122822656            0.6736809364603
     0.1132148416675           -0.9419773288536
    -0.5408883604261            0.4999948163061
     0.1647884437825            1.0688303477805
     0.3659709153489           -0.1429527814363
    -0.1019222313652            1.4419508405702
     0.1936675397788           -0.8544204800755
     0.7597665343578            0.4371981268703
     0.6045194751548           -0.4508666667409
     0.8681790487252           -0.2459435176056
     0.3302931793151            0.6376572678027
     1.5843273524362           -0.8289587276967
     0.5316190365088            1.4683880771481
    -1.1374499029556            0.7979703848885
     0.1822382510413            0.9458078351158
    -0.2596259797181           -0.5631410706167
    -0.9894943082929            1.1099690753948
     0.2825487523691            0.6086891580164
    -0.9298855678845            0.8617027850429
     1.3657786718768           -0.1912368316882
     1.3552070178791           -1.7257147304611
    -0.3213810178521            0.2039774206970
    -0.6985866172711           -0.1989456359690
    -0.1804858933318            0.1506731874049
     0.5195989919389           -1.4393983649521
     1.0994465352554            0.0136753795636
     1.6270668398775            0.0349871360479
     1.6005272262768           -0.4648279408166
    -0.9294581039988            1.9125469147712
    -0.4972837560451           -1.9788932682480
     0.7493833662160            0.5783655108025
    -1.4262470587389           -2.0545682105965
     1.0129930203088           -0.7689876572205
    -0.1091142423465            0.4674567137476
    -0.5850256078566           -0.2870540789824
     0.9873249364944            1.4200905860481
     0.1641041978530           -1.3834469353837
     0.3829737165560            0.5039523225569
     1.6703868435681            1.1651035472540
    -1.7087924331271            1.1579685836103
     1.0289430352659            1.0611143998944
     1.5381096377439            1.4024020635118
    -0.1195205066036            0.0539916989192
    -1.1856553964222           -0.5409118355883
    -1.2462948347675           -0.7814342679905
     0.2274152684676            0.2181618404615
     0.5375952984043           -1.3273961578913
    -0.0435006394838            0.6045924120524
     1.1378715428917           -1.2343770982773
    -0.3667222970628            1.0870652894646
     0.7506983917160           -0.3737341032200
     0.4942931978327           -0.2052708867673
     1.4876395086686           -0.9036557460453
     0.1915171732776           -0.2057906127503
    -0.4545672036691            1.9064811361881
     0.0769968686190           -0.9380994533196
     0.8459603388819            0.2675012130562
    -0.5141194647248            0.1507562944343
    -0.4812195743110           -0.3924074577960
     0.4262484194961           -0.1355743759474
     0.5772460601281            0.6677239148868
     0.1120876577406           -2.7367524275593
    -0.3769860690173           -0.4223074859393
    -0.0734246209801           -0.9757691455728
     1.1047205307256           -0.2478156221022
    -0.2989238801378            0.0441901533240
    -0.5212433917318           -0.8807111588614
    -0.0084910641530           -0.6611630887884
     0.8506651831791            0.3362102677083
    -0.1231573600916            0.3970109384915
     0.8106008453766           -1.3089437146515
    -0.0935091517476           -0.0836897114716
     0.1112194702863            1.3041860153148
     0.3289352141838           -0.4533985245649
    -0.4669332718878            1.2899001123660
    -0.0767469053195            0.9561127421419
    -0.0437786650899           -0.0280200724568
     0.0314989629342            0.9892619269403
    -2.9272750337250            0.2944346922072
    -1.5309641666723            1.7852093683695
    -0.8717486447255           -0.2214364976302
     0.9682458228836           -1.4981806168418
     0.2542901984995            0.2315737897157
    -0.4882567283201            2.5739222888664
