     2.0060904959277           -1.9581144692398
    -0.0666515522319           -0.0606003233673
     2.1696813027202            0.1149813104665
    -0.2517576227486           -1.4559341854812
    -0.6686807908546            0.3218614969213
     2.2832474300618            1.7190263878341
     0.1462994089079           -1.4750388228211
    -0.3952036878231            0.4130643449575
    -0.0719802093998            1.6256691314703
    -1.0461347891786           -0.0622961839528
    -0.7538482837374           -1.4447902968674
     0.8063809044346            0.9123529077392
    -0.9056455562718            0.6506575764836
     0.1826241635768            0.4846042056799
     1.4685071535092            0.3229101507948
    -0.9634857915294            0.4624793551503
     0.3691371054327           -1.3296281994144
    -0.6352185169486           -0.7632899271304
     1.3239068742388            1.1660488315753
     0.4139787112287           -0.5473571997428
     1.0297991033777            0.5170862115597
    -0.8451137682512           -0.0742484342244
     0.0168480396807           -0.1166060942180
    -0.0461527106100           -0.0345489337337
    -1.0029136648394            0.6276093855396
     0.6564542773821            0.6627679637127
    -1.9506334208161            0.9919525207387
    -1.6122862991069            0.1376591395604
     1.4604977044776           -0.4580956763640
    -0.9880608172756           -0.2095922610052
    -1.4353134624247            1.0051984243809
    -1.2943292467675           -0.4067988030235
     0.8882310822216           -0.7928620967309
     0.6942972061681           -0.7754427908471
     0.2816681942039           -1.1045624942875
     0.0723821934201           -0.6315906746497
    -0.1827285642355           -1.5547218972139
     0.8004511743276            0.7517064518596
    -0.3065779127123           -0.8306253211351
    -0.3751733649108            0.0465272462530
    -0.2091734427855            0.9636487170854
     1.0410929906021           -0.5048047881808
     1.8016945693644           -1.3084474103226
     0.1674182302364            0.0575342122702
     0.8578777507831           -0.7578770931645
    -1.0967829783985            0.3008137276571
    -0.1334079525210            0.9110064165157
    -0.4500865718452           -0.3889750773944
    -0.0893031177132            0.4908868796069
    -0.3798607142837            0.7728100358487
    -0.5716280302797           -1.6204946145893
     2.3979037708957           -0.2785613748443
     0.9676538733390            1.9253734036902
     0.1613094467879           -0.7865022524259
    -0.2104111495809           -1.8844509561503
    -1.1518652035275           -0.9344606574102
     0.9862814172289           -0.1287538345602
     1.1710089508180           -1.6738000269941
    -1.4175119742035            0.3206488265328
     0.5560237843554           -1.2590403121491
    -0.1041642378706           -0.6075686975097
    -2.4398456316335           -0.1560347302182
    -1.4179403805982           -0.8218563808686
    -0.0614729587077            0.9262609739402
    -0.0326812301583            0.8105660515854
    -0.6618632122225            0.7455786099608
     0.0393047542504           -0.9196674733900
     1.6694255415542            0.7966507771994
     1.3317438054897            0.3218798027200
    -0.0188409934631            0.1659275386932
    -1.8454368964420            0.0980881357673
     0.7235505229948           -0.5373345583878
     1.6481891762576           -0.3676777467440
     0.1965154622692           -1.1317382246570
    -0.8401229673076           -1.0939219648123
     0.5027773520091           -0.7091167301430
     0.7552822061826            2.2242852592248
    -1.7262023656112            0.6913021406383
    -1.4182029024735           -0.6638757305629
     0.6183987528202            0.6847362657464
    -1.2213747859039            1.2741399367525
     1.2571066541121           -0.9873840764660
    -0.4585289050584           -0.1664135667315
    -0.5898912884226           -2.3478315710341
    -0.4318825480208           -0.6055461713122
     0.2558724126515           -0.2547257046542
     1.0440117975972           -1.3093077934456
     1.0951389635790           -0.6633664033457
     0.7538210082444           -0.3173984739007
     0.8626678616397            1.0830204513415
     1.0292245286629            0.2481911043204
    -0.3864995699246            0.6662154609031
     0.5175126651118            0.0374261155456
    -0.6013844581293           -0.2060315387325
    -0.6702527943624            0.3456186565078
    -2.1867867364349           -0.6942332986680
     0.3710939256109            0.9255187314415
    -1.7051244980121            0.0293714171645
    -1.9496356108293            0.7462330966220
    -0.9496599976470            0.4129438254165
    -1.0492872503839            1.2714629904970
    -1.4973832083902           -0.0370645583759
     1.5134698612113            1.1554785467266
    -0.6480264267900           -0.6606892573677
     0.2133845104668           -0.0548224143736
    -0.8442558747550           -0.2205616533463
    -1.0259879257694           -1.0191203392583
    -0.9461317516590            1.7474371915529
     0.7748743711923           -1.3687136840642
    -0.5321016597283           -1.3003876806386
     1.1656883551471            0.7470547094894
    -0.8007661368112            2.4430914579187
    -0.5667421413729           -1.4074531809049
    -1.1700021403722           -1.2751894564218
     0.3833105087526           -0.1938335698006
     0.8238143949404            1.4438392881934
     0.9640031865670           -2.9025962897468
     1.5784803234484            0.0822568696864
    -0.4132538350763           -0.5150232341233
    -0.0123618216527            0.2099188963608
    -2.1212505581197           -1.9560647998797
     1.4623691944302           -0.0406269248809
    -0.5900789142429           -2.9388001063244
    -1.9836951642434           -0.7246551783863
     0.0244143341690            0.6958436646813
     0.6998347772986            0.3890765863053
     1.3486399213689           -0.3502919596821
    -1.7528980447034            0.0785200793997
     0.6351523566207            0.9565998005491
    -0.0526402611689            0.5624589906847
     0.6938120381618           -2.3848236854547
     0.6906582453410            0.1412630892702
    -0.7251332065410           -0.8867663844971
    -0.8728761461892           -0.0191204049065
     1.6624688596904           -0.6933713222161
     0.5588511201645            0.4707128415655
    -0.0761065104243            0.1044136540853
     1.1816652542747           -0.1175809896846
     0.9874777714319           -0.6446435749640
    -3.4258071710742           -1.4167410806048
    -1.3459809576408            0.4897693026738
    -0.4442379729532           -0.2614265707722
     0.6183095150357            0.0357143017830
    -0.7936639419247           -0.2999822043177
    -1.1048024702315           -0.6185967445626
     0.2321168423499           -0.4781158389650
     0.0337903190489            0.4452871966189
     0.5190580010666           -1.0907004689469
    -0.0028314506015           -0.9337954416876
    -1.1424272577525            0.4201253697206
    -0.2810788935070           -0.1711787580027
    -0.7365746506764           -0.0266432864017
     1.0754589890527            0.7334028301408
     1.7285457546326            0.0526492060121
     1.1585317270784            0.8515966312978
     2.1917651701992           -2.1210602734210
     1.4930272380325           -0.0601066731947
    -0.0305241580923            0.3279810718281
    -1.6140586049271            0.7606145471019
    -0.7497699178311            0.3182681307303
     0.6537870733170           -0.3161847030465
     1.1746078508402            0.4241514114954
    -0.6546766767260           -0.3420902440217
    -0.1208446957757            0.3849514788743
     0.1968165456326           -0.1958271657279
    -0.7974964241448           -0.3896426860315
    -1.6441297761110            2.0447540070295
     0.5171579599444            1.6948977558449
     1.1827157588002            1.1660454236795
     0.6490147317211            0.0281460489746
    -1.7904866637552           -4.5401362888751
     0.7576632296620           -0.3470641622333
    -1.1388140230699            1.3234183723759
     0.2023185499742            0.6214185214906
     0.1152670717485           -2.0050514891856
     0.8104798643361           -0.8934933926509
    -1.7249789731493            0.5092016567786
    -0.0817179140141           -1.4015419051980
    -1.6362154451689            0.1975862483930
    -0.0845156154939           -0.0921532762907
     0.8409717547084           -1.6723787464009
    -0.9703830771420           -1.1173704381995
     0.8276112643815            0.3628885142827
     1.8451723242926           -0.0935720830017
    -0.9346459705390            0.5888226421099
    -0.2255139640959            0.1492540361663
     1.9183551530286           -0.0746228076818
    -2.0232488944011            1.0781241018926
     1.7017683163699           -0.5851555748118
    -0.3071352970127            0.5145270023699
     0.9771245653689           -0.3480656201534
    -1.0241656384168           -1.0005845788053
     0.3645842959180            0.4348492486988
    -0.7618713877898            0.5988176279225
     1.2602118038142           -0.1004968664546
    -2.5056168713780           -1.1148990361888
     1.8064765001005           -0.6971734388320
     1.2976172027514            0.0672109049437
    -1.9920454820820            0.1557596986367
    -1.2218594709753           -1.9852879867852
     1.2419564689965            0.1920975015349
    -1.4522580298447            0.5752715463694
     0.9304343796224           -0.4195288342002
    -1.7777150905777           -0.7492221749966
    -0.2323939635596            0.8007993005052
    -1.2744227882400            0.6366312319269
    -1.9515433517448           -1.3863911352885
    -2.4908629990711           -1.1647539333756
     0.2528197702548           -0.8324262151953
    -0.6976360746742           -2.2981326086598
     1.6539859025458            0.9235074429568
     1.9626069033351           -0.6937574656043
    -0.3109903190732           -1.7523315633702
    -1.3419469151465            0.2964003565540
     1.1900255625988           -0.9672409202624
     2.0335630805449            0.5729083337062
    -0.5919910926320            0.4237346590034
     0.3675790819718           -0.9936742103584
     0.3410226000958           -1.1154697407105
     0.5146570093049           -0.9562000511591
    -0.8802540351303           -0.0702502950308
     0.3370368562496            0.7104590551907
    -0.9522754667913            0.0914202630190
     0.7138072060827            0.2763696583763
     0.9990221351634           -0.9944389204981
    -1.2637051703939            1.0784670711897
     0.9980642440107           -0.8312877921079
    -1.7138675070552            1.6106021513561
    -0.1719114392720            0.6434090792516
    -1.3865049326867           -0.1556435318021
    -0.4720632861250           -0.3915525388279
     0.8276538841440           -0.7773101191440
    -1.6752386084509            0.3541401002335
    -0.1716260901595           -0.3045383057434
    -3.3252730763191            0.5714922671578
     0.0367615803672           -0.4035294290413
     0.7719576397778           -1.9055482034027
     0.8395806852947            0.0206120349080
     0.6107939280305            0.7925532559782
     0.2320118539363            1.0705561953648
    -1.2798618767691           -1.0510952477583
     0.5752104273867           -1.5315393949764
     0.1468118364652           -0.9484175895393
     1.5552608802398            0.4347550725476
     0.0301179850915            1.0095721461547
    -1.1456741743706            1.1167250364321
    -1.2702487055114            1.7030086808308
     1.1889410417784           -0.2523559682530
    -0.5654723740046           -0.8572560552543
     0.3433431764952           -0.8524040258082
    -0.6753630529460            0.4260388247132
     1.6425504250624            0.5081936807512
     1.0278547078144            1.2458950726122
     1.1643806005500           -1.4559772544307
     0.6455957483829            1.0063849813935
    -1.0978536295116            0.3058960659340
    -0.0583789805845           -2.1816693921737
     0.2037334740451           -0.0015064666032
     1.2453100621564           -0.5219152433588
    -0.6630265032961           -1.3966095386043
    -1.0988403949133           -2.3004292221882
    -0.0676536601822           -0.8509595229250
     0.7722963508677            0.7237768666642
    -1.6778757895555           -1.4431089417547
     0.8593000006612            2.2754890757785
     1.2182334153876           -0.6497729541917
     1.1917698688173           -0.9309428217429
    -0.1425558720888            0.7653068952128
     0.2981924426568            0.2258639026505
    -0.7290836445337           -0.2370498569531
     0.7622372605946           -1.7545185800414
     0.3478764043676           -0.3384953720331
     2.0196789661027           -2.4022849668043
     0.0632537683652           -1.5182876603325
    -0.6048610738708           -0.4856916058759
    -0.5548037602293           -0.7891296626886
    -0.0152689313780           -2.0926124457969
    -0.6071819232573            0.0557209640178
    -1.3591459934956            1.5825436573412
    -0.4111529473282           -0.6799625799788
    -0.6298388779920            0.3029809739277
    -1.2583243491496           -0.1606959445507
    -0.9273274372743            1.2432438987804
    -0.3247726761856           -0.1344738982648
    -0.3367302934836           -0.4250163520779
    -2.6584033409285           -0.7112147421947
    -0.1773063446583           -0.6286269009486
     0.4736578388167           -1.2819959689351
    -0.2931769572816           -0.8791826840733
     1.0268644425517            0.2304441944123
    -0.0888715618939           -1.1513982110504
     1.7872969989878           -0.7066459958615
     0.3783598899326           -1.8267018085059
    -0.8342779084025           -0.2420311774582
     1.0698991107678            0.1297854464393
     2.3656831319105            0.1600472661003
     0.0297840330956            1.5807813855084
     1.6505173340899            0.9017762790229
     0.4110286245635            0.6372967209503
     0.9223837733867           -0.7914279835172
     1.4699762640715           -0.8579117544302
    -0.9741941851390           -0.2079947289137
     1.2274605257832            1.7865475645608
    -0.6540253863511            1.2109335158314
     1.1436426346989           -0.2382089911250
     1.4786021080845            0.7559297454311
    -0.4405930261082           -0.9057747213608
    -0.6160192071951           -1.5102331533248
     1.8787103227489            0.5688234008567
     0.4352174013686           -1.7091829601385
    -1.4914309887938            0.8281126124978
     0.7214609475845            1.3679060082558
     0.5057594301297            1.0725269873722
    -0.2159758720005           -2.0577253420214
    -1.8547109071574            0.0880729292038
     0.8286931524304           -1.9068718887741
    -0.6468632713814           -0.3400454961686
     1.7958577887842            3.9518922972367
     0.7123617487620            0.3700266000217
     0.5863816819185            0.6071824569455
     0.2088504509152           -0.7847089153426
    -0.9880579789295            1.1155623968315
     0.2135281040254            0.6042748392242
    -1.4680564829237            1.6736798500008
    -0.4562931021808           -0.8524560074405
    -0.7217271705622           -1.7557052709152
     0.7025213760452           -0.4609960860688
    -2.0252837504810            1.0308385422275
    -0.2559293615802            0.1773161839841
     0.0220793519163            0.1127473119817
    -1.9995732068215            0.0164784173050
    -1.5666699324802            1.0682251392119
     0.6106973517600            0.8377999930477
    -0.9732676554685            1.2802008820744
    -1.1936864588030           -0.4905832718424
    -0.8505508693966            0.7590473500708
    -0.7428814895304           -1.4287600309807
     0.8331666128867            1.7744278846599
    -1.8791720645146            1.6562467076800
    -1.5564790749477           -1.0833399231617
    -0.0604614512515            0.3871231390675
    -0.4957291722716            0.5724679934707
     0.5872392587895           -1.2059168391927
     0.8299213754917           -0.3845629768878
    -0.3239155850413            0.1769338101908
     0.1964190584407            1.1097896468855
     0.6284282836378            0.8837570433376
    -0.2653752712382           -1.3366969240862
     1.4429085352671            1.0651309439636
    -1.2579113628185           -0.5252463995321
    -1.4705789785817           -0.6686541246216
    -0.0008994778724            0.6110485645620
     1.0896916973754           -0.0311973063239
     1.3866443494424           -1.3641277385382
    -0.6058939134751           -0.2630850360877
    -0.4776514759738           -0.8430872889389
     0.4084497238706            0.8962739445305
     1.3813198432736            0.5298229571945
     0.4637171919639            0.8342251716432
     1.7232909433048           -1.0294052329069
    -1.2173599074811            0.1081586024091
     0.1914877392461            0.5881398503048
     2.1274590559423            1.1453862767618
     1.7634849092271            0.6904696039523
     0.5606176920984            0.2822242040348
    -1.5871141720609           -0.2139409011000
    -0.8514689342087           -0.1563881863564
    -1.9887500637843            0.5782250668276
     0.7401222561503           -0.7347415191252
    -1.0503432687730            1.3668633191100
     1.1370602197544            0.9543266504384
     0.6739806379683           -0.3751695262792
    -0.2409815348624            0.3741937913974
     0.9837887594147           -0.5840074132053
    -1.7476788115967           -0.6537911653507
     0.0553980782558           -0.1327648410773
     2.0433920736653           -0.5995554487942
     0.4346982235256            2.3464733363848
    -0.5492576982920            0.2663728209009
    -0.2974596026805           -1.3086001997644
    -0.5362879506190           -0.3251884345748
     0.4506640649998           -0.0210291302193
    -1.0514831729410           -1.3124411257729
     0.0346111286184           -0.0959168081297
    -0.6533175378700            0.1967438046069
    -0.6903869098569           -0.4622343493137
     0.0017960180442            1.4796073796450
     1.0112533881554           -0.0895981528013
     0.7947012211058           -1.6069866959820
    -2.3500106201463            2.0718504206029
    -0.6752230294889           -0.1045636026017
    -0.3301506338634           -0.7055331525668
     0.0313693793102           -0.4728139490700
     0.0631969352239            0.3329961758915
    -0.5981838572345           -1.7348039550422
    -0.7475441669098           -0.8799513071995
     0.2336756616034           -0.9974291795657
     1.7571223908373           -0.2201189645542
     0.3563803820881           -0.1464820039394
     0.2192021266280            0.2341816438580
     0.1939353403199            1.3173696262193
    -2.1204863446575           -1.7878938381968
    -1.3035224684291            0.9743909216011
    -2.0175889700101            0.2563795441033
     0.4698621353623           -1.1704354040612
     1.7387588945586           -1.3934913472561
     0.9162364460443           -0.3331729434354
    -0.3438321263599            1.1314663401558
     0.1795398019973           -1.1399652107710
    -1.6697054429634            0.0174034785896
    -0.1124365458187           -0.7290820183034
    -1.1069659855690            0.2174159270179
     0.6416621653262           -1.3957596385107
     1.8353287713085           -0.2032142955518
     0.8609764508635            1.9664631639639
    -0.4639235338012            0.4934747932164
     0.5651424311049            0.9418390159823
     0.1174685549821           -0.7508074426740
     1.4141611824598            0.2597272340967
     1.7629743913356           -0.8092981774318
    -0.9909251016900           -0.3073695134322
     0.1400350735322           -0.1009662148403
     0.2283085476027           -1.1707168870632
    -0.2302226723402            1.2529132939335
     0.3838966602929           -0.1605933231873
     0.3782202611077            0.7502496604663
     1.0852029184334           -0.3295554650190
     0.1116228624550           -1.1885818980140
    -0.1869498470663            0.5121302537618
    -0.5462802194829            0.8383544066432
     0.6727252478183            0.8339987207133
     1.0678653585801            1.3112252899706
    -0.1782007124995           -1.4292318846762
     1.2498374116999            0.6587016091326
    -0.1888719573178           -0.1518925702332
    -0.1649171669701            0.1912840037823
    -0.3035786580533           -0.8852865478553
     0.0779996283289           -2.2563687960327
     0.4672974036176           -1.1542564004322
     1.0709363979576           -0.3376356968709
    -0.5668640083751            0.1043252924203
     1.0721853925922           -1.9272969654686
     0.3297067627196            2.1667104258403
    -1.1101353046898           -0.7636944384233
    -1.1443021055531            0.5995150866523
    -1.7039317237219           -1.4903465132180
     0.9081103843929           -0.1557612140693
     0.8676601565394            0.1129472142447
    -1.2589970971038            0.1252295280402
     1.5694456560020           -0.1161690979908
    -0.3194956443865            0.1478435653570
    -0.6284063919379           -1.0658430367187
    -0.4450440532296           -0.2475367385782
    -1.5545777118997           -0.8076298204312
    -1.9997914082279           -0.7904839773335
    -0.9600255405313           -1.6080689685286
    -0.3773385397741           -1.1565200683178
     1.0544389656706           -1.7488877915230
    -0.8678601262587            0.6467264137764
    -0.1062337153127            1.1866586418001
     0.4760628844228            0.1941229746502
    -0.1302469951568            1.6034016972957
     1.3275029057653            0.5089606451910
     1.3231328934604            0.4973634287880
    -2.4415010416578            1.2039504230838
    -0.9230495018958           -1.4453227917218
    -0.5536260247776           -0.6786214036691
     0.1427842570390            0.0057370593777
    -1.0531220385863           -0.0046583923019
     0.4032301545613            1.5410200781557
     0.1251403656768            0.1491575937490
     0.4871335676224           -0.8690592350459
    -0.8726254386890           -0.2487937933430
    -0.1397605958691            0.7864109049040
     0.7439700150151           -0.9486134462085
     1.7505176159896           -1.6385397270605
     0.9036370822246           -0.4994222816275
     0.8286855948401           -1.7151051021998
     0.2243820182662            0.7287590255070
    -0.4609872813751           -0.2595130573784
     0.2938164161276            0.2786902873645
     0.3714505541963            1.1304369102350
    -1.3077659273729           -0.2355832955979
     1.6589509619928           -1.2483958252011
     1.6734643649999            0.5631960142033
    -3.1662698005851           -1.7144223869039
     0.7131902432739            0.8589347675438
    -0.7166263549653            0.4786381321736
     0.9698992955006            0.7257237875006
    -1.5985757228628            0.3395423085941
    -0.9143022347670            0.6045436492876
     1.5664745465088           -0.0809462885915
    -0.3281418183225           -0.0287506321770
    -0.1923885722730            0.5925295178337
     0.5487856880923           -0.4721015174201
     0.0272093652256            1.0733318857958
    -1.8050543265204           -1.3726521983797
     0.4740232964336           -0.4367583456695
    -0.0471227345896           -1.0667819473630
     0.0371451321253           -2.0301041233776
    -0.5894234431450            0.3725741129099
     0.3062346476658            0.6749740809017
     0.1009999900357           -0.3560386547841
    -1.3021317949974           -0.0148049899606
     0.9460594840528           -1.5961055429130
    -0.2324556629922            0.1209384651103
    -1.0610245735127            0.1373041002600
     1.0395742293532            0.7668586048306
    -0.7815813845147            0.0891783414658
     2.1328185266101            0.5321812025967
    -0.3491361929978            0.5319377821232
     0.9454694026931            2.6840624933438
    -0.5174987899980            1.8573360928283
     0.3152544721687            0.1653816341872
    -1.7023028376862            1.7168707680910
     0.1335014966306            0.0893514264438
     0.4612021261396            1.2690066185999
    -0.0082327101459            1.4720809498299
     1.0303841958731           -0.5965845562593
    -0.8177227930088            0.3969290438835
     0.6185246402911            0.3725932873420
     0.7130873793974           -0.9393035243405
     1.5505921348322            0.7172800917804
     0.7948223355518           -0.6861520339679
     0.0757204038637           -0.5962681603164
    -1.0596490079473            0.9434391936375
    -0.4933419858538           -0.4696586652189
    -1.2122885447829            0.1007711958961
    -0.5300400305304            0.2775178554715
     0.2593112293439           -0.4806638871673
    -0.1436609027385           -0.6342367557813
     0.0257298905852           -0.3730622848827
     0.1814931306340            0.8210745182088
     0.5086335218686           -0.3014249417006
     0.7272582539135           -0.3111875133939
     0.9098164802284            0.7132577187842
    -0.5134537989542           -1.0758915014559
     0.2809225555837           -0.1561732823906
    -0.6937680960627            0.7867036016468
    -1.1749916087241           -0.6003235485713
    -0.8528581585430           -0.5004239956010
    -0.9135100301002            0.1130901001523
    -1.3602291529744           -0.3083848108579
    -1.8546336283248           -1.3412306854262
    -0.3709751954197            0.5787797816869
    -0.6092297203022           -0.3873038961062
     0.2565487356050           -0.7585046714311
     1.9213487062709           -1.2646313351805
    -0.9425154988520           -1.9239805712799
     0.7706858865021            0.3018714539406
    -0.5728245496100           -0.9603726594484
    -0.0455482752385           -0.3074955188100
     0.8708912830191           -1.6919942553718
    -0.7469601193694            3.9832664977172
    -0.1886960324202            0.2438764130416
    -0.2352309423757           -1.1888644062288
    -0.0442177728588            1.1524022556949
    -0.9309713136122           -1.1541358715144
    -0.0666527373074            1.5590858748467
    -1.1262080225116           -0.1708467130756
     2.2577847449513           -1.1783673551572
    -2.9794049539331           -0.4057087138564
     0.3742201461403            1.9638887743843
    -1.6950024036796            0.2813269996109
     0.0353587752125            0.0748679922018
    -0.8077430710463            0.1931237505003
     0.9609911501886           -1.4253999064915
    -1.6141909092817           -1.7668085900837
     2.6366774775988           -0.9946596949509
     1.3001759109552           -0.2864397243345
    -0.3869175338395            0.4813677957532
     2.5640722223719           -0.6517184727043
     0.0225725876681           -0.3476561907286
    -0.3299667789859           -1.9063013002937
    -1.1162336492997            1.2923835709519
     1.5866421121650           -0.0090362999899
    -0.1677549664673           -0.8714209545751
    -0.8523058347589           -0.8284118721021
     1.6164310583154            1.1881233015759
     1.5409644010060           -0.6782777135990
    -1.6672209824191           -0.9836933193271
    -1.2974780437841            0.3753762202891
     0.0971039426916            0.1325483902026
     0.0667263687354            1.5829858151248
    -0.2627264768840           -0.5801291849316
    -0.3531913389815           -0.7592133770994
     0.8299418892730           -0.2473462277032
    -0.6026982610851            0.1061694210947
     0.2107152968339           -0.0704409226410
     0.1323762464920            1.7801576220462
    -1.5805758940386           -0.3577675164884
    -0.3449045043909            0.5052611332641
    -0.3097877622441           -1.7598520338186
     0.8407580661308           -0.3683757865783
     0.0585445972020            1.9113771485798
     0.2710756122529           -0.5975015998143
     0.9514428339920            1.1582143740780
    -2.1489937220630            0.0492101705312
    -1.6687952779362            0.3168042959373
     0.2450821823850            1.3522462396932
     0.4071263896979            0.6560067964811
    -1.4120813088488           -0.6886746052997
     0.0489358831023            0.0194174970706
     0.0560341694260            2.4361692601051
    -1.2118539025878            1.4223111277125
     0.1150019439255           -0.5480467565339
     2.0398178022009            0.8102791461817
    -0.2609030113843           -0.8372217032292
    -0.6573337003041            0.2304784584075
     1.9293515598934           -0.4711559875446
     0.3352233222095            0.3140149836839
     0.4186248618151           -0.6050189455539
    -0.9044285776549           -0.1750820261901
     0.2527433513260           -0.5092291175401
    -0.2114899994756           -0.3690984594246
     0.6742641342916           -0.5622343845365
     0.8535136049138            1.4901363832859
    -0.4952078805944            0.4947102632522
     1.1338949531162           -0.4552488873041
     1.3139119356287           -0.7936686581704
     0.3083497458478           -0.7816426160615
     0.4899065711052            1.6121301514735
    -0.7814703432981            1.2196549395680
     1.0822856108306            0.6612552012632
    -0.7011351787381           -1.0297345883688
    -0.9887016569064           -0.5858567998858
    -0.7612655813125            0.2739319716798
    -1.2196797843839           -1.1456464284661
     0.3694747440478            1.0480164217993
    -0.0233788594469            0.0229650207165
    -0.9716943677813           -1.4656976011723
    -0.6575693465100           -0.9192081932807
     2.3640199222818           -0.9333600246443
     0.0764304351474           -0.8634281105337
     0.8086576712493            1.2356949414264
    -0.0616544387141            0.8056453058823
     0.3591867204149           -0.6400481588961
     2.9120450624389           -0.8175380861579
    -0.0230404075253            0.4101311842121
     0.8237607457884           -0.2211301432073
    -0.8960923170341            0.7189659246643
    -0.1215423336744           -0.8804097787525
     0.1406865516581            2.0696904893163
    -0.0477938916837            0.3012978017024
     1.0524409067833           -0.3801829446930
    -1.0939270940742            1.8845171683608
     2.0659810200607            1.3515682028437
    -0.0334197824457            0.3321399562635
    -1.3275607948988            1.5745078420113
    -0.3608932710709            0.6875373738872
     0.2609546945670            1.0805700864577
    -1.5509120061583            1.0658491238419
     0.0746754572971            2.0339357239530
     1.3046207283831            0.8182855505121
     0.8854562683062           -0.8642556859098
    -2.3192598848549            0.3644546396892
    -0.6368041342925           -0.2545455868458
     1.6281323130214           -2.3416771399693
     1.5490842856689            0.4568242500722
    -1.1344469222294           -2.2915911503555
     0.3085387389722           -0.1312931817016
     0.1156123152397            0.2004139823854
     0.2868247524386            0.2908296080301
     1.8762014846214           -0.5813427163214
     0.3830423807982            1.1338364835361
    -1.0159352495769           -2.0571552479609
     0.4061847331968           -0.5188386590485
    -1.0881845305272            0.5360701936215
    -0.6503396649714            0.7527941847245
     0.8312175060037           -0.4670031544387
    -1.0346133700902           -0.6763747899501
    -0.4072988823775           -0.1526608101619
     1.2238171006255           -0.6347126268898
    -0.1312055621776           -0.0394616733757
    -0.1728308946896           -0.0295653388212
    -0.9446702187580           -0.9426965681940
    -1.4782641455553           -0.8228210694613
     0.3073473416888            0.3072292156503
     0.3989329344918           -1.1991681482869
    -1.0352813603283            0.2232030997498
    -0.2549207356688            1.1242465354099
     0.3830957858490           -0.1343717905083
     0.0264301497358            1.7097656821821
     0.3300829685706           -0.4295744771057
     0.4984118465273           -1.3714444995151
     0.7456317959777            0.0060021518512
     0.4873995349493            0.3029037483598
     0.1746875062834           -0.5612422063802
     0.4930048431425            0.7307180335875
    -0.2389777821322            1.8030418284515
     0.9781916246268           -1.2681789533435
    -0.0524333037111            0.1875661400100
    -1.7327149767260            1.5959880011625
    -0.4731690528594            1.1107655460793
     0.8113193772412            0.7563743746979
     1.6356343767784            0.2488087715991
    -0.4783211742553            1.6291904049458
    -0.0351907643607           -0.4110218411587
     2.6324732300437           -0.2616126437704
    -1.1621016919761            0.2108220388153
    -0.6704751964136            0.4974576960836
     0.7230321709804            1.8309681119707
     0.2596417981595            0.4699492415223
    -0.5096117211244            0.4311331431320
     0.4496473643165            0.0607370569104
     1.2599965191805            0.9045684556666
    -0.1234946980258            0.7123397338217
     0.4874385427406           -0.3457968517248
    -2.1852409463824           -0.4139343783656
    -1.5818187165203           -1.7885788669634
    -0.1527037901749           -0.4664342121976
     1.0776129494495            0.4118410128310
    -0.1937184678257           -1.4121847323210
     0.3322758386037            0.7131090619330
    -0.2029461084938           -0.0157846064836
    -1.3308913659478           -0.3859751761865
    -1.1319233409360           -0.7434882585576
     0.1972503000509           -0.9545391328285
     0.8416600793589           -0.3476832985175
     0.2185148501843            0.0710257049662
    -2.1005223344148            0.0285800311394
     0.8202124593949           -0.2594339524977
     0.6887375957838            0.3770985374683
    -1.4989766842196           -1.5810324526252
     0.8612479264350            0.3362732092042
     0.7824604019320           -0.4033304161754
     0.9454097534219           -0.4617227019127
    -1.4344206146921            1.7592842073455
     1.1660260496279           -1.5895332101049
    -0.1637173275866            2.2328836716198
     1.1057223863498            0.9778032126496
    -1.5784475813300           -0.0003797156916
    -0.8245677641231            0.4041519716624
    -0.0738468899475            0.0735491886530
     1.2947568689764            1.3562107800926
    -0.1601553823747            1.4030363252689
    -0.2798909682580            1.6095024637500
    -0.0221176922455           -0.1778211240128
     0.2064941935503            0.9929806593767
     0.6040982894002           -0.9102476424925
     0.5893122437910            0.0906933022745
     2.2802668565142           -0.7482117622859
    -1.2233168608979            0.1208460174742
    -2.4325282441940           -1.5585738667796
     0.0072266885402            0.5418625789508
     0.2798240389817           -0.9654032193755
     0.9357029934248            0.4549133468959
    -1.6201105198615            1.2436991048902
     0.8757933861542            1.5065394012428
     1.0783082613381            0.5716642913017
     0.1480227134115            0.1938704292404
    -0.0391192976655            0.2176815141113
     0.3111777886525           -1.1650762738619
    -0.4375864735322           -0.7451811400425
     0.8683642627091            0.5581734556633
     0.1089201699087            0.6348121271501
     0.7211655757182           -2.3031264817484
    -0.1425369702397            0.0572397225809
     0.5146227077797           -1.8023708222801
    -0.4022800695443           -1.0987583807023
    -0.6206656143378            0.1602908250459
     0.1285142933169            0.3748133940546
     0.8237612163916            1.1280419298299
    -0.5061237821695           -1.2029194851300
     0.5098264341568            0.6428421257226
     0.0330734715702            1.4223228161513
     0.8459212519029            0.0991747580267
    -0.5199270020110            0.4023219524503
     0.3530694176378           -1.1523448270862
    -0.5963178548743            0.1269737942228
     0.4837960018283            0.5143361994737
    -0.2856588849499           -1.2261053450948
    -0.0034661582934            1.8311221945254
    -1.9447447866286           -1.0253616162299
     1.3125040419732            0.6978493428082
    -0.4457931783069            0.6925425192559
    -0.3975718314231            1.8550723198547
    -0.0636496935482            1.3192452533729
     1.3434554024123            0.6936790387944
    -0.7578022314875           -0.9286257609857
    -0.3815852348066            0.5975144009154
    -1.5145655757849           -2.7899716129737
    -0.8743572071137           -1.3301162172035
     1.0088144551690            0.8606349290292
     1.0444869781842           -0.1286448169056
     1.7090858758496            3.0375711153377
     1.4379950284766            0.1205962387923
     0.5821643960085            0.0171948388038
    -0.7390790445483           -1.1491558897951
    -0.6764319751440            0.0510812383437
    -0.3038083395764            0.0182713086137
     1.1796101200817            1.6970876619343
    -0.0715230418063           -0.6152880964831
    -0.1713967953617           -0.6252441915223
     0.4313414150695           -0.7230955967732
    -0.1266659755746           -0.9471800645955
    -1.5844642774547           -0.3817384869283
    -0.7505134291236            1.3728886955952
     0.2684119689448            0.7906870990392
    -1.3913350592462           -1.9380650110777
     0.7264829396055           -1.3047353000292
     0.2184903717115            0.3225044184237
    -0.2163499912292           -1.4426629674494
     0.1226212219134            0.4288332532747
     0.1175136127454            0.1949934516798
     1.4083323924731            1.2186611267784
     0.4795101630235           -1.8714586103273
     0.3673618721772            0.3724000575801
    -0.5364158178352           -0.8183560926655
    -0.4854251648509            1.5495052511099
     1.3368111796734            0.9497385213508
    -1.2013233393373            2.3089176126817
    -0.9800425565862            0.8921877544531
    -0.3571680843611           -0.8975241324987
     0.3090332045885            0.0011115205292
     0.4744026160882            1.7212907036664
     0.9004606104051           -0.0381122838372
    -0.6358841563298            0.6278669994483
    -0.0352045193842           -0.4313870652099
    -0.4635279255521            0.1009462447648
     1.4235700534637            0.4404543070136
    -1.7840186654930           -1.0344783606978
    -2.1352133240593           -0.5074248866075
    -0.2685710647287            1.0887626305909
     0.1129006020117           -2.1556186654453
    -0.0971629589726            0.1181115126429
     0.6741401445223            1.0549110276918
     0.0098496319615           -0.6512222782959
     1.3861408946548           -1.0620661902595
     0.2104525296045            1.5277052337200
     1.6935538199168            0.2342624876112
    -0.5290823176937            1.6630372315369
    -0.3926986454788           -1.4907895237163
    -0.3737648287067           -0.7408229795296
     1.4815040503875           -0.7786403902092
     0.9189585531973            0.2601143956454
    -0.6395329551586            0.2552510067681
     0.1693945022145            1.9635418942926
     0.8597795673595           -0.0172097081705
     3.0818353500609           -0.7502310695565
     0.6048504293525           -0.6761187873724
    -1.2677596073400           -1.1912760656203
     1.0729502393905           -0.3202868126392
     1.1451289345537           -1.8424517594806
    -1.4076312185037           -0.8376363323503
    -0.0965676347921           -0.4063392608229
    -0.5903557998214           -1.1043903042975
    -1.0397432264174           -1.1404222652862
    -0.1514900787491           -0.4604561629463
    -0.4152251117764            0.1490347658563
    -0.3124395372770           -2.0581064566609
    -0.4776399568908           -2.3896817807105
     0.2121811417961           -1.7501908219149
     0.1782488413965           -0.8324409058060
     0.2755585538999            1.0806466033935
     1.3502502956230           -2.1349143954953
    -1.7872737419094            0.1822586435070
    -1.3040800641604           -0.6337379730420
     1.1677537288406           -0.7601768108436
    -0.3397741621707            0.5892083327247
    -0.6819214683752            0.7313402452170
    -0.3462896190178            0.1376529977258
     0.0615990322233           -0.3354936858641
     2.4459175125918           -1.1600819352935
    -0.2157930994135           -0.5247793532725
     0.0767333242624            1.2999547727141
    -0.2806278841304           -1.0121434739245
     0.7269270680413           -0.4206469667970
    -1.3245480871722           -0.1770627455775
    -1.0568355146259           -0.3178008748013
    -0.0426438531544            0.9465571923631
     0.4882643169072           -1.4591698534062
    -0.6873983418630           -2.1321866421834
    -1.0600170163957            1.3610228914961
    -1.0879480033761            2.4712994263458
    -0.3186872668214           -0.1012263058549
     0.4179698103002            1.4375677170493
    -0.0770438871625            0.6686692964971
     0.1690850604247            0.8401575095679
    -0.0239315675542            0.3725269897314
    -1.6220943858052            0.2359551876171
     0.6363674442317           -0.3258679159679
     0.6920346406526           -1.0719634096153
    -0.9723775713671           -0.0588682321493
     1.0137292139455           -1.7536087154306
     1.8359718734581            2.5291939189722
    -2.9047488932763            0.9177085716069
     0.8431351299638           -0.5716269343029
     0.3450751281477            1.2972578573227
    -0.4589126331285            1.7639553793135
     0.3042662311656           -0.0457896988349
    -0.9166308173985            2.1567217526647
    -0.7190205220129            0.8910432190857
     0.3363343871316           -0.4350771161652
    -0.9162288899240           -0.2620547800198
    -0.0400713400267           -2.2793092276791
     1.6095366563490           -0.8273034947838
     0.4980203867411            0.2850338998183
    -0.6319355968787           -0.2733460405259
     0.5569805188744           -0.1365914839335
     0.0582337794205            1.4943985462133
    -0.6868046294464            0.0342662488021
    -0.7579237610232           -1.3619816580007
    -0.8124750329669            0.0859857348102
     0.1799022519530            0.1700535371553
    -1.6723530496469           -0.0111818517716
    -0.3922877789886           -0.8481161287980
     1.1859719807752            0.1663564593493
    -0.3518887106146            1.1152572952064
     1.5066148911006            0.1930483245465
    -1.0468760592443            0.2910591423310
    -1.5360698200999            0.3019810814922
    -0.1727808464769            1.3741051590105
     0.6715270940516           -0.4980464452761
    -0.7617286840770            0.4003642286882
     1.2633918514826            0.1367366493579
     2.1294721101672           -1.4381475359851
     0.0542702358622            1.1432636307544
    -0.3719292263191           -0.5083434252211
    -2.0262408003161            0.0538035794028
     1.3858677218984           -0.8782795623029
     1.2304590478129            0.2571771901968
    -0.7434984618434           -0.1923049243100
     0.5381985894692           -1.0376309297635
    -1.5312080291485            0.5122047515034
    -0.4614634790842           -1.4405890440341
    -0.0466592644274            0.9236384689248
    -0.1555004412842           -0.0659587915834
    -1.0448160733045           -0.6411726216510
     0.2848100083179           -0.6932066274190
    -0.5859137468638            0.1086501799368
     0.1546976609371           -1.4716909438280
     0.8503671938467           -0.1917203633679
    -1.0699285307228            1.8700549268052
     0.6458671035113           -1.8628635753806
     2.1609347512893            0.2159356559240
     0.3935079445522           -0.8146494070813
    -1.1890092046860           -0.9318964404609
     0.7077872470990            0.1736611792677
    -0.6085432006346            0.6391530645274
     0.7767134945399            0.5919636334533
    -1.1830456036683            0.9949565390789
     0.4031143208030            1.9714166363280
    -2.0590152994714           -0.7203748888151
     1.0860203557313            0.6060323221570
     0.1407862004035           -0.4565763021955
     1.5666341819864           -0.7432547731298
    -0.3199051065981           -1.5675339092089
     0.4930944421112           -0.6614060635929
     1.0749912390998           -1.0206732653221
     0.4777667860432            0.4542502971490
    -0.7971813798150           -0.2876409786393
    -2.1952836751690           -0.8056171982581
    -1.7116841169744            0.5916912577582
    -0.0423778236476           -0.5854691384905
     0.2847491868902            1.9998263483283
    -0.7356621479086            1.2122723321687
     0.9304539073345           -0.0188977507446
     0.9624319414967           -1.0613946528493
     1.5110430681345            0.8890619234651
    -2.0766756563541            0.9350167236409
    -0.6310587743161            0.2638740940573
     1.2134796622224           -1.2019721970190
    -0.6103817731843            0.7262713216446
     0.6793531810714           -0.3544953671795
    -0.7256465447850            0.2961660370207
     1.0101248446963            0.7166388641919
    -0.0045613337359           -0.3914511128656
    -1.4257228385070            0.5815900745088
     0.6770558780161            0.2080234615946
     0.3880742568884           -1.8093556494089
    -1.2718421215631            0.2166859858090
     0.5830168085057            0.5821605449460
     1.0578395076717           -0.5047001986795
    -0.1570696292032           -1.2495806950338
     1.0022956355219            0.6439646827785
     1.1523189872953            1.3811027037031
    -1.4316320542806            0.4806226013841
    -0.5556365384406            0.0691063847761
     0.8501268936065            0.0534295897958
    -1.1812670475109            1.9313190960675
    -1.1778720442170           -1.9723505649639
    -0.7511950788753           -0.7624068050359
     0.4905849152338           -0.2561236677469
     2.5918280769123            1.3220246424432
     0.5190979689030           -1.1047124700104
    -0.9827048317344            0.0093046877524
     1.0887228419752           -0.8626557205478
    -0.1019225873839            2.1625751365129
    -0.0135323746167           -0.1649854445674
     0.2434102261192            0.3566049317234
    -1.3386698402392            0.8954111144526
     1.5138867614879           -0.9687037319230
     1.5788448314981           -0.3198181965064
    -1.3128310940946            1.4058179241551
     1.0880759088663            0.6113649704393
     0.3198242493612           -0.5022302405565
     0.8390579341633           -1.8980708102192
    -0.8025510187571            0.8328323916909
     1.0235044784732           -0.7684437366326
    -0.7721398186772           -1.4229019972964
    -0.2923954954690           -0.8724466940336
     1.0597186869503            1.0323663855492
     0.9586796249338            0.1173945676236
    -0.2089657978024           -0.8397573257012
    -0.1058946303100            0.5004816470772
     0.7259141874726           -0.0134933078760
    -0.8043927700032           -1.6984156513563
     0.5737849778232           -0.1249901056839
     0.8672001405585           -0.6017537771066
    -0.3766697806506           -0.6943172211408
    -0.7664475973276           -1.1748425922685
    -1.1714334557440            0.1836213824514
    -0.7399464577045           -0.2809067148147
     0.1893580744439           -1.4098146266097
     1.0892660731402           -1.8262046740826
     1.3974128656795           -0.3085588990817
     0.4544992430135           -1.9777159275376
    -2.0284808318662            1.3123366616556
     1.1276014105078           -0.0987451582039
    -0.3465608338238            0.5782682108846
     0.3044861938360           -0.6481928321165
     0.5641780710795            2.1082119176442
     0.1394235556447            0.3436014850248
     1.7484225214485           -0.3410254045043
     0.7003818039855            0.0165261108153
    -0.5813286937531            0.4276068473507
     0.0592013879258            0.3242679267929
     1.1368666292045            0.8795132802119
    -0.1933991074240            1.3113185954625
    -0.4326428085946            0.8225812627411
    -0.5256631918861            1.4633322878618
    -0.3182037526953            0.4196406941373
     1.8558039959387           -1.0990513125725
     1.0857759920296           -0.6866296757035
     0.0646685371628            0.0128230123665
     0.3610180149987            0.0386062844883
    -1.4863338570161           -0.7769918078627
    -0.5728416536549            0.0200856320545
     0.3168330084002            1.6237193686450
     0.2745825988252           -2.4274907766002
    -0.0595126987965           -0.7987323870658
    -0.2284821023710           -1.2069878388833
    -0.1887678989701            0.9325034506641
     1.5463626469520            0.0058205457241
    -1.4108882783503           -0.1708862798697
     0.4473288571352           -0.9225340329203
    -1.6724287699163           -1.7235055296677
    -0.8233265825464           -1.4438628008870
    -1.6498474813336           -0.9636115989276
    -1.8121078900001            0.8718306251732
    -0.4089006798912            0.2983563073421
    -0.5241379512487            1.1859099463269
     1.5276789259256           -0.7576126996465
    -1.4952781004611            0.1850258632228
     0.0615454490439            0.6747050733244
     0.1741524373529           -0.5394826045139
    -0.2027724440192           -0.2770391096813
    -0.0932779807049            0.0992650893308
     0.1072733554970           -0.5130317858562
    -1.8278107747957            0.3974135169337
     0.5073203163944            1.2394854725432
     0.5554030565990            1.4954120315727
     0.7551157112879           -0.0765004561649
     0.3066224548843            0.1087305986744
     0.7473620852822            0.4681791151642
     0.8665740284052            0.1951670855304
     0.1720716535475            0.2450317776322
     1.7041956612283            0.4435219847334
    -0.7073833958294           -1.5197301830110
     0.3675179900950            0.2636305172428
     0.6127238734868            0.1357124884128
    -2.0998274432775            0.3395216007583
    -0.1962057473999           -1.2184717375173
     0.4110283044344            0.6089109490806
    -0.5132275873408            0.0832690127655
    -0.5344565018153            0.4536187424944
    -0.0115782177590            0.0344937712500
     1.2135774254686           -0.6240550797733
    -0.4256943928143            0.9502228108298
     0.8426303258690            0.7732519198212
    -0.6075130955998            0.9020822121029
    -0.7108407252761            0.8856699082736
    -1.7887476811717            0.6885180759448
    -0.9724666108010           -2.5013070248628
     1.7513229792795            0.4539764239519
     1.1870857965945           -2.0307844164340
    -1.5131531964409           -0.2199580963837
     1.0952034064467            0.7325739839378
    -0.7261204532027            0.1670131365294
     0.0540466784708            1.0225659144392
     1.5383486619262           -0.0056452489378
    -0.0734696828076            0.6708070216306
     0.6820075152127            0.6132682199228
    -1.1776739719803            0.6575250850788
     1.1934571158373            0.0308246809828
     0.3071210343719           -1.3791083868720
    -1.7065587034287           -0.2893057012032
    -0.1484697108535           -0.0565024358005
    -1.0291834487590           -0.1769462762095
    -0.6670930726264            1.5224261033715
     1.6733542916881           -0.3815997988766
     2.4084222099205            1.4146143521373
     1.3391272310789           -1.2557053938729
    -0.6078821783313            0.6544717606238
    -1.1892242622946           -2.4485848750217
     0.5835519975389           -1.1516342231903
     1.2437955625491            0.0775635210205
    -0.9076258342622            0.5242324861775
     0.8431724424251           -0.0620512777157
     0.6794383664506            0.6617474813333
    -0.2716197940204           -1.3525098664806
     0.4033009038343           -0.6840265993354
     0.8631386470970            1.5751969147739
    -1.3926411236965            1.0665195414444
    -0.8498429154836           -0.3492752422776
    -0.6014954851269            1.2706380148351
     0.1364933034478            0.8618865364140
     0.0853790206468            0.9866509244915
    -0.9187348025483            0.5247429481720
    -0.5856915396658            0.2829196256071
     0.6137670624541            0.4310341927662
    -0.6648509607526           -0.7609226076892
     0.5853646345233            0.0901447812259
    -0.2289112145501            0.0133891017109
    -0.5555668858114           -0.2277840926296
    -0.2614302564487           -0.2154610507426
     0.0845003245860            0.2884860888558
     0.3397141897345            0.3529268617316
     1.3191802545333           -0.3413236412779
    -0.5112712921196            1.2014836784262
    -1.5678426472630           -1.1547571526975
     0.3150747569868            1.1554087410883
    -0.9871926031769           -0.1084108606035
     2.7934220995350           -0.2974056582813
    -0.1302187567612            0.1696082079835
    -0.9641236131820           -1.5692558527924
    -0.0711854077265           -0.7338075388067
     0.7724260945192           -1.4682449394702
     1.5198110306204            1.3543336192366
     0.5308276495695            1.2348389565912
    -2.6647756999453           -1.4864166702721
    -0.2976891681346            0.3873193419059
    -1.1912695669782            0.5511252921336
     0.3047078539111           -0.8599564407434
    -0.6984946862398            1.1701023803408
     0.1119104018359            0.9387496613327
    -0.7861030130343            1.7331820908147
     0.0795451042866            0.7547980305430
     0.7595426326221            0.5584660492627
    -0.8462535315037            0.1430851829312
     0.3348849424699            1.1973834082844
    -2.4847112731527            0.4319204403432
     0.6241380337748           -0.7278303250752
     0.3052415027978           -0.5722427818299
     1.0370932892359            0.5161174715838
     0.4943476805427           -2.6922204122827
    -0.0590978027516           -0.7316782965372
    -0.7126348278835            0.4930779919043
    -0.6223118370297            0.3003343791356
     0.2059972089435           -0.6803431050563
     1.1511098323065            1.4803684454182
    -0.0928875654026           -1.3465586278664
    -1.0118492336866           -0.9815046837701
    -0.9159808002648            0.5002253480364
    -1.2360328974360            0.5172539233307
    -0.1759628263848           -1.0315143800817
     1.4441158019784           -0.7956919426605
     1.1787470465949            1.3111799512708
     0.6905707764308           -0.7341581438415
    -1.2145388443446           -0.8153121918576
     2.8515288928065            0.3946948359060
    -0.2799002112604           -0.8254547811177
     1.7265490660842           -0.6786938162096
     0.7960300636380            0.2282688800102
    -0.7795738697489            0.4927953192379
    -0.1400814155847            0.4833760174600
     1.2627092623590           -0.1335967573868
     0.2176523482089            2.0163322630652
     0.0909190173515           -0.2145078310976
    -0.0179299157196            1.1324045627700
     0.8271997047409            2.0318292564725
    -1.3752040997967           -1.3351309886760
     0.5641524668025            1.7525914676703
     0.6672509122752           -0.2860469253438
     0.0655280447484           -0.8673815608780
     0.7815945633425            0.4221420641340
     0.7380569675734           -0.6668608187940
    -1.7850175194188            0.2606541515124
     1.0979216178050            0.5847948908756
     0.8613005634157            0.8974683993822
    -0.3490986891028            0.0260125159784
     1.3897736132543           -0.1732577449609
     1.7888471018357            2.1293627484407
    -0.8145624593481           -0.6052705864764
    -0.2581281509987            1.3516571132368
    -1.0950928674386            1.0436976184159
     0.6523593194395           -2.1144830658966
     0.2231492486757            3.4016248805148
     0.6432011520675            0.9961861557546
