    -0.6976912236528            0.2366020900571
     0.5093988315103           -0.4369952718445
     0.0502939209172            1.3330164926473
    -0.3926080458997            1.2981682724972
    -0.3074761146378            1.2288303218430
    -0.5738186167251            1.6922758298527
     1.3709574303518           -1.0178900979194
     0.0609757927288            1.5583025513105
    -1.0145211101083           -0.5678142475553
    -0.0146235542312            0.3927425980966
     0.7544833339732           -1.0057147647477
    -0.1363968973084            0.5879123180267
     0.3825468354188           -0.0432968133345
    -0.9416058945544           -0.7054108963435
     1.7792870205448           -0.7462571087853
    -0.2894284461622           -0.4950422426779
     1.7599582877370           -0.5802535923325
     0.6407594111562            1.0560960947725
    -0.6733663745946            0.2882845722504
    -2.0650173378557            1.5237058673209
     0.9743485670076            1.5804722831588
     1.2946465352645            1.6868976362466
     0.9134199676511           -2.3503192360152
    -0.3377064444623            1.4015425331204
     1.6030225782265           -0.3439492961404
    -1.6872651204274           -0.5850368927551
    -0.4412854260189           -1.0998059510351
     1.7574639668412            0.6114895660225
     0.0663983957447           -0.4258630469583
    -1.8163418671841           -0.5492785961586
     0.0492168132109            0.1490088651534
    -1.2607238901134            1.7548414584149
     0.1080777337571            0.2419255717385
     1.4277434702942           -1.0741901694060
     1.7399253598615           -0.2330601919354
    -1.8518016482927            1.1887813243778
     0.3469811068095           -1.0462621510106
     0.4031280979175           -0.2898857244391
     0.2828781838208           -1.6315901792154
    -0.5165065509475           -0.2905861224127
     0.4701805639132           -1.3044754477712
    -1.9081059555789           -2.0000946417647
    -0.4926258748073            0.2178966116216
    -1.5963998094685            1.5870983731095
     0.3824261759222           -1.2267247383970
     0.2770347977105            1.7927960813431
     0.9486031414346            0.7982367190594
     0.4706206137365            0.5111860533587
    -0.1285868031073           -0.6441691099635
    -1.2829394206350           -1.5337177056569
     0.5359998826843           -1.0894728446396
     0.0190858471989            0.3445765895197
     0.7283598397715           -0.1251978386280
     1.7502587435406            0.4882251741216
    -1.1490555973144           -0.3423858367645
     0.9007505768578            0.6502079781094
    -0.0148317567834            0.6010014382226
     0.4230392293527            0.0272945854870
    -0.0525948066644           -0.2028515936566
    -0.9134888015845           -0.8056910196764
    -0.8103021673745           -0.6467085095125
    -0.7650601855103            1.5654772713696
    -0.1348963613506           -1.2147726394714
    -0.3332442117158           -1.8567290436018
     1.0748823524359            0.1553288360896
    -1.5952326610401            0.4495559886703
     0.5219573464188           -1.1918860770394
    -1.4719639990623           -0.8727930684172
    -0.9488887142099            0.6338638092522
    -2.7139447593507            1.2953340347807
     0.0786573501468           -0.5981971548575
    -0.8360740754852           -0.0816090689293
     1.3353231677123           -0.1576233939868
    -1.2898076764998           -0.3268678863510
    -0.9715489453810           -1.3412445178860
     0.3815573989353           -1.1338803067310
     1.8344822420635            0.2715205054031
     0.7715096312374            0.1786635596453
     1.8100421756721            0.4312589003065
     0.7165329880169           -0.8486947684151
    -0.5112975332279           -1.2874027669332
     0.6171119187156            0.9175690736314
     0.9309394106642           -0.6665981284933
    -0.0856276830962            1.8492761434428
     0.0548083770291            0.5393480756262
     0.4545184947025           -0.8675008279280
     0.9504173872777            0.8568995983575
    -0.0806867993922           -2.0343999845514
    -1.8185704216957            1.6667116277626
     0.1601986102266            0.5441064273807
    -0.5673410109356           -0.4783613312621
     1.0917971818660            1.0184281501770
    -0.3708382974569           -0.6788466895759
    -1.4686806971919           -0.2901593124577
     0.3273896059664           -3.3293275058078
    -0.1219723727010           -0.4702505825076
     1.0016554910111           -1.1543163581809
    -0.3056077664359            0.3443550859923
     0.0729519573631            0.1295327378080
    -0.0021994831485           -1.1473581183562
    -1.0278826342056           -1.9749336546104
     0.9463546866072           -1.8371431136644
    -0.8321597798699            1.2523358906689
     0.9096262077205           -1.2228801168723
    -0.1683026604204           -0.2693524508574
     1.0490901946181            2.4409048039873
    -0.3431213186795            0.3834913875720
     0.9085563785275            0.1958107387389
     0.6586612339647           -1.7293407493936
    -0.9514965647847            0.8569048688201
    -0.9038814355704           -1.2213798381207
    -1.7240585252734           -1.7386401593265
    -1.3813358849704            1.8379314429702
    -0.0936252871411           -0.6705931468643
    -1.3806548379111            1.4125953553536
     0.1408896651021           -1.8312668706239
     0.1736655764998            0.2124066280484
    -0.8119828568080           -0.6356674797637
    -0.6345080370856            2.3517096753197
     0.4243546584698            0.0918140639787
     0.4971496934822            0.6489045763535
    -1.2323463966817           -0.2730293917391
    -0.3687058739950            0.2235976840633
     0.6630253876177           -1.2251676921818
     0.0757981264740           -1.0490677069725
     2.3841307359429           -1.8899043324401
    -0.3008224015502           -0.3917467899386
    -0.2619078059514           -0.9268893889122
     1.2720429579864           -1.7789012998798
    -1.1760756529325            0.3208354033693
    -0.2387074255315           -0.5815217949241
     1.3617512704709            0.1704762473400
     0.9102137585820            0.8008221591952
     0.0125159439347           -0.6190816067367
     2.0304953904512            0.7373816399100
    -1.1467318606781           -0.6979546809955
    -0.1308899700406            2.8546746467471
    -0.4114430307970            0.6246478642899
     0.1418172012746            0.6895264555438
     0.7147495639825            2.6777555529547
     0.3510188549846            0.1906408320718
     0.1564791960272            1.2206789283542
    -0.4366015970780           -0.7314570271456
    -1.3894674691889           -1.0542745034816
    -0.2363687821832            1.4739821519178
     1.0559371510876            1.6270297832326
     0.8644244616462            0.3233474447824
    -0.8526590544546           -2.0141122655947
    -0.3279474457647           -1.0098435030931
    -0.0788003593594           -0.4049415246241
     0.0987338786207            0.5879894549050
    -2.4161717353245            1.3949022115287
     0.1147152560265            0.2095194067588
    -1.1396579394422            1.5197163923701
    -0.1551268635348            0.0058448480314
     1.4770359616662            3.0751511896136
    -0.8822288604525            0.0317419852076
    -0.2844649713455            0.6796312839038
     0.0204970175882           -0.3831858804049
     0.3551163997318           -0.4809828292836
     2.5325984224812            1.7107605461585
     0.9184079270221            0.5146401148363
     0.3910195620170            1.1117862831225
    -0.6019593988759           -0.3612291430161
     0.0899269137178           -3.0884265131621
     1.2110708692590            0.7938114477161
     0.5873870867230           -0.8299730224886
    -0.3100885743275            1.0223359171286
     0.1871116441294            0.4294694866578
     0.8609244764701           -0.1644101883159
    -0.2842578388965            0.6997119631440
     0.4634598940642           -1.1886786578277
     0.1733317512477            1.1031302027396
     0.0293897141081           -0.2881326305100
     0.9091317947310           -0.6585994353469
    -0.0075623617579            1.7270884264465
    -0.2941751780164            0.2777284622078
     0.8212551053925           -1.1991724265462
    -1.8770794811190           -1.0847030693767
    -0.1290496522201           -1.2758727786766
    -0.5987941622214           -1.2508686390214
    -0.1202068131479            0.4355302478778
    -0.4211571431152            1.2958608016641
     1.4238845566121           -0.1485710276289
    -0.6495229655819            1.2769997748066
     0.3538829669452            0.9557471997350
    -2.4505574546649            0.7070280786839
     0.2215166021199           -0.3563688557500
    -0.0444453460811            1.1682907168014
     1.0027046187660            2.2471989938460
    -0.7613329931527           -1.1081203157628
    -0.1873449768064           -0.8282408724609
     1.2798366810482            0.5210065430509
    -0.0043697785699            1.7273767911432
    -2.1850912125852            1.8044085665401
    -0.2765635021847           -0.5129202315054
     1.3005173038229           -2.5309667505939
    -1.1564287187991            1.7216681948403
    -0.8099380330001            0.2932205650972
    -1.5836379884432           -0.1234754691796
    -0.5301753625195           -0.7561020147215
    -0.9846640717371            0.5050695536071
     0.2621278953213           -1.6310747174500
     0.8015010419968           -0.6007011525834
    -0.6029659625513           -1.9500476414605
     0.2315361579176           -1.0988660618496
    -2.3643614762672           -0.1978384754527
    -0.7419017740968            0.7016695955256
    -1.1926139546170           -0.6660560827051
    -0.7410789340748           -0.9610125240464
     0.1529444010947           -0.7009835781094
    -1.2424205269765           -0.7879961913454
     0.3779292339095           -0.8575074849535
    -0.7475489433248            0.9888500558224
     1.1619625074122           -0.4775926941171
     0.9726458151694            0.4337062164608
    -0.1415115743623            0.5754835899814
    -0.1494890711088           -1.2615402181440
     0.7818414128919           -0.7891366509397
    -1.9108976638121            0.9458105441228
     0.0906063091627           -0.1267130110517
     1.7184337795211            0.7002197976941
    -1.0192538373254            0.3050232513702
     0.1403924746283           -0.2069486219158
    -0.7828418982169           -0.3437807461378
     0.9150024268773            0.6233079303769
     0.6199368089106            0.5540753434162
     0.9656911810497            1.1218402478071
    -0.2307642364953           -0.5822091984114
    -0.4730611851843            0.6518849121879
     0.2707043001482            0.2643991772083
     2.6802717575644            0.8623922093431
     0.5958263403580            0.5767511957840
    -0.1061315148807           -0.6370661649424
     0.0473107957867            0.0560203107247
    -0.2662850484954           -0.4715656883480
     2.6677836828366           -0.1556343598586
     0.3246703110883            0.2411239633828
    -0.3804586095500           -0.4295412860453
    -0.2412561862015           -0.4476095452026
     0.1526547822115            2.3089357087230
    -0.9233468521022            0.2633962465847
    -0.6508762596288           -1.0132219455616
    -0.0145043337977           -0.3989168180150
     0.0886048666186           -1.0508339985280
     0.0536180380149            1.5023167607099
     0.1566046655302           -0.6924249471849
    -1.7131690196194           -1.7538232505216
    -0.0940722008726            1.0329950039952
    -0.3678204117319            0.6892905572762
    -0.5474638198064           -1.1626318629641
    -0.7065558957283            0.6974805203656
    -0.9746769055442            0.6343215275442
     0.2127421859271           -0.1581168219899
     1.4783900964076            1.6708182340115
     0.1055142797746           -0.1091456841622
    -0.5061581509605            0.5626581978110
     2.4697461453580            2.2729587613439
     0.6398226351417            0.2901345984547
     0.2066243622593            1.1003900815514
    -0.9614220370600           -0.1701492061581
    -1.1404934201026            0.6284343544441
    -0.6051111658099            1.0154325465576
    -0.1844052100475            0.0405717466878
     1.0870105611900            0.3037375785194
     0.5796928725772           -0.7046225932662
     2.1668295743772           -0.2368409340943
    -0.0858365254436            0.8111047045432
     0.7148066592190           -0.2729681457785
    -0.7984150062435            0.2778157085389
    -0.5619593242489           -0.5479096379453
     0.3189259714359            1.0600459246603
     0.4732874285869           -1.9891755643944
    -0.6500861279646            0.9188212927102
    -0.9305496970864           -2.3703698123615
     0.9821850034851            0.5197976918444
    -0.7093269745052            0.3312772804426
     2.1708098297343            0.8093725473302
    -0.2871513431861           -0.1975844167155
     0.9122039121650           -0.0144535463902
     1.1645841967244            1.8709571242647
     0.2387486925726            0.1669221370512
    -0.0409250665325           -1.6439751190649
     0.8566625540684            1.7606375476185
     1.1718603319815            0.4891448999035
     1.3378216569348            0.0385539396839
    -0.6515038559673            0.5002529952604
    -3.0839671030492           -1.7449149457710
     1.6447686760672            0.3891414603269
    -0.2901175646514           -0.6252955094826
     0.9261077257527           -1.3321686662819
    -0.3007873062178           -0.7295885736502
    -1.4624080625420            0.4519752173927
    -0.7196352757525           -0.4612519486580
    -0.7840846073141           -0.4489333690914
    -1.0641103175476            1.7193679679207
     1.9011496835471            0.2704663268696
     1.0638601436043            1.0193699315167
     0.5745080809524            0.7653418015473
    -0.3544139731145            0.0391845583640
    -0.0419295329416            1.3291473183211
     3.3815631074176           -0.4696139284661
     0.3671565363332           -0.6947461513590
     0.1640416204793           -0.3822949188627
    -0.3852277359552            1.2139129533560
    -0.2888175970421           -1.4692651019115
    -1.6496284450254           -0.5045895644539
    -1.1338319211221           -1.0052015881590
    -0.0531901323224            0.2001416439923
     0.5086169981576           -0.1344073567204
     0.3937955245214            1.9430893648663
    -0.2239078285366            1.2011569370315
     1.0139681255328            0.2134453744590
    -0.5503994521170           -0.9441056974524
    -0.4334676042166            1.1304281239505
    -0.9116435865774           -0.4869676817010
     0.1146642973308            0.4635230578007
    -0.7210679463705           -0.3711780758645
    -2.0707755752708           -0.6757891604893
    -1.2523084167836            1.1920751355111
    -1.1715340387967           -1.9094050046143
     0.4047429611795            0.0584746103850
     0.2862167606563           -1.7394503368971
    -0.5926687729673            0.8349229131546
     1.5068640087063           -2.3955008181885
     0.3487229367616            0.2253709856709
     0.0789583906899            0.6823585913250
     0.8437905872627           -1.9650067689523
    -0.2986691737021           -0.4813831235185
    -0.8943558218612            0.4923969168286
    -0.2277389410615           -1.6809614666974
     0.5382298999840           -0.2931446906260
     0.7530548175638           -1.2788840897592
    -1.0743651580485           -0.4818421718143
    -0.3328834171044            0.0443861232671
    -0.2370498075303           -0.7258112851624
     1.1143855322261           -2.4855229553508
    -0.7837960461274            1.4698165001561
     0.5734200278137           -0.9622068250512
    -0.8887041434479           -0.5346198427757
    -0.0582983667589           -0.6049588244403
     0.2101967312523           -0.3153402475901
    -0.8873981834794           -1.1965834089169
    -0.6599996906827            1.3044206445809
    -0.2025426268273            0.8671772806623
     0.1466050507751            1.0795435974808
    -2.2217349005024            0.9129163527777
     1.0129131044573            0.8340639105982
     0.2022992275325           -0.7540988509778
     0.0285588742080            0.1889786419822
     1.0717386357355           -1.4497696196227
     0.4596437103818           -0.5681512861578
    -0.8441113811349           -0.8113087195419
     1.1915756984011           -0.0292176205890
    -1.2331074636670           -0.4553505653603
    -0.9524335345417            1.2482806189011
     0.1791041528357           -0.8185677852555
    -0.6039676883643            1.0940830276481
    -1.1144587805502           -1.0672149505943
     1.2243683595855           -1.2914268633916
    -0.3109981187487           -0.3424177131848
     1.1675733211389           -1.1709611626950
     0.6616886181438           -0.8007081622949
    -0.3226624713969            0.4142549609025
    -1.1021037674098           -1.3654885107130
     1.2640888818530            0.4287526134018
     1.0107844085672            0.3104967026178
    -0.6978827453452           -0.7919632071680
    -0.1930760108430            1.4681265863823
     0.6338673281753           -0.7471452959170
    -1.4939005531200           -0.2326064370873
     1.5693342768337            1.3324244523937
    -0.1117250824975            1.0150433216816
    -0.1500734005465           -1.2266928532074
     0.8004410984784           -0.0410189673962
     0.1536504370139            1.0330124249688
    -0.1759598346019            2.2433970408737
    -0.2666908609722           -2.0724624654147
    -0.3646364792925            1.9874799359840
     1.1326377225863           -0.7974209093055
     0.4217847482080           -0.3730798211893
    -0.4206447336672            0.0245843526141
    -0.4479957523490           -0.7958532317071
     0.2403590143462           -1.0135336874970
     1.7414687868351            1.1601956857355
     2.0557931770974            0.3323978488994
     0.1759780424582           -0.1035023812107
     0.9699924446648            0.3946360501452
    -1.6781196283571           -1.0156869597978
     1.5654763502913           -0.7070304007380
     0.7432339972154           -0.7177193804598
    -0.2359069461618           -0.9843191781419
     0.3955895606853            1.5713535239224
     1.5828092579711            0.8784081638146
    -0.2316747461678            0.6186475795988
    -0.8544644469169            1.6302530904266
     0.1121772957875           -0.8285441753949
    -1.1881295987206            0.0926409605133
    -0.3691219772462           -0.9026514513764
     0.4634271982793            1.6923472573316
    -0.1961029408572            0.3150307294669
    -0.8320536447624           -1.9051583837854
    -0.0130193082679           -0.4419083365862
     1.9060302515150           -1.1046589973071
     1.9657635165097           -0.3716337905168
    -1.3370365846353           -0.3796567604717
    -0.1322300042689            0.8218394466333
    -0.9849645586435            1.1499196229926
    -0.6938713719308            1.4464219425942
    -1.0804863278538            0.0625378762306
     1.4717586121193           -0.6026829621359
     1.7383916470171            1.3529393080419
    -1.1528488142925           -0.8470495602172
     0.8826249031852            0.2903866040021
     1.5978762879254           -0.9670472166019
    -0.9169007260519            0.2957329969036
     1.5713583106239            0.9128842846959
     0.1173551184321            0.9462705054498
    -0.2285946439049           -0.3440523661468
    -0.0648241422304           -0.4384562715215
    -0.1190400618630            0.4105999975969
    -0.3268790711004           -1.0011051120752
    -1.3974266738709           -0.1393285640177
    -0.5861328963412           -0.0469030934702
    -0.9258120098138           -0.0671124519274
     0.0232575949963            0.6976563822732
    -0.1711678165209            0.2739623518917
     0.3915644685461           -0.4821833105500
     0.5298022425429           -0.6216841201579
    -0.9324758348165           -1.4915381253654
     1.1666382149992           -0.5127775358862
    -1.3782490487581            1.0307512496919
    -0.1158084938111           -0.4327472805664
     0.8567642189210           -2.8864523576865
     0.2961769251221            0.9989811534588
    -0.3375497448733            0.3488363191529
     0.5884006125421            1.8199731367805
    -1.2765632411582           -0.0230134428772
    -0.0044278002544            0.3396546800775
     0.0143717006156           -0.3419376126397
    -0.8900089650130           -2.3000233838421
    -0.1504959545611           -1.0698149230731
     0.1365783882847            0.4794134761235
    -1.4740041012371            0.3088125199718
     1.2705644509527           -0.6608284481088
     1.7593607875688            1.2087739409987
    -0.0601663732548            2.0294601523705
    -1.0325009617724           -1.6521530910185
     0.4720577473150           -0.7830122178507
    -0.9709566458530            0.9328275953603
    -0.9399472417931            0.7291720071299
     0.1969381571538           -0.6964084348937
    -1.5947896319178            1.2100984532860
     0.3922731829376           -0.4516656558508
    -1.0787429371930            0.8664739602635
    -0.0611701386432           -0.5716056877388
     0.1655858208237           -2.1083681179931
     1.6401836170245           -0.8767517258275
    -0.3805404043145           -0.0181308812359
     1.2994060552636            2.2998956500137
     3.2324376420979           -0.3459711456577
     1.0645809796633            1.3474815628022
    -0.6572346284911            0.9844732395685
    -0.3347119498973           -0.4003197138290
     0.4335438800262           -0.1611117489797
     0.6061063732190           -1.9986608696311
    -1.7923253251852            0.9089552122782
    -0.0050213025255            0.1521687089145
    -0.6128713089113           -0.8072775948968
    -1.1354355888175            1.4651192262022
     0.9158955771360           -0.8653068781340
    -1.2098932363150            0.2453090731469
     1.0127815177303            1.1152094033164
    -0.3670202585230           -2.0085059031939
     0.5882490742539            0.5760236472760
     0.6793238812339            0.9699595603106
    -0.4720572584518            0.8656591509325
     1.3918505294042            0.1886655392500
    -1.0334966442297            0.2673812195546
    -0.9186725168944            0.3806561419388
     0.7825285495750           -0.3701435754575
     1.1003432407223           -0.5502199513394
     0.0766568382703            0.3523454448234
     1.2723913973875           -0.7287549220913
    -0.4533757577068            0.5782576019739
     0.9020061670731           -0.1641861040095
     1.2223407011935            0.0953762397796
     0.3288832829116           -0.2707790284989
    -1.0515554926289            0.1793275097069
     0.3285876649312           -0.3382432733134
    -1.7790977029620           -0.1784228373522
     0.0662901980396            0.4132537122859
    -1.1085279182983            1.5321672406559
    -0.7531443054805            0.0237185314400
     0.2595144405341            0.2781643238405
    -0.4182554550093            0.3101755990430
    -1.3276618998078           -1.5028574169500
    -1.4125757834264           -0.3942899057513
    -0.6730060929149            1.3704927837337
     1.0153589191246            1.6588143256401
    -0.8604708415961           -0.5737743653675
    -0.1231851681984           -0.6440406494226
     1.1109950222874           -0.1434674723036
    -0.6354713159336           -0.7769012974472
    -1.9611374544514            0.1876042830111
    -0.8831999122563           -1.2634337918449
    -0.4424629587827           -0.9260055036277
    -0.0916035225086            0.9110377363503
    -1.6406249677780           -0.4736682677876
     0.1017353452257            2.0084752371344
    -1.3466634386010            0.7044555308151
     0.7150657063561           -0.5963726103315
    -0.2123705655726            1.0343511764163
    -0.5303128284097           -0.9711113480685
     0.4155253623687           -0.4476363884820
    -0.0575074969922           -0.6425433781625
    -2.7289930117875           -0.2320585175938
     0.0075994185991            0.8448107214025
    -1.4628702649529           -2.3447497390439
    -1.0161558714232            1.6766905363167
     0.6656159395269            0.5049102997803
     0.6657985598382           -0.3149744181186
     0.3833055574125           -0.7103532206851
    -0.7205182249912           -0.3104036430136
     0.4378159064631           -0.3137784149167
    -1.6713593915326            1.3380053672139
     0.3512666606580            0.7816713561950
     1.0431046774757            0.5334830301196
    -0.4036933370458           -0.1023618510937
     0.0979421971786            0.6435550659991
     1.1149390393587            1.5931844607866
    -0.5569925737319           -1.3079482454203
    -0.4361028370863            0.9609341752942
    -0.2021827920498            0.6270924732211
     0.5025908277677           -0.1969980751609
     0.1954694648303            0.4450153592296
     0.3618356879511           -2.2255841766894
     0.5276268040213            0.5003144829035
    -1.2409716995126           -1.4851358732184
     1.3138286491374            0.6040335153870
     0.2485345445050            2.0238400031923
     2.1032731706483            1.4510700879567
    -0.8990450609700            0.6852969788479
    -1.7235682003890            0.2121624320388
    -1.7636307072361            1.2096495056597
     0.0759072199378           -0.6344824345942
     1.1859086539691            0.4272777337473
     1.0408055886425           -1.4517269433755
    -0.5269242049160            0.4361897226878
     0.9707465667089           -0.2523109677878
     0.8348555375715            1.4351396479676
    -0.2509005903834            1.4437171546188
     0.4676619515280            0.4949536376414
     0.7471872308130            0.1449165236377
     0.7531724489984            0.9971565533014
    -1.7909471931550           -0.3475609198566
    -0.8468907618221           -0.3665737597602
    -0.0102294084065            1.5589579149026
    -0.2503150653205           -0.8072871982514
    -1.2900666049017           -2.6694205980353
     0.7787026065801            0.4882541146164
     0.0760185692554           -0.4693549346759
    -0.5967278245200            0.9947771386367
    -1.2341648693946           -1.0797375813480
     0.0442302818954           -0.4972188549521
     0.5309042660963           -0.2162625378562
     1.0891124919629            0.2066621139269
     0.3964958240640           -0.9125813786737
    -1.1290812946015            0.5419560144778
    -2.2690849289861           -1.3808168705822
    -2.5212762312941            1.4391244907340
    -0.0438745611480            1.5270094889912
     1.0532858593820            0.1497196450830
    -2.5336667704767           -2.4315163712570
     0.9499787881798            0.4041578007179
    -0.2733284038768           -0.3508880246083
     0.8810993916896           -1.7248330866915
    -0.1291598604244            0.2276148860339
     0.8735219526900            0.2512043499586
     1.0069602209902            1.8129225365477
     0.1015604292434            1.6223029033757
    -0.5040199159996            0.8788514269106
     0.3539502379063            0.4365919787396
    -0.9561309713566            0.8307591645462
     1.4023942363839           -0.2554550216847
     1.5635184847560            1.0834995575414
    -0.8894130935468            0.4180944341241
    -0.4163138385313            0.1078079368360
     1.4626353216908            1.6567051531293
     0.3057187267677           -0.0852839728469
     0.0049042799311            0.2789268425343
     0.7642643118333           -0.8956791678075
    -3.1655011081875            1.0665753853424
    -0.2637622372139           -0.1728199215362
     0.8102121074479            0.5887167006089
     0.7442681956159           -0.4098259508284
     0.3087219561999           -0.9108262979800
     0.5583060621732            1.8013911358639
    -0.4741418052378           -0.5094191791366
     0.5943434708425           -1.5179713701198
     0.4795901075436           -0.6444728576624
     1.1492934578116            0.1400579949855
     0.2078213721395           -0.6323303567022
    -0.4217473035763            0.2649182100860
     1.0803722287335            2.8176587864091
    -0.3798121214746            1.6635666838628
     0.6183417028048            0.4201244232562
     1.3381211968201           -0.7476616239028
    -0.4777795622755            0.2540050185605
    -0.5781270796748            0.6577860413641
     0.9974050611215            0.4218197122192
     0.9791401185275           -1.2305009438323
     1.0173958008909           -1.9323217313722
     1.7247420882953           -0.6527895637326
    -0.7501480471578           -0.9609301469918
    -0.3410196786725           -0.6669775989627
     1.1528551866567           -0.2715573595243
     1.0420123784904            1.1507341614766
    -1.1862241274905            0.6963285642395
     1.4076356026380            0.3258156005376
     0.9082893945374           -2.8920100924196
    -0.0530490445889           -0.3600279589368
    -0.3843334003801            0.5153612647777
    -0.6742015664545            1.4300654899395
    -1.3756266819986            0.1498153397198
     0.0281416873006            0.2833408990981
     0.7110156608598            1.0943303803661
     0.8667407871554           -0.1902674325645
    -0.7702455631335            0.0829577740092
     0.2291374446868           -2.2252177620228
    -0.4630903607587           -0.7885709859846
     0.3293632805106           -0.3143126453904
     0.3434831044433           -0.0431893530160
    -0.3173881489031           -1.7740512173942
     1.9416696743151           -0.0786455345304
     0.3008380850310           -0.1054796860857
     1.2151096713311            1.0641232575779
    -1.3603461658767            0.5656740093437
    -1.1961688112599            0.1108994190793
    -0.3018525240684            0.5551585455981
    -0.9395919221257           -0.4920655771892
     0.7349402547868           -0.0751915104314
    -0.2103608853861           -0.4210706987939
    -0.8999373557518           -0.6153952654627
    -0.1215377507082           -0.8431800381368
     0.4753303686449           -0.8281992626133
    -0.4916683791820           -0.0745307112854
    -0.4042205230835           -1.1373270624032
    -0.5789314056649           -0.4151501326977
    -0.5557277511010            0.6561935512146
     1.2582710181248            1.3374436570483
     0.6644730645702           -0.8746331147218
    -0.5189129593500           -1.2084080841789
     0.5535384756785            0.0185302227006
    -0.1090285018408           -0.0565290477581
     1.2100248837987            0.7048199941272
     2.2029155852200           -0.9668078464417
     1.2301394278509           -0.1128539790667
     1.3705522518998           -1.1951723073294
    -0.5950527887359           -0.9297285594221
     0.6844054757927            0.4633791408230
    -1.6115477223896           -0.3367891420492
     0.5138285353958           -0.0627047084913
     0.9157160161161            0.8996451312784
    -0.2111164660626           -0.1995407039551
     1.8925480082890            0.4376664250245
    -1.1679614276683           -0.7988457147317
     0.6599904787265            0.8530404444018
    -1.0650957491063            0.6543311402641
    -0.6661543363316           -0.7369703022009
    -0.4421791757513           -0.9418388970320
     0.3193660248395            0.8239401176029
     0.5665379406137           -0.2754408976856
     1.2060960601359            0.5916196800043
     1.6082441514535           -0.5484608060362
     0.4087727767302            1.4240601906736
     0.3813501977539            1.7923825039690
    -1.1870965117820           -0.7966250272548
     0.7686749531684            0.7552332834945
     1.1057838081012            2.0235960322611
    -0.4170501454803            1.2895472621730
    -1.1795303001191           -0.0797652637040
     0.7122207576838            0.5994655952980
     0.7157126425685            1.4790805975148
    -0.4985747038063            0.2532215781305
     0.2307574002265           -0.6625813966843
     2.4434567701868           -1.1792601847392
    -0.7497477041152           -1.5147580939622
     0.4495918405291           -0.1206638227634
    -0.6513881521311           -0.0916638629200
     0.4092889002918           -0.8803200813983
    -0.7524530428254            1.0625329933803
    -0.3472112445857            1.1017676791172
    -1.2486871887048           -0.4031222125799
     0.8597924679430           -0.7736971373335
    -1.7902314093266            0.7326183312929
    -0.9487004582843           -0.4962038890478
     0.1069047821998            0.9941150909263
    -0.2687760152794            0.0663717442365
     1.2077652114178            1.1663111300070
    -0.3596091003945            1.2610764081745
     0.9579985662070           -0.6249462341332
     1.5263788859268           -0.1166494184155
    -1.4801663903358           -0.7414699965250
    -3.0373611196245            0.1609379470483
    -0.3855300426979           -0.2043613469084
    -0.8943552839617            0.7870763676904
    -0.6643470836750            0.2427474447076
     0.6091170935370           -1.7387653931734
    -1.6389490031662            0.4066540689455
     0.7234187385467            1.4774811067936
     0.3721105404504           -1.0137808071441
    -1.0090939084943            0.9284105944908
     1.5951276651534            0.0090489780787
    -0.3967382279706            0.7028413230763
     0.4338053462225            1.8601903824043
    -1.7775879726547            0.8237120567333
    -1.1854013769305           -0.4050714772077
     0.8885066169096            0.7585995295807
     0.3595428286457            2.0001248217409
    -1.6436467229446           -0.0160061595821
     1.1364008735958           -0.9887787730931
    -0.8671437130344            0.3462474107872
     0.3105555330295            0.8212236077050
     0.0290891606085            0.2846695749187
     1.0284288444422           -0.4955436988341
     0.9860974599127           -0.0151371673307
     1.1933861036144            0.4960418182885
     1.3780658286739           -0.8329987384664
    -0.0334071739436           -1.5503598600586
    -1.0805914674390            0.7270872822401
    -0.8907128515712            0.6606645710535
    -0.1546394711820           -0.2206628795865
    -1.2455816798781            0.0222201558672
    -0.9530436110525            1.7453205096419
    -1.4585545209451           -0.3400047035418
    -0.4867527574504            1.7677249583709
     0.4440704564713           -1.4642736726276
     0.3049771770809           -1.0359297207848
     0.4540290092690            0.0683882957041
    -0.1810507955307           -0.6229685666585
     1.0967331848079            0.3598991443036
     0.5808302083132            0.6708477190125
     0.8591303482804            1.2116470435969
    -1.8967157210519           -0.0273826053747
    -0.6436558081670            0.0236020844261
     2.4102095947396           -0.1414596565684
     1.5471148626970           -0.4661705241284
     0.6441789160561           -0.8197790057555
    -0.4740229782723           -2.6090423513673
     0.1428601175724           -0.6839791716243
     0.9368246423502            0.8053531951894
    -0.2852860100400            0.4953121901753
    -0.9764781694402           -1.5319049839823
     0.1249173606209            0.5634044122636
    -1.6891709726775            1.2109093238579
    -0.1290208103320            0.5966116300088
     0.8553797931855           -1.6040698136952
    -0.7098703446916            0.2340047408603
    -0.4478085206807            1.6702316116882
    -2.6197892457630            0.3516731836146
    -0.5378100641850            0.0699030843889
     0.3406358180279            1.8739362421175
    -1.0566756475812            0.3440215629449
     1.0593838415611            1.5169836282359
    -0.4036164599730           -1.9328324038966
     0.6908267584479            1.7743344417415
    -0.7948538315035            0.5358276204505
     1.4877510077128           -0.4973127001935
    -0.3103343600815            1.2434893010833
    -0.0735968142410           -1.1365866426372
     0.2110674284171           -0.9069328959220
    -0.5522905608854            2.0018584544044
    -0.3008277431472           -1.1088470905857
    -0.3225859187074            0.7578520818747
    -1.1908307631167           -0.1343745697170
     1.6443639633278           -0.3627761960016
    -0.1039365446440           -0.2720865559950
    -0.2613970653723            0.6826148792249
    -0.6676469910922            1.1662311427414
     0.5329757072890           -0.1375076734794
    -0.3993948994968            1.2612015090304
     1.0992983304088           -0.3917409623490
     1.5338592513841            0.3816104512315
     1.3680048759839           -0.4721036144426
     0.5577576776104            1.3157438123205
    -0.8238695095769            0.2401393957167
    -1.1684728306620           -2.6270781001984
    -0.8305884059934           -1.3109906615461
     0.4559265000330           -0.9129613417194
     2.0500323727820           -0.5832021048339
     1.6439456090229           -0.2470425158564
    -0.3028005447548           -0.7937534480280
    -0.0576464902917           -1.8714418804482
     2.6856325169422           -0.4215699696751
    -1.2944290809465            0.5618199995078
    -1.5872329357083           -1.1214256535864
    -0.7884112431697           -1.5988711184880
     0.3709415266807            1.0420996877298
     0.9464876945282           -0.5467464349879
    -0.1108317309355            0.7376295987172
     0.8615554975070           -0.5048459896152
     0.1110024354655            0.8387105446190
     0.3945014536716           -0.1421975028523
     0.5420164424865            0.7872520853808
     1.0380969822094           -1.0545026621953
    -0.6183950815978           -1.8048431081592
     0.2209685915128            0.6658582997722
     1.3473022858102           -0.3563440367660
    -0.3641159362003           -0.1123142042107
     0.9336291912354            0.4154556024028
    -0.8788282068366            0.9991906279758
     0.1684712409275            0.8818638472009
    -0.6012137314381           -1.0307399530419
    -0.7603043857248           -0.0179253969314
     1.1882505976754           -0.3484090956752
     0.7832321310625           -0.2100626348507
     1.4246011682981           -0.8282450535569
     0.1477198276040            0.0242785373779
     0.5406031392945            1.1359205088040
     0.0221174863858           -0.3817074680599
    -0.0637071964629           -0.6133414493586
     1.4462594497369            0.0347312601937
    -0.6973127903691           -0.2162650187171
    -0.7348295970894           -1.4554271029858
    -1.2040233046668           -0.3489589762670
     1.3757461767593            0.2276038659181
     2.2963069428738           -0.7273981327146
     0.0530672705652            0.4108412167545
     1.1175984737811           -0.8259618802050
    -0.2503208357158           -0.4407434700644
    -0.5871365837202            0.7196155172626
     0.4288667547394            0.2904831702555
     0.4338793865138           -1.7295696664045
     0.0768547115139            1.0855070305323
    -1.0988152872708            0.5975929621285
    -0.8780710454241            1.0438849680710
     1.4244046712924            2.0397133357038
    -1.4610827745540            0.4364787628594
     1.7112029843285           -2.2515323788702
     1.1804599104759           -0.3278672466160
     1.5803383112590           -1.3101626483757
    -0.9395773589840           -0.4395774938035
    -0.8035169483667           -0.1156817909739
    -1.6231905810746            1.2379564138282
    -1.0449054539218            2.1404171237463
     1.0113170428123           -0.0621684813116
    -1.5209726950853           -0.5490685828174
    -0.3419101823916            0.5203065723247
     1.1689004230983           -0.6499416439181
    -0.9992479816689           -0.2402389809434
    -1.1386828114256           -0.2147992559334
    -0.6327506882935            0.8725153966457
    -0.1924251000815            0.2476762317957
    -1.4282018775659            0.3572241382864
    -2.6290264307833            0.1532264826593
     0.2706570983871           -0.2995497368393
    -1.4257537110622            1.5687585550294
     0.5879718624151            2.0048277007808
     0.3998728486018            0.9634922254694
    -0.6152057674778            0.7069379518722
     1.4555021226527           -1.7438675159099
    -0.8175987859246            0.9539110985621
     0.5892206422274           -0.6328015570213
    -0.8057560782206           -0.8038886442028
     0.0582685717010           -0.7842518873314
    -0.5630601788757            0.9091449953968
     0.7567354029964            0.0916529203417
    -0.6432562359283            0.5002485326208
     0.7526915869762           -1.0687986901267
    -0.2967791580685           -1.2019454041268
    -0.3358662099598           -1.0097934910588
     1.0835789465286           -0.4439530676200
     0.8951975306432           -1.5639952958010
    -1.1677652465083           -0.2679024291541
     0.1513233561014            0.1311333801205
     0.2027968297286           -0.9975183119068
     0.5798949441198            0.4494402869435
     0.7236597287889            0.2857240067503
     0.4404005856358            0.4758630220520
     1.4698418933874            1.6155803349688
    -1.6061885296913            2.3967913507226
    -1.6449686118606            0.3895663825106
     0.3778007156088            0.8671946623237
    -1.4220848505558           -1.9132062149941
    -0.9847708592032            0.0957062298856
     0.4384642600300            0.4654900611982
     0.5523707418870            0.3805177267262
     1.6974694857934            0.1431264816028
     0.3880090123791            0.6855695582325
    -0.8752765314862            0.0079345799897
    -1.8147090445108           -0.8881475933341
    -0.8376647849584           -0.8195615820901
    -0.4301744586484            0.2867888498786
     0.3872387180006            0.3696093973882
     0.2130495467278           -2.1115829132430
    -0.0787406237445            1.5526637653109
    -0.3761891830376            1.2067986514564
     0.8650881397355            0.2888518218612
     2.0280482026234            1.7212407326983
     1.5564293741110            0.2262794384567
    -0.3645710854182            0.1285660213177
    -0.3950454358621            1.4039110019298
     0.6027080292363            0.6241187319169
     0.3231217678835            1.5284940441912
    -0.5429285848484            0.6025615496656
     0.6426130511056           -0.1817145255811
    -0.5646387691983           -1.1193918660055
    -0.0611360141910            0.9797790767532
     0.8661964569002            0.6079954815340
     0.3462871583881            0.5770296773030
    -0.0321033449912            0.5031743336010
     0.9748648496361            0.3474920087531
    -0.1822263019185           -0.6130437488915
    -1.0039341688540            0.6973746158115
    -1.2640474950770            0.3864391090490
     1.0435918565970           -0.8462037411527
     0.0026987509551            0.3071444581258
    -0.5406799113380           -0.5273624243462
    -1.1940113409756            1.4068191282008
    -1.6406714771500            0.7512693923456
    -0.6445976976097            0.5575960886909
     0.5964980007618            0.2853685949878
    -0.2674645880222            0.7025744438869
    -1.8038641884317           -0.6283150192030
     1.9340422185882            0.1679012755871
    -0.3875310409483            0.7066492614811
     0.8257738966684            0.9939248347588
    -0.9473608431615           -0.1583142016062
     1.4034957413313           -1.0486817942832
    -0.9685311004956           -1.2746070838786
     0.5323986716981            1.4473845292270
    -0.3434261177993            0.1799279711614
    -0.9931572343112           -1.2011487161329
     1.0706561449242            2.6183666583926
    -0.2503903135603            1.0353094152613
    -0.9485093280820           -0.0394060647887
    -0.7797782280226           -0.2338053153783
    -0.7068799508556           -0.5563759515395
    -0.5954985467387           -0.6454071259613
    -1.3990794971127           -0.2035672126228
    -0.1440844457055           -0.7528953818136
    -0.0887178266894           -0.1493443399322
     0.7212974777197           -0.6879534915899
    -1.0375233513525           -0.1789580272852
    -0.1369122186658           -0.0144592610939
     0.7799212440829           -0.5474042280974
     0.0755708676090           -0.1531694484852
     0.7247151680764           -0.0576215087598
     0.6656222992543            0.0520337609616
     2.0010088745788           -1.0095485815958
     0.7223539745999           -0.8224324575552
    -0.2460864487066            1.7602204153599
     0.1942488517723            0.2608687823599
     0.4723804169948           -0.1819987631074
    -1.1216054364818            0.3590507356148
     2.1055061552642           -0.1165546391781
     0.7419046055032            0.5046615215634
    -1.1313281146731            0.0397564620467
     0.6148328637889           -0.1382888041625
     1.4871988460074           -0.1336631224225
     0.0686159399652           -1.9192967235968
     1.3965341237247            0.9938560792347
    -1.2635260171484            0.8291168522789
     1.2077253948075           -0.0365423381032
    -0.1823648349611           -1.6136499278433
     1.0627318477794           -0.3150814745738
     0.8539700928675            2.4345104108680
    -1.4243903846095           -0.3494440876717
    -0.9222085306560           -1.7686200509816
    -0.6678328718986            0.5746168588424
    -2.0109488305090           -1.3904337412042
     0.0056441846902           -1.6733436714451
     0.2323981894577           -0.8895666747322
     0.5058951556268           -0.4265108003675
    -0.7774762729256           -0.4038469373508
     1.1083966212334            0.3948744658585
    -1.2231316810065            0.5015010944569
    -0.0443077190119            1.0271203163243
    -0.1601949207880           -1.0727205718170
     0.9667548299122            0.6131863483518
    -0.0094543054296            0.0873779987272
    -0.6143513376204           -1.1415472418342
     0.6068619447013            1.1006264744401
    -1.9072056781299            0.3830276238268
     0.1409550001975           -0.0760671178167
    -1.5006384008283            0.6423084224808
    -0.3331341442483           -1.3080900884052
     1.5916462538313           -0.6012130534763
    -0.2541682718247            0.8426785638200
    -0.4399522335228            0.3765108508494
     0.3820773621376            3.0070303527088
    -0.3571881724802           -0.0572342295710
     1.0029254000631           -0.1303678594050
    -1.8111299655844           -1.0150878178240
    -0.8788646910945            0.5008377305904
    -0.9096730666604           -0.4952544533733
    -0.5274167063458            0.8752220440466
    -1.9117678647804            0.7051710369212
     0.0847096727636            0.2421759102161
    -0.5905172553135           -0.0318574708944
    -0.5062971900132           -1.2327199426868
    -2.0311654955883            0.9589030003186
    -0.2233001055428            1.7791398511081
    -0.3215221230122            0.0731014327043
     0.7924772644838           -0.0181117539231
     0.7497334306451            1.6337035279833
     0.6798544947751           -0.6706690117889
     0.1444210470624           -1.6999718098019
     0.3144804674293           -0.3308002894961
    -1.7654236039853           -0.7704821166970
    -0.6073397732072            0.8486117340400
     0.2001509565334           -1.4192582307303
     1.0966625488519           -1.5728987054590
    -0.6284359437856            1.5263860956639
     1.7359926001476            1.7195261510224
    -0.5840491903793            0.3834228351031
     0.7306010063759           -0.2633329722153
    -0.2517652013390            0.3061540912702
    -1.0022674837077           -0.6105858200143
    -1.4517143838307            0.6045793171581
    -0.3091118206765           -1.3841055459640
    -0.7639168772633           -1.6764378212158
     2.9624691273316           -0.0607117098728
     0.8259128780287            0.0963043874068
    -1.4852715161364            0.1646216269915
     0.8121701069504            1.0151659872526
     0.6736953305131           -2.6757067874326
    -0.0902887107966           -0.3474745293692
     0.7225632339468           -0.0954860485963
     0.2629848835193            0.0927058557644
    -0.8400108527729           -0.2121395691824
    -0.2954803773623            0.0400393593515
    -1.6346173906549            1.3276771896178
     1.1063288752148            0.0869688293313
    -0.1058886629662            0.1579223807940
    -1.0939663850000            0.1479706815864
    -0.3962016439679           -0.2370445019066
     0.5679872837927            0.9289350923746
    -0.1118194449650           -0.4427943108124
    -0.1883681479390           -0.1258986124148
    -0.6656883978439           -0.4621427233027
    -0.8709419260820           -0.4743129560437
    -0.5828126025792            1.4571799519610
     0.3087564123710           -0.8314751275694
     0.4162463061323            0.7913916629769
    -0.0139348599203           -0.9880408109532
    -1.0647023533465           -0.1645884618160
    -0.8152553444445            1.5858234446288
     1.0781467320558           -1.0924822176392
     0.1183389432794            0.4594134754875
     0.2469037174204            1.0829465134585
     1.0020544299674            0.6772035214808
    -0.7504229512665           -0.7965240005167
    -2.0552783168487           -0.2235134438346
     0.7778791212136            2.2611283218206
    -0.3944323138972            0.6931119160320
     1.6407532211763            1.7690977860475
    -2.2098348775143            2.4313091782563
    -0.3915010050537           -0.7415818611903
    -1.1719161080812            0.6358974126514
    -1.0859394819033           -0.0966421280124
     0.1581680443196            1.3365046420272
    -0.2998482988692            0.0341176581469
     0.3648189764629           -1.1846965527806
    -1.3794428101077            1.2328633430835
    -0.1387885617299            0.7142582599569
     0.3203984918051           -0.5608414743291
    -2.2800428730575            1.0877803026006
     1.6796354814468           -1.1228170231701
     0.7530436233577           -0.9058410858293
    -2.5803561610581           -0.7291173905886
     1.0445414738823           -1.9178239978564
     0.2830612909255            0.4143955582387
    -0.9009867418308           -0.8314037554564
    -0.9141807990464           -1.2956364294978
     0.3308260729681            0.6492129841700
     0.9609144168706           -0.0674366530547
    -0.4978339708969            0.0614325131357
    -1.9806165443487            0.4151370032042
     1.0364930696585            0.2219643516871
     1.2511780855981            0.4578406323277
     0.3516965309139            1.0283963738086
    -2.5859231683327            0.3737263083475
    -1.2824034368204            0.0079469001981
    -0.3623535529676           -0.0190840572354
     0.7576750690661            0.2687081788735
    -1.9555144961948            0.6215054975894
     0.8418487124490            1.5729807675853
    -1.4141062396490           -0.1727951569413
    -0.7727024480449           -0.6992493496030
     2.1842806751139            0.4416478508382
    -1.0840196839709           -0.2255781052377
     0.7795787042255           -0.7222480749049
     0.2684232418514           -1.3258412159992
     1.7423080588320            0.4742252537072
    -1.8331871857235            1.5416201822397
    -2.7238613023657            0.1154061305489
    -0.3726404955777           -0.5296921948510
    -0.4065017717255           -1.0600339379052
    -0.0657046348926           -2.5805960222196
     0.9227360331221            0.3665974766934
     0.4811902951733            1.5103102165223
     0.9554092819109           -0.0091730504266
    -0.9741284136248           -0.6350051642389
    -0.5705185610325           -1.3787775277129
    -0.2035040049528            0.5024010820891
    -1.0603606173960           -0.0530516487956
     1.0382319620725           -0.0764978857731
    -1.0001864395237            0.3499426693434
     0.7108732980974           -0.2466851939993
     0.5151763155117            0.9434443994474
    -0.1865545373864           -0.8186527217543
    -0.3971442628267           -0.0801681984346
    -0.8635826243158            1.6863801445399
    -0.2107650097748            0.2729028051405
     0.0779593866897            0.6002958810175
    -1.0943246887236            0.8225896814825
     0.4907394767216           -0.9686380971578
    -1.7485313874662           -0.4615148181862
    -0.7087167950880           -0.5429820339709
     0.3652356397301           -0.9393416938549
    -0.0324574763804            0.5265972576481
     0.1937091673702           -0.0661864485830
     0.3989803679452           -1.9756143585876
    -0.0262814980413           -0.9943632557879
    -0.3194668424752           -1.5435071608472
     0.3880945602701           -1.0824337021309
    -1.2253338387869           -0.0316245103831
    -0.5249358347155            1.1334622500943
     0.1127466893438           -1.2606495125621
     0.4954818238765            0.4701695576843
     0.9611868199875           -1.5539962581852
    -0.0803604209699            0.1577125512744
     0.0158489935903           -1.2484864996391
    -1.0702395788267           -0.3124361419401
     2.4336760099716            0.7121242157226
     1.1636153376246            0.2805349322790
    -0.3711484584204           -0.0546735334790
    -0.4550405049079            0.4100452065769
     0.4281488220640           -0.2686980028835
    -0.8743886143067            0.1654395752770
    -0.0811097819732           -0.5224097106017
     0.5730235263744           -0.0257469807601
    -1.0292334885971            0.6233922704389
     0.5980450217939           -0.0958197618919
    -1.3915945163784            0.6593579584163
     1.0670638397421            0.7079673008439
     0.3989480858586            1.7114734544217
    -0.9454116084488            0.2313070084409
     0.4310143745769           -0.5636898932452
     0.9510321517589            0.6112311174757
    -0.0659941582131            0.0491868140215
     1.2822817365114           -0.0170424983894
     0.1149222452558            0.4849813408087
    -0.6489888920489           -0.3368323379462
     0.0001844507482            0.9201397270624
    -0.3247568543356           -0.6530458617304
    -0.3181155177374            0.9602400847017
     0.6424452934967            0.0636499720671
     0.1760540127467           -0.2387639427682
    -0.9498007396286           -1.1956979546337
     0.9928598021526            2.3136668859569
     0.5993572818120           -0.0874961739640
    -1.4138069621505            0.6328191234500
    -1.0946797736048            0.2346469375409
     0.3966102003846           -1.0144572636177
    -0.6896332106129            0.8594971112451
    -1.2468683421810            0.3794870534763
    -0.9954177711193           -0.2143316384350
    -0.2736116212148           -0.1093245562939
    -1.6054099014006            0.5700123940942
    -1.1541202919054            1.7424900497925
    -0.8565460299218           -0.7073935074941
     1.1224463929387            0.5560647623727
     0.6668174739980            0.2548370902251
     0.0313365277881           -0.2909646774077
    -0.7791775015188            2.6161968585525
     0.9516620991759            0.1731801343216
     0.7779989482813           -2.4252092997729
     0.0416018692748           -0.8423503423259
     1.8601285075973           -1.0646683909791
    -0.7237233590510            0.9578775641263
    -0.7200252579475            0.4874072634714
    -0.6882201207496           -1.2109467187625
    -0.4800031899349            1.3020804974555
     0.7278221973327           -0.8880328998783
    -0.5008085512350           -1.2306295355991
    -0.5984162453601            0.1675289862550
     1.1662701196935            1.8862460657186
     0.8765028150656           -1.9274245462032
     1.3941672323765            0.7391372895794
     0.8169548611520            1.8505140461328
    -0.8341432007833           -0.7011501620259
     0.4747784884946            0.3610045191315
    -0.3943054042113           -1.1975003411109
     0.4399706365533            0.8091254249490
     0.8986168734093           -0.1998901477759
     1.5547674026947           -0.5563830487982
     0.7901464320414            0.6164320048835
    -0.9601187482852           -0.0398717229913
     0.2849036363176            0.5712812168886
    -0.0191179493802           -1.2580854911589
    -1.3214890394176           -0.2015475098547
    -1.6862716060202            0.7447102289734
    -0.4877101222312           -0.0535790359376
    -0.3565481422584           -0.3777164051045
     0.3283839967040            0.1701783181306
     0.4830599657367           -2.8286329885065
    -1.1716968284340           -1.2164576251111
    -0.1205402894397            1.1273481391577
    -2.1732299794336            0.6827941569026
    -0.1541677504556           -0.7496535121834
     0.5119043413175           -0.0635330574165
     0.4175048032487            0.5565198060475
     1.4959574526835            0.7770747349040
     0.1082107045885            0.0481235538179
     1.4552980648471            0.4733509846146
     0.8243371596570            1.0336274509895
    -1.2301731750333            1.1811431350738
    -0.2437595721197            0.1927038112508
    -1.6285461647154           -0.0640618708714
     1.1662326106453           -0.9990289868001
     0.1310133915433           -0.3347414290705
    -0.3759586423373            1.5013571172654
    -0.1172090476216           -1.7219078122171
    -0.9156675855376           -0.9908459662406
    -1.5149238512672            0.0464238089294
     1.1559680701329           -0.5373794750375
    -0.2692926565292            0.4476021151624
    -1.5197495555936            0.6269340205743
    -1.4156345635202            1.1338755800181
     0.6738714997546           -0.8981172136732
    -0.1038535240803           -1.5030418033953
     1.1579039742457            1.0135555659969
     0.1163177628253           -0.2338361350708
    -1.6671756647276            1.3909730736285
    -0.0521426205211            0.4061956256442
    -0.4227830224808            0.2584199288278
    -0.2296018614078           -0.3674522308214
    -1.2124531250880           -0.2092913351038
    -0.3322536102060            0.7786847714460
    -0.4289756005234            0.2506699613401
     1.0783735293328            0.7829434297761
     0.3300078264341            0.3180504721389
    -0.0099341304319            0.6992966419463
     0.2512057237474           -1.9894794742032
     0.2197736645379           -0.3953307577164
     0.3426530303112           -0.3107002800727
    -0.9047381000456            0.3470666050652
    -0.6501737143547            0.1268295630868
    -0.1902561212554           -0.2772203348197
    -0.9856304531065            0.2124778352115
    -0.9886134050316            0.1732203429293
    -0.9640931230566            1.3805111493148
    -0.9067810602690            0.4699608524017
    -0.4779968361103            0.1494105761174
    -1.1872904202928            0.0214745697765
     0.8928529845148           -0.0973893496029
    -1.4993506146203            0.9510383560051
    -0.4933748084588           -2.4671146441184
     0.0487331714187           -0.1228592945610
     0.2615488826692            0.6492285917343
     1.0580431698961            0.7164238021996
    -0.3920013975435            0.6729473709033
     1.5768019926559            1.0557733599869
    -0.0585145096448            0.1654922266213
    -0.1582664318373           -1.1883432183962
     1.6686063973647            2.2461957066282
     0.0680261420853            0.4633080142806
    -0.5325677276445            0.0579842252634
    -0.7076490338714           -0.5904886287306
    -0.3609321975429            1.3308867059831
     0.1319679793128            1.5184618203628
     0.4753539451262           -0.1434903453641
    -1.7369823927140           -0.5356358176771
     0.6235020995844           -0.9219442775717
     0.4261859468497            1.2469362234565
     0.5376079136771            0.9489139409913
     0.2816809977256            0.2108037521799
     1.0318804834382            0.8855412696341
     0.9866436294210            0.9894394925726
     0.0757404390934           -0.1657347742991
     0.8973997910825           -0.1018395351699
     0.9636022105099           -0.6735218569880
    -0.7207818705693           -0.8897935920469
     0.6928809039840           -1.1283904922061
     0.7751531483782            0.8124896851772
     0.8639881624074            1.1819650585262
    -0.0362860283016            0.1529828600903
     0.3951344574775            0.3933377586917
     0.1795958156928           -0.9439300843745
     0.2414036705564            0.5395143838321
    -1.3217316802402            1.4719877381458
    -1.1707236521542           -1.5685220434747
    -0.9338294055661            0.5650529807336
