    -0.4362989808789           -1.6451139493844
     0.0700003796408           -1.2243786118426
     0.5134704329759            0.0412472468366
     0.4352500407855            2.0700960739873
    -0.2948141992297           -0.0477046671097
     2.4079122678133           -1.1955630887771
    -0.4612605543153            0.2848128323488
     0.6062536681281            1.4738850890980
    -0.3093173142837            0.6133304947658
    -0.1177008599780           -0.9594855382215
    -0.1471791231293            0.7793857592560
     1.3943082732587            0.3795326185711
     1.3660376885510           -0.0006756777930
    -1.4347255549612            0.6740373077178
    -0.6366561284103           -0.5063873168103
    -0.2156132453267           -0.4331564412168
     1.0291369171154            1.0774722028593
     1.2751264947798            0.5290563773627
    -0.8884291000966            1.0669904014984
     0.6312657977255           -1.4547339168244
    -0.4861733567558           -0.6286590208257
     0.9902551745466           -0.1956316716126
     0.4795790288291           -1.1736665045931
    -0.7671597966230            0.3010245339494
     0.5419172841256           -0.9192183924964
    -0.7245033282014            0.5810236137134
     0.5008356487713           -0.1412587838839
    -0.0979258938801            0.1484305141879
     1.3404928619977            0.4987993300839
     0.2022631504300           -0.8508214560469
     1.3856998430900           -1.1764421836559
     0.0139222664595            0.8950947247102
     0.0103323229159           -0.0585707691501
    -0.4960536738208            0.3386193967872
    -1.5652336134497           -0.3450931174080
     1.1105700296039            1.7190420995978
    -0.8274837529596           -0.4937845529524
    -1.0208659295932            0.5606272744362
     0.7393626664635            0.2403877429481
     0.6694826440020            0.3051971448802
    -0.1118295975357           -1.1715317137756
     0.6965924471038            1.1717533611747
     1.7790301335686            0.4580573755169
    -0.5070954004074           -0.0268544672895
     1.0633750348845           -1.5107813454772
    -1.2939169751290           -1.1221797252596
    -0.0835595114615           -1.4883439300162
    -1.3783168723695           -1.2090116471359
     0.2300020419928           -0.8223581859126
    -2.2768503532499           -0.9389663831204
    -1.4992820575726            1.2958589148308
     1.0813926583348           -0.1485638879191
     0.2400805112616           -0.0931371306885
    -0.9829859937128           -0.4397232643228
     1.1601369236736            0.1806251611539
     0.1164065275034           -0.7790748834179
     0.3455092429334            0.4299985439932
    -0.8310865998906           -0.6998608388910
    -0.2807399575218           -1.0249129038226
     0.0597725977650           -0.0220764255271
     0.8105546285778            0.0694727719813
     1.4080852069552           -1.3789307719624
    -0.7176851043065           -0.1931335138519
    -0.2882879996396           -1.4495982908991
    -2.7559111133722            1.1391527122092
     0.7351534966814            0.9118084459795
    -1.0352584082383            0.4216849318419
    -0.7157241425855            0.5224106184861
    -1.0123831860211           -2.0564538240216
     3.1795523606723           -0.8666471410498
    -2.4468944134507           -0.0590256773521
     0.3833490330178           -0.2337490911804
    -0.9981622095186           -0.3792851310739
     0.8779035980349            0.6084598921287
    -1.0364341890217           -0.6288462809358
    -0.2374647269668           -1.4865666070042
    -0.8370231069894            1.1407503852614
    -1.5824977290895            0.4103523514691
    -0.5820586656340           -0.4995605016694
     0.5181600397883            0.8906268334148
    -0.1615148770155           -0.5538032402311
    -0.4427024705652            0.0237198640715
     0.1833084295939            1.4292541646349
    -1.1432843753956            0.3345650257638
     1.3199264791536           -0.2660231116331
     0.6592599629814           -0.0760190718688
    -0.8614856286344            0.9767788458884
     0.4056474346205            0.0482849387023
     0.9108554229766            0.9940339359130
     1.7361601022163            1.8217705112765
    -0.3554043875050            0.6964363416099
     0.2094295660457           -1.0693151826596
     1.3986919026520           -0.3265023216603
    -0.2273562232423           -1.1771420502282
     0.3750415829512           -2.7856332509144
    -2.1750112640117           -0.4728437152144
    -0.3815864929180            0.7431076166923
     0.1619891541619           -0.9276421422179
    -1.2786249276521           -0.5588862123626
     0.3823770362368           -0.9113562378861
     0.3239052140582           -0.4786965960866
    -2.8983531472245           -0.7402443010828
    -2.0157387932941            1.0979603790088
    -0.2038806017986           -0.5772366776335
     0.4774712666862            0.0157807122389
    -0.5396320578709            0.2303810456368
    -0.7521490017761            0.4210725236269
     1.9261103056151            0.3710587131822
    -1.1006273835649            1.8715348373736
    -1.6565949140157           -0.7137854422044
    -0.0773635176993            0.7204078328249
     1.4207739136096            0.8015157072604
    -0.5587399864264            0.1932623271875
     1.0895710260081            1.8652302581940
    -0.0277592555946            0.4003057473660
     1.3871487621220           -0.8625731450455
     0.5922138375695           -2.4922805451887
    -0.9256243857452           -0.5302006263066
     0.2713562358278            1.5376119223230
     0.5735226718126           -1.9344739349768
    -0.6679646379427           -1.0389550505497
    -0.0085191709993            0.8559227489321
     0.1466307273212            0.5157017267001
    -0.7930685808933            1.8021047677585
    -0.2083883740154            1.0422351467727
    -0.5234117913293            0.1579303722340
     1.4722908206097            0.1277967543465
    -0.4164281683146            1.5587273211999
    -1.4693072255450            0.5033982118381
    -0.1774376610358            0.3526089963927
    -0.9242498078777            0.7453784289927
    -2.4923931951945           -0.8464883284857
    -0.1438596250328           -0.7265351499066
     0.6437680165472            1.0590282981103
    -0.7933238964659           -0.8664214060278
     1.0489749069008            1.2493268714344
     0.9336971714237           -1.6725452638046
    -1.5986807423004           -0.6433357556512
    -1.4281472812272           -0.6401122996411
     1.3361401750692            0.5627841222507
     0.7492045748049            0.1179536690373
     0.9317528066710           -0.8804047783156
    -0.2628752034991           -0.8572333276024
     0.6788105963199           -3.0340922633749
     1.0407467268098            0.6381561870556
     1.0699410349290           -1.0129555499505
     0.1581331741006            0.1373309975593
     1.5194205854375           -0.7643547804523
     0.4812764718939           -0.3856905773152
    -0.3392133350937            0.7135796399763
    -0.2651509250947            0.0559472313976
    -1.0475119097185            0.0670903435818
     0.7521105038653            1.1665743085948
     0.3330389382098           -0.1347374496563
    -0.7234905312538            0.9782318254333
     0.5000346799026            0.0798215572690
    -0.3714826023853           -0.0468067600798
     0.1809470084390            0.0377496816636
    -1.0598192759471            1.9953557924761
     0.2695505019218           -1.9155001996802
    -1.6147607566296            0.2942711262121
    -0.0111549409724           -1.1023669341138
    -0.5874740120595           -0.1139038925129
     0.5362642252949            0.7606811626294
    -0.1708901870291            0.9638717488455
     1.0523553838819           -0.0016128485903
    -0.1892565015778            0.0591174667675
     0.5658075039196           -0.1324408239355
    -2.1868626057738            0.0219933809001
    -0.5235020265190           -1.5565072617554
    -0.7257303079072            1.5547312712714
    -0.2998218789119           -0.2332155153458
    -0.7160442495327           -0.7303522542643
    -1.0385703479112            0.7032079957307
    -0.7803290694330            0.7018856840885
     0.5424942960468            1.3494280862157
     2.1543332194353           -0.0741814261690
     1.4904897258033           -0.1404619169456
    -0.5098478546094            0.9136853965634
     0.0660100783444            0.6621104894235
    -0.4978239028823           -0.4798041589939
     0.1250018450571            1.0136552984945
     0.9962546732263           -1.2276817674817
    -0.6055914535900           -0.7943303535499
    -1.6102409980740           -1.5589803918128
    -1.1543272124387            1.0069551310202
    -2.4476948652460           -2.0404836608243
     0.0303691335363           -1.5298588294508
    -0.5693141321208           -1.0573649826050
    -0.2730560430790           -0.7070322739348
    -0.2275851484289           -0.6430918734678
     1.7962815208240           -2.3142727755844
     0.8980723428705            0.6562643456841
    -1.8181493054409            0.4943349850373
    -0.1318065992535           -0.3720159226812
     0.9446927812340           -0.2063782644419
    -0.9646979161744           -0.8059366098721
     0.7781152795906            1.6580231872420
     0.8904913304520           -0.1739903297253
     0.3458072395258            1.6504990559944
    -0.8211096557269           -0.1683924963268
     0.5010321412363           -1.1794591753748
    -0.7930732415567           -0.0812953771714
     0.0776223681277           -1.3240794992379
    -0.9278053375200           -1.3899510272404
     0.3498636288792           -1.8694022124593
     0.9333283810144           -0.1847439994132
     0.0263052616811            0.0944364966609
    -0.9006681743808            1.7917481481198
     0.1928637848774            0.9051822207051
     0.3929084323749            0.1577577343647
     1.6720264328221            0.0252358120488
    -0.6607222347822            0.3479772567602
    -1.6148971385743           -0.4827008715076
     0.7812029067410            0.8065767454930
    -0.2180580768162            0.0577575185989
    -0.7545858656952           -0.8677546465514
    -1.6770408543467           -0.6393784243032
    -0.0357187034180            1.6238617146565
    -0.2059686922090            2.5128530885297
     1.1385141496772            0.6064623972399
    -2.1186895886364           -2.4819231283453
     0.9697834865139           -0.4978103500904
     1.5909398658689            1.5493228104995
     0.7954514484300            1.1551138471057
     0.1090297150343            2.0344794492215
    -0.6479943405759           -0.6800211811216
    -1.8428683476829           -0.8058636264712
     0.5800944813974           -0.9059794382446
     0.8392527352717           -0.5429833140559
    -0.4728122860203           -0.0927121267661
     1.0816765427578           -1.8655247095329
     1.3238212954745           -0.1656332722423
     0.8369031168395           -0.9946306906445
     0.7431856597939           -0.1305195355498
     3.6290169739468           -2.0432605417205
     0.9300032802822           -1.7022385736107
     0.0662190846766            0.2520442548557
    -0.4758930676932           -0.3187332695245
     0.6505971783648           -0.3813558706010
     1.3669030128028           -0.0124486888951
    -0.6755496297848            0.4474183509624
    -1.6162063160840            0.5083838973182
     0.3919890099632           -1.6650463004834
     0.3233090579401           -1.0664808209059
     0.2403196378767            0.0236723096731
    -0.6536957719489            0.6035146638328
    -2.2342802835957           -0.9114530835300
    -1.4039009917998           -0.5273902293211
    -1.8049708975267            0.0410549573206
     0.1912801907438            0.0140945367328
     0.4852529175825            0.5070974070453
     0.4975431630648            0.3695963097019
    -1.7796267009241            2.3300529495665
     0.7967442685630           -0.6590629843620
     1.8747699662967           -0.2215857536914
    -0.0103138228091            0.5794266505239
    -0.8371504123813           -0.3490757807234
    -0.6018892754503            0.3355046159957
    -1.3340609328419           -0.7647692577379
    -2.0704646223325            0.5995716808968
    -1.1370912844385            1.0033243273464
     0.6098924020262           -0.7788180980469
     0.5253032933526            0.3941560782997
     1.2430571168147            0.1674126711432
    -0.7068549833790           -1.1955838611456
    -0.2519002071409            1.9111034852714
     1.0830641911592            0.4638062910445
     1.0129307261575            1.5106634633802
    -0.6370631110954           -0.8547047767631
    -0.4890969248806            0.1427222268686
     0.1578403241482           -0.2702433888098
    -0.0597215137370           -0.8790604443016
     0.1607005257926            1.2777029828781
     0.4862099217261            0.1347386874667
     0.8613056131109           -1.2129811262757
    -0.5665432303284           -0.7461182239163
    -0.4287161243046           -1.0786206090816
     0.9666837646051           -0.1172621916744
    -0.2863264601824           -0.1982628541830
    -0.0364952687125           -1.3600119367657
    -0.7536042391496           -0.1717386502554
    -0.2522554745904           -1.1660628713554
    -0.6747789874162           -0.1668564735250
     0.5799286293105           -1.9663500714537
     0.6315872970652           -0.0075951012547
     0.7812588944186            1.0068572190662
    -0.5292520340602           -0.3120377583712
    -0.4816585482741           -1.2090872713449
     1.2216150871278            0.4951695528089
     0.0335093434126           -0.4592710624267
     0.4499773464730            0.9197944845148
     1.3010856414500            2.0240680105718
     0.3037235418433            1.8661924723432
     0.6608775809670            0.1056763938378
     1.8491924452997            1.1879631597648
     0.3427304108489           -1.2623897535316
    -0.0070550486518           -0.7062914761542
     0.5854358172626           -0.0339079034484
     1.0547732333693           -0.4365046877277
     0.9508045286932           -0.8870022889316
    -0.4860699828246           -0.1080839682534
    -1.3062144625219            0.5076724838035
    -1.6027846061043            2.5735704855184
     0.3132897301614           -0.5473694177816
    -1.6235350957530           -0.0605547846189
     1.1973960183566           -0.8347036021627
    -2.4411715049132           -0.3751467430887
     0.4468226482802           -0.8992417459660
     0.1653050107054            0.5841995303752
    -0.7913243152778            1.4990009574640
    -0.8226595919034            0.5079650983340
     0.4229912001517            0.5684719388262
    -1.4591089595368            0.5170073002976
     0.0442409391018            2.4239455537869
     0.6372030550574            0.3130255652820
     0.5110382814903           -1.2742798433382
     1.7247927233422            0.6524404616000
    -1.3929488196498           -0.3244555821193
     0.5289269758959            0.4823454801103
     0.9397665832455           -0.2674172856783
    -0.5354894263666            0.4721879588017
    -0.0474547133027            0.5409790954170
    -0.6057413289202           -1.3415751218308
     0.8437813321714           -0.2541523410467
     0.0106306173258            1.0397284020077
    -1.1160295043062            0.7753387947934
    -0.4702154300036            0.7214433872973
    -1.2561829096795            1.4944855169138
    -0.4252291848594            0.7710697068502
    -0.4014500267536           -2.1115741316245
    -0.9026788469875            0.5396016605721
     0.9668307908182           -2.7220729304622
     0.6590655525537           -0.1791633807258
    -0.7486739175219           -1.4358533403349
    -0.6193360949669            0.8762640536335
    -0.6202946336555           -1.6546476834430
    -0.4035482280985           -0.9156014237507
     1.1127084248081            0.9245669653932
    -0.1468210288769            0.5053414619462
    -0.7976953803259            0.0157244447627
     0.2276992530430            0.3630604998961
    -0.2569626100353            2.1224068231113
     0.0716835741249            0.1701352265040
    -0.7496724216475           -1.3560707721114
     0.1106271536806           -0.6602198506405
    -1.3578714816624            0.3378354807875
     1.0856901076545           -0.5422595804502
    -0.5094758811271            0.8847072424886
    -0.0497382370809           -1.8865196300887
    -0.5972652374912            0.6917101055024
    -0.1586503326365           -0.1851478465918
     1.2110030778315           -0.4924120500350
    -2.0177492121556            0.9889188090410
    -0.9501293583361            0.1497681675431
     0.5451688927323            0.6332150114000
    -0.0795930871089           -0.4719726359857
    -0.5344692441656           -0.2088487344533
     1.5184303663393           -0.2386774884376
    -2.1968495985334           -0.5093745274548
    -1.3503587355872            0.7923901108929
     0.2779851590169           -1.4985339275990
     0.6162018460144            0.0631746285809
     1.4083026295234            2.2569448188723
    -0.3645529025627            1.0002623047662
     1.1639952103830            0.4056761796507
     0.0728798337591           -0.5269721038194
     0.6708819653490            0.5388526866690
    -0.5073796419550            0.2038582673310
     0.8893086781548            1.5814022270506
     0.6278094885557           -0.9670356241515
    -0.0505018266012            1.7986743639946
    -0.5308355772186           -1.1000360340358
    -1.6686272167512           -0.6311449191945
     0.7983091115884            0.3065775331946
     0.7284325351436           -0.7315427339011
     1.0915071889339            1.1924366846143
     0.6514762814038           -0.0804190007951
     0.6212683907289            1.3125815488933
     0.1378424719261            1.8293310654183
    -0.8923171766697           -0.6930104264976
     0.7509674494436           -0.2363692002207
    -1.2659817921768           -0.2968885877744
    -0.0974379645475           -0.7118870248155
    -1.5737569435100            0.3356425693556
    -0.2521290957073           -0.3839894086101
     0.5337152580904            0.3676423935436
     0.1141197569643           -0.4978903431710
    -0.1144396316847           -0.2213700987188
    -0.4132746073026            0.8069557734807
    -0.2543190084830            0.8245742347725
     1.9576071594062           -0.4244609272804
     0.2746205384293            0.0047612067303
    -0.8050559108569            0.1378368540757
     0.7067697107979            1.5683805254230
     1.2874190808886           -0.0741345931486
    -0.4092044258380           -0.1129431729969
     0.8594577298434            0.2407846072111
     1.2258286562580           -0.2084645085723
     0.2281417272916            0.5302505034547
    -2.1596699015968           -1.0979076364277
    -0.2962276266530            1.0422462444611
     0.8122361937807            0.9096132166622
     0.4887590353451            0.6355812268689
    -1.2067794397700            0.3962016356621
     2.1907590533796            1.1036501569516
     0.2912040414745           -1.0630529356732
     0.5269698636878           -1.2151001803432
    -0.0864887782060            0.6088233022017
     0.7763120060934            0.9018094088258
    -0.4551436088539            0.1056125842328
     0.5011751120424           -0.6457006695105
    -0.1190580843370            0.2580057698161
     0.7426068476286            1.1522016237594
    -1.3053558585012            1.0477843433519
     0.6016359596135            2.0218566680546
    -0.7254123642896           -0.4151955427921
    -0.0171423680884            0.6543944487888
     0.1903924348375           -1.0769781512538
     0.5184747711110            0.2376852463438
    -1.8266990534315            0.2064025679920
     0.6722816192105            2.0820070541473
     0.3169028007327           -0.5962655846441
    -1.5178010977656           -0.2752905059280
    -1.1556246103675           -0.1596889770861
    -0.4562321788984            0.4066566277958
    -0.0322128198077           -0.9089627535955
     0.5152530654744            1.5452005375421
    -1.3062177405642            0.2813814367173
    -0.1095976652663           -0.6632465495181
     0.6094977418945            0.5600138124903
    -0.9626674453113           -2.1458708933422
     0.2525392286021            1.5260785872783
     0.0674003281616           -0.8133319868250
    -0.8044398172991            0.4513546802322
     0.3299611185963           -1.0588766238004
     1.1449978294171           -1.3115048723068
     0.8868452184055           -1.3693135293043
     0.6163159902274           -1.5916841915938
     0.9812566275413           -1.0862422880098
     0.7610566528118            0.3811316872231
     1.4320061780507            0.3744018468258
    -1.0104606012376           -0.5362641411672
    -0.3692583108081           -1.7986366677719
     1.6003698947038           -0.1882903769793
    -0.2682424197018           -0.8393477958391
     0.5126549300460           -0.7038156921882
    -0.1011201275497            0.2378621861276
    -1.3821513362424           -1.9286460105396
     0.1191172611352            0.8390655908451
    -0.1589509103292           -0.5448904546841
     0.8306688016013            0.0695902038962
     2.2065150403716            0.1523581581634
     0.4635751273845            0.0876910544153
    -0.6426848316390           -0.3053349287610
     1.1086080066992           -0.4092094206431
    -0.8776867536735            0.0888235551267
    -0.2285976470488            0.4220973551254
     1.7676135032441            0.5800223820178
     0.4125222690155            0.8505062792610
     0.4335760053437           -0.3318020733843
    -1.1726176931698           -0.8536801244672
    -0.3959284408448           -0.9137082093959
    -1.3089002555137           -0.0798078137166
    -2.4283024158807            1.8083389581212
    -0.5063958115581           -0.5116369758144
    -0.5709332538014            0.1611778911814
     0.3668181135158            0.6889661346055
     0.2242322065992            0.3990939515263
     1.3676090972033           -0.5502981664060
     0.2980010523648           -0.2818306088087
     0.4026228478012           -1.9244563773264
     0.9164657749773            0.0532848729443
     1.2679405151538           -0.1840478172110
    -0.5228101542095           -0.3703602709315
     0.9419279389110            0.6469090902991
     0.0006418049347           -0.0978897437166
     0.9236174398416            0.5116593649772
    -0.8830671357277           -0.5904428095606
     0.8402698188395            1.0786294899825
     0.0808529565229           -0.6773885530209
     0.7393686350787            0.3190761269676
     0.2525318190803            0.7417741171269
     0.2231256194708           -0.7476437367608
     0.6416285727053            2.0263826682443
    -1.9562800888629           -0.3318382914920
     0.2949416167724           -0.1680601392842
    -1.2773042690796           -0.8232719513598
    -0.2806713364428           -1.2378948626106
    -1.1762724281706            1.5262435477023
     0.3283037502906            2.0151101296018
    -0.3635464951505           -0.2125916508968
     1.9102479858956           -0.2605617345145
     1.4367313895752            0.0181211454459
     0.8798173195033            1.2612061252216
     2.2384727595109           -0.7585642839393
    -1.1372844159901            1.5774530001018
     0.7667612113762           -2.3762376516210
     0.3905593446256            1.0117726959950
     0.8671881879647           -0.3303399112680
     0.6067117789531            0.4891396601088
    -1.9821113830267            1.2593571752893
    -1.6936511408040           -0.7183815833951
    -3.9469200367910           -0.8556912786217
    -0.1993514791066           -0.1916385331448
    -0.5168310107593           -0.1090366177265
    -0.8403599705098            0.9531937307502
    -0.6070392924900           -0.7742996703637
     0.0233040272925           -1.0930648988226
    -0.9116276975036           -1.8759429935887
    -1.1432470019348           -1.0607559627716
     0.9585349612205           -0.6801450671968
    -0.0278815731351            0.6611923963170
     0.0653309574212            0.3935000316283
    -2.1367344298244            0.3469994798961
    -0.2254310981661            0.1483745558950
     0.4458478006244            0.9779306595560
     0.8316380541246           -0.7532698100148
    -1.8127506998946           -0.2474784448515
    -0.4326916743529            0.0575718032916
     2.5172478732229            1.1656643273421
     1.2854536955364            0.0351347801135
    -1.0889563837432            0.5748811850689
    -2.4408519956454            0.3149106633346
     0.1134122546875           -1.6140730936087
     0.4261257022811            0.4727198766362
    -0.7559953317933            3.3705118294217
    -2.1220941901042           -0.3907060963552
     0.8045332762217           -1.2115006201717
    -1.4221607960579           -0.1433815423758
     0.4378137755713            0.6493198999988
     0.0681773403105            2.1012989967504
     0.4467586421087            0.3795951935011
     1.6784425238935            1.1672102310931
     1.5902463505788           -1.2067054591140
    -0.4493393670041            1.9251120749605
    -0.4180512485606           -1.0581294111247
     0.8364680319543           -0.0909512289860
     0.0230247648898           -1.4505010091594
     0.0199645365764           -0.1987673583679
    -0.2159690985218            0.3349865367523
    -0.1529876148992           -0.9897627966740
     0.2380198011828           -0.0844183026234
     1.4508216780398           -0.7718860675497
    -3.0315273824223           -0.6861950401587
    -0.9011830383019           -0.1712180108048
    -0.0165122119566            0.3714003701218
     0.0045968271625            0.9501686078168
    -1.2264890827300           -0.7514578123698
    -1.7853258434245            0.8039347583380
     1.7484533265279            0.1481588961102
     1.7671564426247           -0.8363254213906
    -1.0015621348186           -0.2838625000254
    -0.1433767649045           -0.2219093739241
    -1.5467991749430           -0.4127647090674
     0.0103408697082           -4.0067507939494
    -1.1882982717854           -1.3353492291769
     0.1524216299907           -0.3827990772191
    -0.8619063023148           -0.4581079501093
    -0.0820402682025            0.2293487047009
     0.0279087226454           -0.0646205636148
     0.3953941715064           -0.8806716944652
    -1.3992610594191           -0.9025231159911
    -0.7678460316909            0.3270758217784
     1.1505890064195            0.6838269296445
     0.9257434337324            0.2045456355467
     1.0070519170640           -0.5582124276494
    -0.5938323325555           -0.9969081456789
     1.4395930395049           -0.7631990305839
    -1.5343882588601            1.2905669738503
     0.2867131971162            0.2624251110111
     1.5364499225300           -1.1458810787625
    -0.8062231731255           -0.5228918711994
     0.1093039767076           -0.9005778408474
    -0.3083829816229           -0.7807056545975
    -0.4415295307610            0.0715630094708
    -0.0150252374794           -0.0325699001630
     0.8617980158175           -0.0167019242219
    -2.6613020794620           -0.1661715187317
    -0.5752091393706           -0.7228713343049
    -0.2840209715748           -0.5617641566886
    -0.4669777390931           -1.0107560402839
    -1.2866433215134            0.7723936419053
    -1.5729164082536           -0.2243392212423
     0.4657728684146           -0.4798734072965
    -0.7137623092179            0.9613516794650
    -1.9052974166885           -0.1133530819961
     0.2070492223851            1.1022171429566
    -1.1037928815378            0.7105339595990
     0.0565872203513            0.3555975502548
     1.1932907273667            1.1128356248391
    -1.4135258012783           -2.3405547925251
    -1.4737186908434           -0.6339718441499
    -0.8225860813409           -0.7907349900348
     0.1257688353390            0.9351927401141
     0.4934221616986           -0.5545205970839
    -0.8227275966909            1.3212691216236
     1.3304584471685           -1.3013914180051
    -0.8503666392287            1.5729217817935
    -1.1260667889936            0.3584058553052
     1.1903374072510            0.6390758672047
    -0.6461484990893           -0.6318207977641
    -0.0738316605204            2.5660878988734
     0.8687990731734           -1.0600956791584
    -0.1419384856653           -0.8727422534356
     0.5953556139564           -0.8270225378859
     0.7344574281451            0.7618855939280
     0.5194032402148           -0.3767576333911
    -0.9524301519818           -0.4981492020520
    -0.8148759366950            0.5412852022527
     0.1701371830775            0.9453336108992
    -0.7594208281458            0.0266449636666
    -0.6285915867072            0.2234382143968
     0.0214357185057            0.0016917230452
     0.1107532184651            0.0923542541990
    -0.7835169619604           -0.2610951459662
     1.2287248998673            1.1948042365903
    -0.4219774392370           -0.5110869446923
    -1.4402715711484           -0.0564358386657
     0.2633981402333            0.1458940178635
     0.5492402011491            1.7293503941741
    -3.0165595848550           -0.0186198571320
    -0.6108240092090            0.1758784884029
    -0.3717493287759           -1.4947150023732
     0.5029912031174            0.7287712241143
     1.8311142497448            0.7408924087824
     0.9029078587125            0.1150777288839
     0.9318654641517            2.0541755845166
     0.2737482058566           -1.5626273826735
     1.5262116114703            0.5586647454430
     0.0219426283689            1.0209975627058
     0.4783471894077           -0.3949584655976
    -0.2576263533530           -0.3535259804187
     0.7962013453833           -0.2874238310144
     0.3066237821581           -0.1621851992516
     0.5006463258198            0.9042787514075
    -0.5354108568698            0.0674390155898
     0.3538234385731            0.7231067257220
    -1.2011820578034           -1.1728302469231
    -0.1246076817446            1.9925298820236
     1.8023618377034           -1.6874914470900
    -0.5330897112665           -1.8891602109720
    -0.5137085791083           -0.0785118351338
     0.7079921143510            0.8701705828322
    -0.4228660314234           -0.7055798875064
    -0.6954064851551            1.1698705404522
    -0.6539167131169           -0.1778114940140
     0.7577352238575           -0.0877916927155
     0.6322101762079            0.6330541730129
     1.9847805526140           -1.8926668898903
    -0.8256478326961           -1.2913733560340
     0.8302066004733            0.8396845149725
    -0.0576304863126           -1.5428315479664
    -0.8948740591615           -1.2857989847954
     1.2555131929436            0.6975774653403
     0.8156082557023           -0.4657964906530
     1.7861995413931           -0.0533548000390
    -0.9994182844126           -0.5802949151348
    -0.0025693958719            1.1633976609317
     0.4002638666928            0.6809908931549
     1.0417674036669            0.0669886589834
     0.3993492638801            0.7458960821251
    -0.0697554601808           -0.5548674194726
     0.7899926708855           -0.1377242726998
     2.5497517117476           -1.2005106399050
    -0.7110412369347           -1.3983652043783
     0.8674718670233            0.0351012557647
     0.9455269331575            0.2262018373418
     2.5044846806658            0.7638556001895
     0.5235520942304           -0.4577189377583
    -0.6610810277385           -0.6425368830713
     0.8708390688612            0.6204314212805
     2.9740506248524            0.7366641555615
    -0.3928140209895            1.4523529299218
    -0.1988673987269            2.1974057365165
     0.8892727920209            0.3487023600266
    -0.1997671400963           -0.8126129474163
     0.6952604187703           -0.5346476804823
    -0.9410420287859           -0.3153179055530
    -0.2666998298300            1.3855729414027
    -0.6227316624998            0.7487559513517
     0.3074438953008            1.1693113514426
     0.6751742265058           -1.2209388906352
    -0.2094960286738            0.0292082383861
     1.6663889259016           -1.0694808940033
    -1.3718886867467           -0.0506902193460
     1.6540681160399            1.6231309817021
     0.0356326172994            1.0890649567084
    -2.2631868860891           -0.5763089335752
     0.8103038409835            0.3571064258888
     0.3401894997319           -0.0389377846633
     1.0497810307052           -0.0159002670586
     0.0729516730505           -1.0876249192266
    -1.0215902336755           -0.9452255502698
     0.8818188478048            0.4481719132203
     0.4444943574843           -0.4056017419318
    -1.7322778966316            0.1925335709912
    -0.8498964602400            0.7374367791098
     1.5997799968360           -3.1866323110595
     1.0454773310166           -0.4385923895137
    -0.7946343349069            1.3576851260996
     1.5168342737696           -1.4075925506632
     1.6498327273581            1.0569436932390
    -0.6725436680564           -1.9920657843419
    -0.4997443863785           -1.5996172785850
     0.6189736106613            0.5873013598930
     0.3651533216388            0.6275589617834
    -0.3009914224311            1.1976615206592
     1.7854898008121           -1.6477651513464
    -0.2021020183598            0.9317497160402
    -1.5736923722373            1.0825508408058
    -0.0062502922885            1.5390662496497
    -0.6467286678751            1.3293466391227
    -2.2459143459115           -0.6441051123095
    -0.9010301905593            1.1476422144187
     0.6592516053241            0.1130466958289
     1.2804338658200            0.0650635341224
     0.0473016148080           -1.5524766814529
     0.3572169029561           -1.1567048063224
     0.1667136879713           -0.8882729859849
     1.5519782491801            0.5419255407543
     1.2823454817854           -0.0352958771870
    -2.7371886157699            0.0893245498045
    -0.2173752242166            0.7770117928772
    -0.2546786743496            1.7088097380903
    -1.4112013254494            0.1811599466858
    -0.2917524796586           -0.5959839643504
    -0.7325255329921            1.0161622820623
     0.4394151001600           -1.4095778402238
    -0.1757245699964           -1.6697256058721
     0.2952037780240            0.6782508715202
    -0.0402205207843           -1.0940855713782
     0.2100667120890           -0.2097389924516
    -0.4867763877896            0.3790494625092
    -0.7858032334796           -1.1422131218928
     0.4828004463925           -0.6008677937270
     0.1419917134299           -2.6574969583568
    -0.0404569701088            0.0550365499906
     0.0371728737126            1.0671428501491
     2.2211352364720           -0.1169773664350
     0.7101346813384           -0.5059557931702
     0.4221905945139           -1.3543303566728
     0.5408247669800           -0.4064148754601
     0.4447626172489           -1.1299769109999
    -0.2433546379498            1.2425015005690
    -1.1711302507972           -0.0263257649129
     1.0629741952045           -1.4067557251093
    -1.1171247756442           -0.1744681741392
     0.2384108757667            1.2778347155006
     0.7498584667711            0.3459692966777
    -1.0590209975755            0.4986224688588
     0.0106020871720            0.7964832469775
    -1.3917964290326            0.6911978503496
    -0.5412992134294            1.0567780320088
    -0.7864774971333            0.0648577781663
    -0.7656729728290           -2.0723278510315
    -1.4093944510188            0.1947903339017
     1.0237651005791            1.8603833396133
     0.0382361551924           -1.5909584134748
     0.8569923517289           -0.3529422776446
    -0.7048015056640            1.0428808833144
     0.9261064315726           -2.0419730279143
    -0.6917805056376           -0.0418501056056
    -0.4885469660887            2.7531242619215
    -0.6681654572596           -0.6576324180132
     0.5771451985620           -1.4424630959740
    -0.4023648818564           -1.4864415545979
    -0.2793693264694           -0.4785376816078
    -1.4465105887479           -1.0032353788416
    -0.2361477345550           -0.6073001823815
    -1.5158297932292           -0.8310845435114
    -0.0176598194588           -0.2547368851941
     1.3183404826463           -0.9084215983926
     0.1886484659318           -0.6347618583918
    -0.9558558438331           -0.1080045765158
     1.8304456977334           -0.1340655988021
    -0.9545722903262           -0.2325569878888
     0.6430195490618           -0.5710992985505
     0.5743384399861            0.7108506499851
    -0.4734751517024           -1.3903403009683
    -2.3333890700595           -0.5542232194041
     0.2340943671705           -1.5990204817646
    -0.7371186223573            0.2413998651164
     0.8672109168942            0.2563236259616
    -0.3861368924917           -0.2180909275275
    -0.6835523367372            1.7079415224858
     1.8686863153064           -0.4472170360428
     1.7922337557313            2.1257888850986
    -0.3003657656496            0.6626461936863
     0.5995515878986            1.9626372863754
    -1.1951481602770            0.8057459972419
     0.6686244922598            0.8517191111357
     0.4059431530515            0.9408925220537
    -0.6779611885146           -0.5518636649558
     1.2864246733588            0.3915559542842
     0.7076816630415            1.3021203822879
    -0.0109644444990           -0.3282351815705
    -0.2011827769754           -0.8348204253043
     0.1956783423397           -1.0453066195077
    -0.8014909792956           -0.4235221366277
     0.8050937768411            0.8939325441186
     0.2729945540493            1.6475933147151
     0.3553545703336           -1.1503137846499
     1.7655720138342            0.2982061152109
    -1.5461020274503           -0.0540722120862
     0.5258416443622           -0.7994051666989
    -0.5526733520642           -0.1869460797631
    -1.7035704186973            1.3165969863544
     0.4755539121491            1.3334036591007
    -0.9245604520000           -0.3822053866880
     0.6794943182886            1.2020819835957
     0.8950649508518           -0.8468560496079
    -1.2271393249490           -0.6069167088668
     0.8979471757584           -0.8924844080943
    -0.2953858596606            0.5413060952130
     1.3975309993932            0.1613006132358
    -1.0992605403158           -1.7421476014922
     0.2823088550245            0.2687987227845
    -1.2019652514525            0.7818724487610
     0.5176985236187            0.7555478023381
    -0.8126391814142           -1.3937391808924
    -0.2895609857363           -0.1706397615324
     0.6351339082327           -0.6301222707542
    -1.1408605778974            1.2974756883279
    -0.1582754943966           -0.0897649713865
    -0.2400651826012            0.3964434213965
     1.1465545329264            1.0939036124689
     0.6713964633477           -1.3840921909904
    -1.8483207719694           -0.0383798501687
    -0.1293592670007           -0.9979214979685
     0.3825912245583           -0.3397361470322
    -0.7050507122083            0.3627565942160
    -1.4619962914043            0.1910115134039
     0.0820935643488           -0.6662716457014
     0.1108995655874            0.4462490602769
    -0.6545246040315           -1.4047305603574
     0.6158387692592            1.0672121087288
     1.5560052532412           -1.2217322730793
     1.2219515561291            1.0618309441548
    -0.6358156561788           -0.2906292559702
     0.0207249804487           -0.9186454485533
     1.6714728978237           -1.3097242944890
    -0.6589981535058            0.6386939496788
    -1.5670969310800            1.0926416079791
     0.5762893439374            0.3277846355142
     0.8772112157669            0.5841188086737
     0.2023595050932            0.6788116286039
     0.2248199239187            1.7061214908815
    -2.4079749954825           -1.3135784410253
    -1.2642734943528           -1.4893021524965
     1.3955575564282            0.8184678699368
    -1.0073836920791            1.7157712658511
    -0.0204494836813           -0.7389453042661
     0.5194201847228           -1.6097564832613
     1.0515512448346           -1.8859318625112
    -1.3512319918525           -0.1609656019417
     0.0440428081780            1.5727464889360
    -0.4699583868774           -1.2238863356353
    -0.4219284309124            1.5114617586053
    -1.1499681196195            0.0856329065391
    -1.5225191335312           -0.9659155500787
    -1.6513711482394           -1.5322470907830
     1.2746914794317            2.0507343078059
     1.0592051494457            0.2703009580986
    -0.9540704561110           -0.7193338649498
     0.1064143058452            0.2102172066750
    -0.9779281228900            0.1531858776586
    -0.8872982858358           -1.0902863118821
    -1.9108894430918            0.3396759192046
     1.0579300922430           -0.0898347413633
     0.5378339426341           -0.4311411996236
    -1.0925823451482            0.4145930423020
    -1.5468818480883           -0.5067975820147
    -0.8512610017806            1.2652441817373
    -0.2994049569606           -0.5441022067044
     1.4053145426784            1.1039585261708
     0.5314287473477           -1.3689845286025
     0.2065254814607            1.4673915809560
     0.8038367797280            1.4704450246703
    -0.2297160929293            0.2419007578630
    -0.9853481956317            0.3269900232114
    -0.4629332632689            1.1436852989302
     0.0432195796985           -1.8179030149765
     0.6795365925808           -0.2138268923545
     0.4929133754869            0.2489252702780
     0.2462815148532           -0.1233463391822
     0.1510295031624           -0.3811914327508
    -0.5585411756997           -0.4957409814861
    -1.2846572515303           -2.1378940673058
     0.7940432203164           -0.6787578091851
     1.6681000833259           -0.1327563544682
     1.2351534660766           -0.2498384424051
     0.7267347482765            0.3144548350643
     0.7732779685015            0.4881283515696
    -0.4897468578958            1.2387361375528
     0.1461480331899            1.8186182799570
    -0.0199977313281           -0.8396188109800
     1.0213578563190           -0.6489862841777
    -1.2343241729443            1.4843133971518
    -0.9215781654026           -0.1596163323722
     1.2876434259516            0.9770651656145
    -0.6932943326077           -1.2146712223564
    -0.4155148546450            0.1237845084990
    -0.3774506945306           -0.5927041959502
     0.4230922015454            0.4873996316425
    -0.0217797906291           -0.9549087304426
     1.1413567346339            1.0980510701114
     0.8742826897091            0.1316427615514
     0.2980525662413           -0.7217616588437
     3.1059397718234           -0.8477525688608
     1.2601604813347           -1.4493979135629
     0.0169741096384            0.2675486423626
     0.4889330171732            0.4310835000847
     1.1051713219134            1.1883698094302
    -1.2300929495607           -2.0241146225032
    -0.7274099823173            0.1552685496991
    -2.1098076009238           -0.3077056315089
     0.1951232622653            1.3792631251546
     0.5363746347412            1.1102361282648
    -0.5005324497233           -0.1878977076462
     0.5297447017648           -0.4428955976244
     0.1642814411887           -1.5839425409889
    -0.0891788430803           -0.0079316569466
    -0.9138080754250            1.6772928171836
     0.7440592922957           -0.5681494886652
    -0.1872262191834           -0.2940651554174
    -1.8920390365424           -1.9074182365086
    -0.6497914316761           -0.7392263816302
    -0.1250417767323           -0.1863658760902
     1.1210543050432           -1.7543354027609
     0.0184373152563            0.9577173773190
    -0.9449273364975            1.9516181821632
    -0.3666015101741           -0.7806465002859
     0.1311853383222            0.3257628507860
     0.2284537412897            0.0989999505569
     0.9181419380346            0.3404162923574
     0.3123464789051           -0.8034547538789
     0.8114244478136            0.3186811815163
     0.9642666455493           -1.0224156449354
    -0.6230793705916            1.2817430940152
     1.8678184196523           -2.1342549625855
    -0.4685558950859            0.2213254302705
     0.5218396633734           -0.6905923937259
    -2.6048683236084            0.9276321782934
     0.2525666088150           -1.2753230625995
    -0.8791153728064           -0.2942061057035
    -0.8625156616610            0.0230591998087
    -0.8295944051216           -1.4417229864320
     0.3225646308312            1.3196442213719
    -0.3465977916583           -1.7204957221055
    -0.2918448256188           -1.0904212546004
    -0.3812308670009            2.1106024383180
     0.4225529656932            1.6417459312571
     0.4282473983978           -0.3393011383466
    -0.5851232466315            0.5031640318895
     1.6019217652145           -0.3242768521926
     0.5119720827225           -0.6924585048383
     0.4555702725259            0.7087700934299
     1.3915890233028            0.3733395168138
     2.0687928711252           -0.7974016120945
