    -0.8597552153902            1.9842132240982
     0.5685073870725            1.5128884741326
    -2.2263031966052            1.1280259898316
    -1.3305240853640            0.6318208913953
    -0.5175604488909           -1.4645719144485
     1.0884316517619           -0.3223000233014
     0.9252569341500           -0.4435828418339
     0.1121730554616            0.2277911711910
    -0.0212938742910            0.8927947713966
    -1.1802563643049           -0.5806468430777
     0.0876461377357            0.9670720141381
    -0.0666286357827           -1.4834729603265
     0.3994471605226           -1.2812931757939
     0.5498628245111           -0.0631973928895
    -1.5850338756812           -1.6889412768717
     0.5908070596736            0.8917337244053
    -1.3121851559422           -0.9261040578003
     1.5183612683970           -1.5329288248044
     0.5418187122962           -1.6093466377123
    -2.2466673080012           -1.5455053486229
    -0.3571918690642           -0.7542982718895
    -0.5912717409205            1.0647247124900
     1.3718946277098           -0.8613702403530
     0.2484903095494            0.3340807338239
     0.5889629014919            0.8811795122986
    -0.3935409973392            0.1067849014236
     1.3450238576383           -0.9935950778397
     0.8365949210039           -1.2708808631946
    -1.0082611165279            0.3587100645866
     1.2040035321962           -0.3614749789353
    -0.1540166512824            0.1470439524823
     2.1071222382845           -1.4237293884059
     0.3251888045946           -0.9369543853022
    -0.6630286130313            0.4350143466530
    -0.0738430857235            1.1267543861755
    -1.7808576018004            0.4021232816148
    -0.5089442525179           -0.2802877085799
    -0.8815462124722           -0.1630814027766
     2.9607294663815           -1.3171381277451
    -0.5346868893474           -0.6412201570627
     0.3185898621943            1.2447996042766
     0.2484895727655           -0.7769673274101
    -0.8606594114908           -0.2443440430782
     0.9594362209555            0.9358515942629
     0.4706291154958            0.4328287186793
     0.7081936022283           -2.3260023753494
     2.2773570846490            0.8495087456529
     0.5936127624733            0.3265381755224
     0.5954320379174           -0.3551293690289
     0.0071508484432           -2.0706672359469
    -1.2924472560753           -0.1738681292415
     0.0238990709363           -0.5394032875166
     1.5955465266924            2.2021457452391
    -0.7432401616462            1.0097361695778
    -0.5937332080369           -0.4161335808971
    -1.1474206587030            1.1578309918607
     0.7185410477076           -0.3032942493665
    -0.2970596405471            1.6281364438040
     0.5757622825208           -0.9638054928649
    -0.6294820478769            0.1581626260452
    -1.1046086682341            1.0520670499375
     0.2247812003916           -0.9460450740469
     1.0253579987986            1.0415954554892
    -0.5441393134055           -0.9813228915654
    -0.4392753937037           -0.0822318618121
     0.7962406939083           -0.8967860987562
     0.6569359538449           -0.8952385283213
    -0.4471923154805            1.0392513241385
     0.1398971101812           -0.1321924136899
    -2.0017681993530           -0.9562435418963
     0.6549203205587           -0.1295598894527
    -0.1963352792294           -0.2114052837023
     1.4982707182426           -0.3017541964006
     1.1058552100298            0.9072248848301
     1.8227228124070            0.2042432748402
    -0.0895722238887           -0.9217545073246
    -1.1549153583113           -0.8429325756593
     0.4807077865796            0.1465222748543
     0.3452870222446           -0.9364870240039
    -1.4805160422716            0.5657741456377
    -1.8412868625103           -1.5148984042789
    -0.5734999683666           -0.8021097333997
    -0.9432737409501           -0.6902911617489
     0.9512681295111            0.9496633314905
    -1.1552574382031           -0.6116459673184
    -2.0234293162319            1.8003373804926
    -0.3480006770923           -2.3535557939220
    -1.0876936432447            0.3554532887385
     0.0355071315677            1.9354222697547
     0.1620746061099           -0.4099080175437
    -0.0654544226902            1.0905848016927
     0.5164547526235           -0.9823328548129
     0.2977997125365           -0.2103665820347
    -0.3878968128828            0.1700504630987
     1.3073326494918           -0.7935530241312
    -0.2659164792057            0.3330890861001
     0.5255042315545            0.2266332419239
    -0.2660374617681            0.2166150804167
    -0.5872460891332            1.0290732177175
    -1.5999702994888            0.7503687445478
     0.2351610428465            0.3198631828342
     2.9637594316925            1.8160394744911
    -0.8698074132757            2.2524898668930
    -0.8627729775206           -0.0672835468366
    -1.4196659477987            1.3878434000069
    -0.4165172085759            1.4194803373645
     0.6349915042079            0.0600504127423
     0.1635229901770           -0.3163331066874
    -0.2988583762599           -0.7758260104623
    -1.4556961168876            1.8171417636406
    -0.0415104980722            0.0084414534170
    -0.6518310528821           -0.2190477047293
    -1.4496157351224           -1.3451732001345
     1.2476305943746            0.2811111398127
     0.6608055870973           -1.0255372100295
     0.9566722989671            0.8430680826363
    -0.9119325779836            0.2705527259506
    -1.5674983657159           -1.7607984131369
    -2.5362175638593            0.9580122852919
    -2.5831105232177           -1.4783551010090
    -0.1785690473073            0.0330357234412
    -0.9876147465272            0.6983668999763
    -0.8326637217530           -0.7545745182905
     0.0901150867523           -0.0735786980288
    -1.2463641391221           -0.5639056373410
    -0.6573233596233           -0.5176684636722
     1.1382059838576            1.5035880268681
     0.1501706594577           -1.8648678440530
    -1.5078169764205            0.1057424525470
    -0.7338761739398           -0.8062238145655
    -1.2745392287778            0.0707214302805
    -0.5972124454648           -0.9955217558531
    -0.2337675008090           -0.4553363438853
    -0.0712941791312            0.3951341962613
    -0.0773591768487            0.4276160973894
    -1.2279585235869            0.8294249075480
     0.1125692966501           -0.0492528705479
    -1.1835795471173           -0.9686238428400
    -0.1755552877809            1.5092888425595
     1.5610407605374            0.1625377301926
    -0.0626336311348            1.2007686429315
    -0.8672062977455            0.4517788426254
    -2.4144807062394            0.0785384782362
     0.9536471321845            1.7716306415789
     0.0327243027185            2.4611746661120
    -1.2310512835447           -0.6116160444828
    -0.9008711731601           -1.5343064756980
     1.0627031726545            0.5550439799577
    -1.9174687589641           -0.5557408482005
    -0.0480041395857           -1.0147584259033
     0.0306987964114            0.6933170177669
    -0.2656578086803           -0.8581075715822
     0.9739069316945           -0.2622870707155
    -0.4791610510152            0.7128970670710
     1.0199863877003            2.4174449715681
     1.0484885154957           -0.4934117123956
    -0.4245874245947            0.8994827089274
    -0.8160084488746            0.9701934315427
    -0.2238182439111            0.9417676077378
     0.3855284159896            0.9346221479602
     0.7316640151146           -1.0840859983359
     0.0298041022958            0.4442700949509
    -0.2816687313582           -0.7043416563262
     1.3294136999415            0.4329852892250
     0.5754705949797           -0.6965171370587
    -0.1888172274781           -1.4155834152052
     0.2824042975244           -0.3566758639504
     0.3284200663285            1.0939197045671
    -0.2924620754716           -0.2552020881894
     0.7142767976247           -0.3113276597975
    -1.3524481563716            1.5666443849857
    -0.6740058554261            0.9344724185241
     1.0207720475659            2.0875687399262
     0.7715278398532            0.4638127441388
    -0.3219095784204            0.5393698865169
     1.9497053426446            0.1653052113184
     1.4593006528621           -0.4279602215045
     0.1702723602895            1.3370903350650
    -0.5528669343658           -0.4093578077012
     1.0492359902858           -0.8516901507726
     1.7305898405858            0.7461717878966
    -0.3191494977116           -0.2607141888181
    -1.2510384170673            0.2077325773949
    -0.7345762423131            0.2489654777555
    -2.0811825581758            0.7972678689250
     0.0774565087264            0.8367590204577
    -1.3165673459811           -1.3402004414543
    -0.0115298338155            0.9019729565198
     0.4328295514449            1.1079679500044
    -2.2469233401142           -0.6465055601104
     1.3214600812911           -0.0482131532399
     2.2981289597599           -1.8181865197504
     1.4569946081237           -0.2836803363211
    -1.3393531075173            1.0212197118845
     1.2805942518471            0.3371959559300
     0.1345785681049           -1.2767518800912
    -1.0201566816956           -0.5234069726610
     0.6929121150941            0.6008704597769
     0.3466267424333            0.7418736929086
     1.5180000180156            0.2222403483562
     0.6015345215685           -0.1822387008958
    -0.6761741168394            0.6558964214589
    -0.3804252205148           -0.7950426809094
    -0.1414152450399            2.3430851765693
    -0.0634210923856           -0.4118268153293
    -2.3487296136249           -0.4025049430368
     2.1859940454753            1.4113962145629
     1.4384333655876            1.0647539112942
    -1.6759590713924           -0.5526881611589
     1.6362701114239           -0.3440287094592
     0.7176881394019           -0.0590466629134
    -0.1213377100176            1.4718813585351
     0.8152560537014           -0.5857979358177
    -0.4021621560923           -1.5517301801931
     1.0625747623449            0.5326961579262
    -0.2875701699188            0.6345451379155
     0.1153660870672            1.2926846703512
     1.5729015462064           -0.6102902602943
    -0.9602246267316            0.8204726531042
    -1.5517468281773            0.1782329782151
     1.2042775177058            0.7045655693462
     0.7717867541679           -2.2378123653761
     1.5545594397035            0.2348392525681
     0.7615214776696            1.8619497480156
    -1.4224414874370            0.0911337746106
    -0.1416715339013           -0.8123149103896
    -1.5819663137534           -0.2957654222540
    -0.0758761548397           -1.4214101365968
    -0.1170104570845            0.0889790174593
    -0.8455559762137           -1.1176277273737
    -0.8727960087172            0.4805797066897
    -0.7284614047157            0.2647286969293
     0.8294128922551           -1.2215510839936
    -0.9238034444017           -3.3725176592650
    -0.1955302387471           -1.2027950012040
    -0.8651297147716           -1.4054148449988
     0.4086627295622           -0.2167802285478
     0.6421382595398           -1.8254139965643
    -2.1597089795976           -0.8017057804171
     1.8905612091513           -0.9124745319829
    -0.3089305462452           -0.8939201302529
     0.4104385676686           -0.0561691870164
     0.4094804693473            1.5807617453526
    -0.0360805972742           -1.9599404337582
    -0.6160047860359            0.5036316922292
     0.1038507572766            0.9693906256275
    -1.5555873381152            0.4367254815116
     1.7945338737067           -1.2350298261014
     0.2640427990974            0.3692647686767
     1.5752697968247           -0.0199280469103
     1.0313746326213            1.6970192697023
    -1.2727053852934           -0.3919216221458
     1.6354472386310           -0.6400616603107
     0.4879451335947           -0.7771335284107
    -1.6439782682399            0.3038148416132
    -1.3396967104917           -0.3522088216440
     1.6423306377478            0.1922933107503
     0.7429232011196            0.4928852335856
     0.3552241630292           -0.2603463899592
    -0.8832634452322           -0.2493123458417
    -1.3961165675005            0.3380936460438
     1.4713614487958            0.5807765100878
    -0.3957240718049           -0.5509910959118
    -2.6068313755339           -0.2019689947998
     1.2693221783906            0.2513551224188
    -0.2559600690436            1.4857972672300
     2.0774519065920            0.4672086085629
    -0.5022280844032           -0.5080082842704
    -1.4537312332693           -0.5516736399210
     0.4942154337070            1.0181782880896
     0.6438210277892            2.2056098422409
    -0.9110598980257            0.5106617039342
     0.5179229296787            0.8880522543723
    -2.3931627714507            0.4180060097730
     1.1010268202047           -0.8810738337175
     0.9564209344505           -0.3412371403637
    -0.4187016332295           -1.0820397086767
     0.3553267080819            0.1171525311195
     0.0372409923430            0.4117696503827
    -0.3314403781457            0.9970045594123
    -0.5137224545905            0.2370046724390
    -0.9502269997174            1.4357914336124
    -0.1637006675345           -0.2639604924085
    -1.1560776669243            0.2033553905341
     0.2231076550048            1.1895068403120
    -0.7944718804626           -1.1554042183745
    -0.0286216880424            0.0905419450220
     2.3728916390487           -2.2037666055869
    -0.1271269089783           -0.7888485753864
     1.5499130708316            1.7860474894365
     0.5016525846580           -0.8270712140038
     0.4077073535759            0.1817134315554
    -1.3358062026339           -1.4911084220270
    -0.3689281537216            0.4801206233509
     0.6841885807195           -1.0451783945550
     0.3137933227248            0.9179571101494
     0.8532064818215            0.7161596852276
     0.1189332426375            0.9413424312778
    -1.2037632114665           -0.6388557084384
    -0.5989646988737            0.9019121252739
    -0.2039788138771            0.1294406069827
     0.7345251694062            0.2472728330176
    -0.5954339135883            0.3246607404617
     0.3762665439213           -0.2223658649688
    -1.4753928498167           -1.0374089247066
    -0.4991915893913            0.7679016393804
    -0.7367846617402           -0.9393885452367
    -1.3024365949393           -0.2444831883126
    -2.0522606680866            0.5030549674978
    -0.6858192487801           -0.3135690346508
    -0.3845364850019           -1.2918964163922
     1.4292655827280           -0.2930297385263
     0.5754533219631            0.0253920203684
     0.5465678245341            1.4727058277475
    -0.4969698068806            0.4148324426705
    -0.6219196236107            0.9208629146732
    -1.5777375746800           -0.0472288663034
     0.3397101328840            0.2009330804832
    -0.1542829340562           -0.7631855587872
     0.9013721530877           -0.2162127960164
     1.2876672453734           -1.3466295615475
    -0.3903388879397           -0.4678418707172
     0.0116286695526           -1.2301137485823
     0.4669574096980           -0.4888989258839
    -0.6810059819692           -0.2133519302256
    -0.0002914543795            1.0713691902871
     0.7265798992263            0.0419183659764
     0.8943572360437            1.4104010657940
    -0.7484438085556            0.1878067474725
    -1.0226956359988            0.4049384819566
    -0.0450859377021            1.0433405723964
     0.0231189525502            0.2465995477713
    -1.3937851014631           -0.5838507403431
     1.1845282512442           -0.5939825192373
     0.5826491255505            0.2469697956230
     0.2021446524099           -0.6877640542699
    -1.4240207856116            0.6630598569193
    -0.7598512503845            2.3897192281892
     1.2806440911331           -2.0324708861557
    -0.1766083599354           -0.3741566923916
    -0.7566231333047           -1.0220251766609
     0.3150799246700            0.8745551848407
     0.6984076508017            0.9136124344783
     0.6371241036844            0.3882142860658
    -0.6367293633998            0.9710317096861
     0.9951311756658            1.4876030514001
     0.5772380823637            0.0847449259138
     0.5514397031425            0.0864070253666
     0.3345004085442            1.1143317261203
    -0.9644578416222            0.5468001768284
     1.1736184890399            0.9859118672824
     0.1853924838663            0.2933240714579
     0.5397257486620           -0.3814782627597
    -1.6494850324067            0.1073374272307
    -1.2417684770870            2.5100430509199
    -0.2591341173730           -1.5301468952344
    -0.6422305518434            0.8480361126886
    -0.9688413356114            0.1666901839670
     0.5698643160102           -0.7263401817379
    -0.6423412926515           -0.0574807189328
    -0.2830837150433           -0.8411463772488
     0.3348319112683           -0.1430947436692
     0.5427314595914           -0.1518456084720
     0.8045370783844            0.8131831297893
     0.1488933902200           -0.6370550469539
    -2.2656264875779            0.0879393995388
    -0.0650062259014            0.4132651373269
    -0.8778012654171           -0.3767331928391
    -0.7944276751574            1.7617442491833
     0.5811928711833            0.9186521827481
    -1.7384836109108           -0.6076074635352
     0.1087112422823            1.0204809692986
    -0.4533239626241           -0.8719747664105
    -0.1113541778582            0.7675421744614
     1.7523104525462            0.6108855743566
     0.1946503496458           -0.8259773973848
     0.0013994556665            0.7262797598093
    -0.2395960083266           -2.4974554648839
     0.1861658426908           -0.2432926527980
    -1.3239360191438            1.8161468639946
    -0.6287964705312           -2.1585358442860
    -0.1036610607921           -0.5328737492410
     1.3624752296403            0.3970184101164
     0.8360553458069            0.4067264657360
    -1.1151993619497            2.0854012089801
     0.9134034199234           -2.1294790664464
     0.1579323780841           -0.5992263800102
     1.6898876136155           -0.4248641286472
     0.7086268954549            0.3033747937869
     0.0614642768798           -1.5906914305591
     1.4047712738318           -0.3877433287348
     0.5264525561032            1.7399068266128
    -1.1869236780611           -0.0013449027411
    -0.9992111099318           -0.9317024064390
     0.1283927718727            0.8883343432931
     0.8749270467358            0.1981981705016
     0.5299116766855           -0.4358996232345
     1.0111370950386            0.8452172915073
    -0.1735603690463            2.2165638542103
     0.3444179005444           -0.8799155274217
    -1.0985708895350            1.0920193174213
     0.5760204430691           -0.8814376918067
    -1.9108487954460            0.3404509612286
    -0.7308064796428           -0.5995408435565
     0.8505259536302           -1.8531927439370
    -1.7409954476860           -0.2591818210813
    -1.3409426535586            1.0269780291138
     1.3454159938041            0.1114615874198
     0.2922116886332           -0.7184242760978
    -1.6396108174930           -2.0646150643966
    -0.0723509434943            1.1786943734741
     0.7411303256686           -0.5691783927403
    -0.2573864865498           -0.1083699048063
     0.1528055969597            0.8382681533123
     0.0352206041233           -2.0987759928307
     2.8943424020011           -1.4966503977613
    -0.1157650357381           -2.8216806789571
    -2.7853974141618            0.1917790339746
     0.4434970541320            0.3611342851504
    -0.3732208688040            0.2356214563689
     0.4744307840039           -0.5293041504736
     0.3546921739569           -0.6854031078788
    -0.6405483695729           -0.7396072958815
     0.0496886243845            1.1681589787747
     0.2956039601556           -0.0916068253362
    -1.0214339203024            0.1314918220052
    -0.4856992245551            0.2789703739803
     0.3720481775281            2.8471902834891
     2.8995319323131            0.8342492045912
    -1.6040248457679           -0.2107080192750
     0.0310218847896           -0.6876940313917
    -1.2211054197751            1.5488923698725
    -0.1717378678066           -2.7804875573178
    -0.3227200648239            0.3017669494061
    -0.2050464528840            1.2232323955544
     0.6231733387952            1.4277647950045
     2.6909081263787           -0.9706329486921
    -0.0731744640093            0.0595132376546
    -1.6280354495148           -0.8086108342877
    -1.6963045922361            0.3967279823594
    -0.6651912707837            0.5545157375702
     0.3522347165916           -1.3499676472513
     1.4586485776883            1.7731895064839
     0.6968325383926            1.1750340902343
     0.1187284695135           -1.1732362445452
    -0.8353940062466            0.2339932302894
    -0.7293143837519           -0.6758657228007
     1.3159821578746            2.3662821348839
    -1.2254477763666           -0.2500668752399
    -0.0985395456626            0.8370540559029
    -1.7084877865042            0.7676694381335
     0.8829867036001           -0.5311607613965
     0.6671194850425            1.2577346184510
    -1.1199456301166           -0.5502965516703
     0.5486513302304            0.9577094903714
     0.5102924303534           -0.5055737939487
    -0.8077872047481           -1.5375384959573
     1.0886931711606            1.2724854358048
    -0.7895769189750            0.5217520860263
    -0.6438294797834           -0.9786607582818
    -0.7232902587748           -0.2509644568032
     1.2003099041424            1.9025910806019
    -0.0348767132436           -0.0674626625744
    -0.3756364610415            0.4301399234660
     0.9410289393732            0.8644639709838
     0.4012099071701           -0.4846283915576
     0.1587846594984            0.7585249196706
     0.2859789893938            1.5123606640302
     0.1819086316850            0.9200624214953
    -1.4479174775590           -1.8847557705607
     0.7584446887987            0.0368083094956
     0.0639120435819           -1.0488467295338
    -0.5350514639372           -0.6336700063615
     0.6465904812289            1.5984193887729
    -0.5700404150582           -0.6026697458159
     1.0065818886601            0.5914886056015
     3.3706298553173           -0.5708476891034
     1.8220788538779            0.0806158001483
     0.1876953213090            1.0339177428895
     0.4335423785312           -1.7178327031892
     2.0542714085686           -0.3432316355335
     0.2937367119464           -1.5061668012372
     0.4822502567919           -0.1997315211062
     0.6524651351955            0.1880647121622
    -0.2212201012364           -0.9684722560584
    -1.2288675113444           -0.7779644700929
     0.3528950320731           -2.5924694471100
    -0.1855347252695            0.7446715230459
    -0.6154443562068           -0.5608085397663
    -1.0581985579174            0.1535890295619
     0.2579067870040           -0.2235355076032
     0.2355384531416            0.0581674372260
    -0.2895152065739            0.7594521508929
    -1.4247188734340            0.2872604928665
    -1.1957799610647            1.1237978047563
     0.6460564994646            1.1531833040095
     1.0037513893258            0.7194425361241
     0.7767584943210            0.8975826336210
    -0.2471680894534           -1.9977048336336
    -0.8763045486693           -1.6986776748338
     0.7806479116358           -1.1377593434287
     0.0943642551967           -0.4276938570934
     0.6584686052348           -0.7356360568019
     1.1845037688229            1.7286142006662
    -0.1923573745900            0.1419852444723
    -0.8917810108257           -0.6938255312779
    -0.9445380714932           -0.5253939768161
    -0.0931975476804           -1.2794155704367
     2.5703216616518           -0.1949970410392
    -0.1496239951144           -0.4273175023044
     3.2103601915873           -0.5441355683349
     0.3511770451008            0.7248456741937
    -3.2346573748003            1.2965305767740
     0.3342426023962           -1.1353640933430
     0.0133669675149           -1.2203931523216
    -2.4668831801042            0.0381307546115
    -0.4075354546411            0.0411633684403
     0.7920422962785           -0.5320286869784
    -0.2850402917431            0.4932250224399
    -0.8222326504665           -1.2328199931013
     0.5500197026098            0.3413849731195
     0.8629059918187           -0.6696486835650
     0.9185931641295           -0.5107528168051
     0.7880119248151           -0.6617202999649
    -0.0089860849287           -1.4952536301093
     0.0243859437055            0.7814571984224
     1.1078786880295            0.0697896197083
    -0.2224339802590            1.1202328685015
     0.6389576036716           -0.6503089968518
    -0.3577553859071           -0.8399133577905
     1.2499174202821            0.1262639969119
     1.2421089974635            0.7436609621188
    -0.6706113082893           -0.6631466785977
     0.5946903299737           -0.2001535152497
     0.1739275226604            0.8688482851200
     1.5375255363390            0.4595496273294
    -1.1242930570050            0.3371609054700
     1.2269122620436            0.8491827889960
     1.0105998687741            0.5692073907160
    -0.1496444694950            0.6587516520276
    -0.5693824798282           -0.2903397172103
    -0.1752456779746           -0.4049238719470
    -0.6879667113825           -0.6156904004210
    -1.1448236966712            0.4097465681166
    -0.2018528533782            0.1136670350325
     0.3726106345459           -0.9758001651644
     1.4934471676409            1.5025242948676
    -0.2341878628052            0.7604160707019
     0.1181058571129           -0.0755900362830
     2.0390787303320           -0.4080077281997
     1.8282740789744           -0.4910555049849
    -2.4041609942418            0.2477740882191
     0.3111680365543            0.2832503988908
     0.3782464563486           -1.4365139331185
    -1.2808050744561            0.4219855092525
     0.8686631198240            0.1408750507862
    -0.0677571064019            1.0178590168452
    -0.2143843592928           -0.4072698170503
     0.1534601720652           -1.5079853998105
     0.8473463943641           -0.9472134226290
     0.2256460261681            1.7183915245991
     0.4593952561058            0.6600380504548
     0.8656140925557           -0.6380230647951
    -0.5988154459082            1.0104903339200
     0.6563511728196            0.4327941090927
    -0.6519033450081            0.5957267809604
    -1.6498488041708           -1.0296695956528
    -0.3686192291294            1.1292027643460
     0.5024106901500           -0.1667401416727
     0.4381329778480           -1.5925148113416
    -2.6066616672720            0.2369608537064
     0.7536218137934            0.2397495679960
     0.6454690229917            2.4901715736823
     1.9691694169874            0.0096775382967
    -2.1800591627560            1.5316792253670
     0.2448312088791           -1.6419320751340
    -0.1597882089079            0.5685113842045
     0.8466624223801           -0.3786989167685
     1.3529585355785            0.0613168868430
     1.2448947288222           -0.7630744364173
     0.9875441294835           -0.4909865610676
    -0.1553884267487           -0.0529289624765
     0.2137174894659            0.9736006441514
     1.0838079110146           -0.4478007400507
    -0.0097487260062           -0.8876545646524
    -0.5528275249830            1.8860997447474
     0.1309705685047           -0.2341779695296
    -0.8009878736444           -0.4061939505588
    -0.7425238652946            0.9336329679830
    -0.2202087271527            0.8727459621803
     1.7272341941748            2.3211195624985
     0.8643552067573            0.2505150956823
     0.8172077215633           -0.0861303442335
    -2.1961831711142            0.3116135303856
    -1.0006909051359            1.2641299605204
     2.0399641099110           -0.0123086932234
    -1.7477989474119           -0.0747886530301
     0.2860346474080            0.5346791049879
    -1.4521874163667           -0.5507326171254
    -0.9377218930636            1.1505002537898
    -0.2379728420120            0.6513832929638
    -1.1995414123251           -0.2521127272848
     0.7613636126967           -0.1880000478996
     1.7018401090105            1.1634124563614
     1.5671186543554            0.0854311015018
     0.6807492252784            0.0466879944744
    -0.6951716040136           -0.5155113726752
    -0.1921851489010           -0.2676369402157
    -1.1684314649550           -0.6126028217255
     0.9553484571756            0.3527715393353
    -0.5634228741246            0.4388748865770
    -0.7255229812525            0.4600811413632
     0.6425288452837           -2.4475555607923
    -0.1114588732939           -1.2872897888959
     2.2474594246418            0.0824829510678
     1.4132020904728            0.4268989046297
    -1.6601780027508            0.7070683055010
     1.2844963406708            0.9211185420958
     0.0261566944662            0.2691373177715
    -0.3877455144045           -0.4284023848076
    -0.6925812504424           -0.0638815440058
    -0.9274862208064            0.6704245213074
    -0.0844575444219            0.8813768841407
     0.4514478342363           -0.8497990957926
    -0.6617937969436           -0.1373696550414
    -0.0987363261971            0.7546735347766
    -1.0402662191986            0.4737960945964
     1.6478534447441           -1.0869258847929
     3.1673340718586            1.8632617716232
    -0.0169411158081            0.6417953320317
    -0.0665540042176            0.2684964438086
     0.7674805042742           -1.4492186827351
    -0.1711165532656           -1.5190327315862
    -0.6824792115015           -0.5181464686674
    -1.8309801618839           -0.3024350585057
    -0.4295928317330            0.3913445507912
     0.2309174096630            2.8044780086865
    -2.5953763134580           -0.4672255585554
     0.2819816063639            1.3714268253385
     1.3128476120044           -0.6806375002763
    -1.1444778959022            0.2631737668877
    -0.9288801887665            1.3578168205044
    -0.7059244398697           -2.9114025849356
    -0.2687315912995            0.8271465580176
    -0.4831697214450           -0.6005997318028
    -0.5680388075332            0.3255662289426
    -0.5646531241365           -1.2718915144841
     2.7708346216237           -0.8096431189005
    -0.1090571970529            0.8548268173810
     0.5402738730906           -0.0458902222464
     1.2794691655931           -0.3916454476192
     1.7578183724671            0.1453127988730
    -1.1908136985482            0.2250780735283
     0.1544508467057            0.6692696542288
     0.9181279121251           -0.4307529084036
     0.7746381097654           -0.5740213178212
     0.8689034167169           -0.3611009875787
    -0.4226758584511            0.7029651553027
     1.6073127524699           -1.9960850316832
     0.4830063515941           -3.0682218137260
    -0.2669577156278            0.0683541020681
     1.2283079456777           -1.8702456969521
    -0.5762477038455           -0.7180989360465
    -1.6132705653750            1.2382005589844
    -0.0539750974951            0.6113699615886
     0.8915713095618           -0.7245837757911
    -1.4829380065483            1.2588519715695
     0.0310661326633           -1.1166962869974
     1.4306197922140           -0.0476712794579
    -0.2503175910373           -0.1714004141985
     0.3089431806321           -0.9827169119751
    -0.2626761310406            0.6394893246396
     0.9807398941948            0.4207569936523
     0.4010432187903            0.6521828955451
    -0.0474323406203           -0.3766267046600
     0.5873860678765            1.5285247836657
     1.5964566209273            0.6416134143755
    -1.3300510618677            0.3125783068873
     0.5245287661839           -0.7871120724736
     1.8192238445554           -1.6551047708358
     1.0211540563864            0.3557722685145
    -1.1056433320360           -0.6734199369178
     1.3895051355055           -0.7989889316835
     0.8099279512425           -2.0636706591070
     1.5355437951282            0.8735078087987
     0.4847226856820           -0.1432529302357
     0.4711615120416           -0.9128538856556
     0.0342815437736           -0.5847284750129
    -1.1032548736251           -0.4898513615977
     0.9298743945633           -0.4859439706749
    -0.6099186553733           -1.3603187717928
    -1.7027310319184            0.5041634721036
     0.8271212125889           -0.2323924001289
     0.6323902684720            0.2405385090755
    -0.8530678024315            0.5219403893848
     0.1232966041715            0.4925518550206
     1.7402927786942           -1.7829541315727
     0.4971559524622           -0.8954166787129
    -0.0291586834383            0.1180883566402
    -0.6928498579214           -0.5228626856344
    -0.4670096020850            0.5662358612773
    -0.7958254839173           -2.2250861303797
     0.0774729651692            0.5450598575552
    -0.1325883252189           -0.6045322520703
    -0.2921550887721            0.2577432657828
    -0.0929986586815           -0.9708728540588
     1.5299037336936            1.4081895297758
     0.7423341728805           -1.0452848531304
     0.5927934235892            3.0033008467485
    -0.5920804978364            0.1016219538923
    -0.4397485994239           -0.3623185406901
     0.9243457343447            1.1405586606361
    -0.7987405828084            0.7970490479495
     0.7882582493710           -0.0988377777102
     0.4767663239487            0.4260819051349
     0.9295109166583            0.8165071883177
     0.7353897019463           -1.5583629891525
     0.7097341807323           -0.8268638035147
     0.5932771316369            0.1303330408982
    -0.9510910004503           -1.0869582684434
    -1.9596483151686            0.0763465590149
    -0.4455803838049            0.2059165454912
    -0.6242030793589            0.6017913536543
     1.5097932043954            0.1113158198934
    -1.0152808207385           -1.2977930512394
     0.0765038278560           -0.4276937649808
    -0.2002468550766            0.6350064958198
    -0.7966017915453            0.3448098894832
     0.2685463419507           -0.4107162010527
    -0.2737128433098            0.8991260777909
     0.9603687207472           -0.1065357668414
     1.9252527964873            0.6608702482948
     0.1173461432568            1.5649454696165
     0.2180729576605           -0.0933479988728
     0.9000155348249           -1.4083311070383
     1.3874729580408            0.2536304931749
     1.8396291165257            0.4261932986811
     0.6208292297542            1.5204750548520
    -0.3697655173463            0.1656701636631
     1.7680660956992            2.6975404977208
    -1.0888023273898            0.8395078955547
    -0.8505160563332            0.4548269700904
    -1.3610378804763           -0.8268032023429
    -0.6393441629563            0.0559409594092
     2.9862118204988           -0.6636332502218
     0.6952869605722           -0.0183364844788
    -0.8964373284866           -0.5853589990047
    -1.1354959642799            0.3316058194548
    -0.4170642553610           -1.0137771771016
     0.8072566380425            0.4360442877424
    -0.0343374091112           -0.1919673368354
    -1.3927520636280            0.9098550461826
    -0.6900213764691           -0.3030133017161
    -0.0571396289113           -0.8734002470519
     0.0832258127285           -1.5853145371658
    -0.3878349738029           -1.3471409446984
     0.7030713196861           -0.3170946532500
     0.9194447152797            0.9120642727437
     0.5690730506769            0.5038763477961
     1.5780482428486           -0.2442115625221
    -1.0623182279564           -1.2547066253349
    -2.2932298725105           -0.0415511178819
    -1.3268746306482           -1.9156442533003
    -2.5518304911137            0.8659643184566
     1.4858462715210           -0.8206047198927
    -0.1600674879793           -0.7650469850539
     0.5144677726829            0.8259795926451
     0.4717892183054           -0.9276927267196
    -0.9162216469641            0.1586099964003
    -2.1430883646881            0.5088771105319
    -0.0888497824940            0.8460030280289
    -0.1306059503011           -0.5484066676607
     0.4457485509440            0.1704156442471
    -0.0075426388066           -0.6017254336028
    -0.9672217938716           -1.0375701733529
    -0.9708811478487            0.5109839280211
     0.6214417386999           -0.2237185532066
    -0.3243494060591           -0.4593356923045
     0.6370766408333           -0.4947064912944
     1.1083584263648           -0.7882294240499
    -1.1032499944976           -0.0665575850870
     1.0730339138265            0.1178312077187
     0.1073103283235            1.5645971360500
    -1.3187488865866            1.5873389263412
    -0.2966453892595           -2.3260695501065
    -0.0453928875166            2.0401854388157
    -0.0781242015133           -0.3956460637172
     0.5584785511521           -0.2125945681893
     1.4515395227558            1.6336218708405
     1.9437013596352           -0.4295462869055
     0.8401035408459           -0.7370448013561
    -2.0363704788683            1.1656879798008
    -0.5494258240617            0.9434230011235
     0.0906754003236            0.1107820555159
    -0.3602683353732            0.7852988916767
     0.0782797714113            0.5372808139459
     0.5324660636457            1.1385189831770
     2.1083487808364           -1.4490877000919
    -0.9663866824129            0.2859867850924
     1.3973854010742            0.3698326341742
    -1.8942697764689            0.4819499506557
    -0.3680670338576            0.8178774923690
     0.2065224129282           -0.4838642786062
    -0.2863580554180            0.8791301406961
     1.0369798000519           -0.7220154357651
     0.1517124901173           -0.6547742813913
     0.4275424499983           -0.4561973209176
     0.8832738227491            0.8579652444960
     0.5816086885642           -0.7868746541763
    -0.4810002174045           -0.6828712847234
    -0.3445300288504            0.7058919599253
    -1.4166040951014           -0.8224542586107
    -1.0304965177093            1.3173491910216
    -0.2002382792148           -0.0953317666287
     0.4151720673311           -1.2858584153516
     1.1900017352300            0.4760043045726
    -0.0608229694327            0.1711678500052
     0.5446563755238           -0.3983404683423
     0.3618380164287           -0.8433138050429
     0.9609346433477           -1.5837213283925
    -1.3227506003339           -0.1329908259423
    -0.2986309692736            0.5673440935112
     1.1159025798936           -1.2188876464875
     1.1692021819776           -0.0842092790503
     1.7831990809291           -0.2742336756908
     0.0381089131205            1.2460192369977
    -0.6753694919621            1.0706912294989
    -0.7480328863214           -0.3952738613107
     1.5884928341834           -1.5108938259219
    -0.0616663725587           -0.9169280656257
     0.9725816697581           -1.3209205786955
     1.6784597742513            1.4141185088328
     0.9563223078778           -0.5327506325314
     0.7452041736840            0.6074333621015
    -0.4480455032214            0.5406483753910
    -0.2708811486212            1.0416079821530
    -0.1485370070347           -1.7724076658087
    -0.2169880442901            0.4765520870235
    -2.3864831544641           -0.7589548029906
     0.2846542504196           -0.2127836898389
    -0.4282356529564           -0.2352721945963
     0.2507735715681            0.5540638285581
     0.1229997738791            0.0618449091971
     0.0359340287263            0.5890252296457
    -1.3392610226399           -2.3079807365836
     0.6680541223841           -1.0496682477668
    -1.6201900284983            0.6302469612188
    -1.9895601903129           -1.5465896454065
     0.0488613324348            1.0956506337994
     0.8686109602387            0.3763021347557
    -0.3621210727622            0.0099405254770
    -0.5981998623334           -0.5444147596549
     0.0640154259574           -1.0244455265592
     0.0638488688014            0.7009434762357
    -0.5855710362319           -0.8282616960860
    -1.6789297221558           -0.3379037721133
    -0.8109301098541            0.6785191798342
    -0.1660385568778           -1.9962572476886
     0.5202642939010            1.7771428912935
     1.2375179476505           -1.2220562755362
     0.7214866180070           -0.4835231854834
     0.9591155570056           -0.9636153983443
    -0.5138324992672            0.5228603621682
     0.0005106241503           -0.9381956034634
     1.7563635644496           -0.1214220126545
     0.9624381725997            2.6906948986262
     0.2870930235632           -0.5386030410777
    -1.2894403818905           -0.2576146964431
     0.2856094929796            0.3711980748165
    -0.0171696224339            1.4126631876224
     1.5607968020129            0.1708882722863
     0.0190825033800            0.0266902060605
    -1.5017969961052           -0.9758882373865
    -0.2116346939353           -0.4491537038300
    -0.8044279017205            0.2566814088965
     0.6712757713221           -1.2815149390644
     0.0398401315493            0.2371924293107
    -0.4710309473028           -1.3467017919636
    -0.4862419107101            1.2980668207207
    -0.4419839649358            0.6668674390395
    -0.8209407794813            1.1166485740039
    -1.6212212066690            0.1280453380575
     0.1932426992322           -1.3826386334662
    -1.3754274784952           -0.2772808426489
    -0.0958881384518            1.3979838204874
    -1.6296865276915            1.6454070198500
    -0.3970517423655            0.0340252930326
    -1.6409092394735           -0.3764647150287
     1.2383379881657           -0.5169942638713
    -1.0420105237861           -1.3928006796148
    -0.2436881286459            0.3289757752029
    -0.4472630450978            0.0130178442064
     0.4543026620582           -2.4031065383186
     0.4858008074362            0.3409270711749
    -0.0005992386503           -0.8370553164537
    -0.2021065880322           -0.0665406859884
     0.3782058044432           -0.3260459023446
     0.0156681513954            0.7803022444503
    -0.7553987606840            1.6564175886251
    -0.9422370857036           -1.5209454190935
