     0.9678333329562           -2.3313641941273
     0.2203145557174            1.6049915893241
     0.3313058437516           -0.4547948642062
    -0.3531721586549           -2.3194607317605
    -0.8813585935557            1.4488615456899
     1.3710537255615            0.8976494527820
    -0.5335080230160           -0.1128940660800
    -2.9044755550246            0.4002525023829
     0.9253407654333           -0.4461891201084
    -1.4225046526143            1.1270980557854
     0.0513123914085           -1.5737290602704
    -0.4897846584107           -0.4102702478055
    -1.4420858141355           -1.1808522140570
    -1.4899923388349            0.0091865178420
     1.7429921381924           -0.0165224579462
     0.5644441355680            0.2951109319019
     0.1052106524553           -0.8903294406644
     0.3914134953315           -0.4125710893887
     0.1926325987677            0.9847251940488
     0.4858862284443           -1.0258624175343
     0.1750693518399            0.6522396082526
     0.8781463409916            1.9473552087562
    -0.6739512562778           -1.4351187539385
    -0.6965635686943            1.6989370163526
    -0.9484649269830           -0.6824396920797
     0.3640153738067            1.7689296285477
    -0.1683958885479           -0.3048424218176
     0.2179879832918           -0.4425755004431
    -1.7788323669180            0.0514350785296
     0.0383499646936           -0.2710897313797
     1.6759151444246           -0.5551163089527
     0.7660906998879            1.6359710254849
    -1.2409397054229            0.9148745501969
    -0.6972598792087            0.3737434368299
     1.5648211791997            0.9079739754578
    -0.9387327882580           -0.5070118437659
    -0.2989444981049           -1.4154150087108
     0.7641427500738           -0.3597065346825
    -0.9029295623612            0.1030919086263
     1.0923033801335            0.6001911558771
    -0.9750900611561            1.1246783364868
     0.0192265657029            0.6993003358996
     0.2832515307572           -1.6980518504645
     1.3440187034531           -1.5108645302103
     0.9855914752379            0.0046952074524
    -0.4686616133350           -0.9211895067023
    -1.3658279468468            0.0997107676171
    -0.7193155198522           -0.3879102259863
    -0.8201982845111            0.3200173104593
    -1.0499689904618           -1.7051138937666
    -0.1046890207262           -0.0390303412137
     1.4024918195817            0.8627895621572
     0.6982969273624           -0.3966093743547
     0.8987536203993            1.3791797715711
     0.5660651159413            2.3673145971193
    -0.8042969587063           -0.1456102585137
    -0.8387532514629           -0.6998797430854
    -0.8893830492039           -0.0329599589465
     1.5416045386232            1.6486800584944
     0.6452277324858           -0.7316283239397
    -1.3562079460127           -0.3592378277424
     1.2652562663701           -0.3237636952401
     2.4288707385578           -0.6859227413216
    -1.2542873456753            0.8172314900919
    -0.3118918980239           -0.7316749751210
    -0.6780370196739            1.0109195506385
    -1.1050255731662           -1.3064819658735
     0.8892635170212           -0.1338187242123
     0.5723857260124            1.2389126150181
    -2.9072931748050            0.3996029117307
    -0.7963314966340           -0.9342773652621
    -0.5842551826656            0.6801260910739
    -2.0853727575078           -0.7695698896541
     0.1758680834654           -2.0947972067899
     0.3457040782684           -1.2101321265123
     1.8213301903861           -1.0867103383878
    -0.8193861889237            0.5735405297692
     0.9519620523020           -0.0698414621470
    -0.1088005210228            0.4948912048390
     0.3336635184288            0.5750719407954
     0.7104180722540           -0.5962654487941
    -0.1104023834602           -0.3204889315145
    -1.4713607432971           -1.4611007169261
    -0.4780104595376            0.1178592936027
     1.4216728149662           -0.4736005444878
     0.4456560510896            1.1392690789280
    -1.0418078073915           -1.3535610535465
     0.3902806512205           -0.4808792009046
     2.6229571206718           -0.6626823354512
    -0.5376288175373           -0.0772935763427
     0.0521266590145            0.2795631066475
    -0.1594471985135           -1.4210508361875
    -0.5045679659811           -0.9751179959429
     0.2386003513238           -0.4417321541445
    -0.9300306052426            0.2370176659659
     0.1599867832531            0.7217262310889
     0.0281071292102           -0.0839007512773
     0.2314464650381            0.4381578310060
    -0.7177704696673            0.2504639647597
     2.6378330695370            0.4015568306018
     0.4132911573931            0.3350100908799
    -2.0553623167642            1.8048954683336
     0.5941581762687           -0.6779396886333
     0.4772180179443            0.3487454041970
     0.0758765284181            0.1822307742714
    -0.5650926415188           -1.1136345595204
    -0.1582580583620           -0.6329299429606
    -0.3264128029780            0.5422248399053
     0.8580475628646           -1.8133242040078
    -2.2552294507807            0.1145063310299
    -1.2488857760300           -0.5124391693760
     0.7833048782869            0.2129655424314
    -0.5660348250841           -1.9891549955798
     0.1433176021840           -0.0345006794658
    -0.9176252521626            1.3881448712065
     0.3984641045233           -0.7869916489696
    -0.5771552405027           -0.1079642805825
    -0.2186138581878           -0.1131699867327
    -1.3755821712718           -1.4927469114741
    -1.0746991250799           -1.2976872950048
     1.0348635060704            0.6387972564711
    -0.1830432103166           -2.6127169430606
     0.5920104749273           -0.3026201110719
    -0.4210246621596           -1.2051177996402
    -0.3004560111376           -0.0425682834032
     0.9418034419039            0.6949834033500
     0.5290993640300           -1.3136221158248
    -0.1890589415138           -0.3152088960136
     0.5075465794946            1.0812329784813
    -0.6995861636359            0.4211188630813
    -0.7412407387777           -1.8229151105386
     2.2879301768329            0.1828879630401
     1.7033566469870            0.5320503098726
    -0.0212894542607            0.8534474317531
    -1.6536620958652            0.0963987996983
    -0.4455176264195            0.1283353586002
    -0.7317091949512            0.0881165558759
     0.5965353623320           -0.8907413071354
     0.0541880626035           -1.3708087989568
    -1.5512194033298            1.6161709336949
    -0.4353942967214           -0.5194763589335
    -1.2378451245858            1.8873170528135
    -0.9714737734794           -0.1613312188669
    -0.4127814452382            0.7269800553406
    -3.0129886090571           -1.1485397431620
     1.1042738732813            0.7697943000979
     0.6589215567871           -1.0676027897480
    -0.1984286886279            0.0536058091771
     0.3547789760616           -0.5304237600809
     2.0417915992788           -0.7048557929613
    -0.4342612392410            0.7132468608226
    -0.4687331339813            0.4730099655483
     0.9382243942113            0.1449436520345
    -1.4906899088820           -0.4547348187124
    -0.5819253094141            0.2433097097281
     0.7678516567422            0.2177557010189
    -1.0167294203391            1.4355940165307
     0.0889623080922            0.5838579615532
     0.2950686990385            1.7241239966178
     1.6127494134879            0.4658763706259
    -0.6777723896898            0.6361583844632
    -1.0015589631208            1.6080548741375
    -2.0142114861273            2.0471716460116
     0.1047006276725            1.2976568021541
    -0.5541431747751            1.5458504751877
    -1.0442749229377            0.0380130179980
     0.4569855150242           -0.1363792554067
    -0.9864136198251           -1.1400237726940
     0.3719504763855           -0.7651916989137
    -1.7586113267688            0.3847020921215
     0.4218737328161            0.1278888604607
     0.0329966028144           -0.6930901922990
     0.9859177949539           -0.1099032471007
     0.2847696730230           -0.5636879329692
     1.3484443103459            0.7067903614217
    -0.2089612874073            1.5353579278530
     0.0930644685373            0.2044995978455
     1.4367343701846           -1.6376992102596
    -0.7838176279885           -0.2398032442206
     0.9424457532299            0.1671085263477
     0.2538372112149            0.9048780508239
    -0.5329433934446           -1.1704526699672
    -0.7296542476982           -1.1951690982121
     0.8092094275576           -1.3863103539192
     1.0509046683351           -0.6238732245975
     0.8031083574160            0.2139573478030
    -0.3584730577488           -0.1612745704317
    -0.0537235188710           -1.1041240350941
    -1.8509418802131           -0.1183224778950
     1.1986154153755           -0.1157093768162
    -1.3146033365897           -2.8433362621708
    -0.1319005360642           -0.2823885207118
     0.4504968702460           -0.1055828557956
     2.0478230715849            0.7916198539215
    -0.4154714881080           -0.8322024540326
     0.4268051493985           -1.5127188492283
    -1.4062405548013           -0.0804537372468
    -0.2633757559005            0.2484331664931
    -1.0366953696059            0.0499661540063
    -0.2206863973019           -0.0492611787574
    -1.2594586411355           -0.3942062692152
    -0.5204121005386           -0.8038851669953
    -1.5279390447963            0.4852143973161
    -0.5599440141710            1.1581043257045
     0.0379287081770            1.6009423553006
    -0.4813741041891           -0.2291503429378
    -1.1490876046724           -0.1536920071145
     2.6687724681481            0.1047782508241
    -1.2026687737802            0.7912191552918
     0.5418101994655           -0.0561767047545
     0.9475800234557           -0.8392517284822
     0.1340579885139            0.6204395157341
    -0.8080306194489           -1.1527233474664
    -0.8807553371981           -0.4374763764652
    -1.7832152979010            0.8784849410766
     0.4196517607194           -1.2721819924098
    -1.5996446185672            1.1554260568397
    -0.0701231086083           -0.7115386245117
     0.8633339064273            2.6128792103401
    -0.5105849458873            0.7286278524375
     1.4623662208903           -0.4933370914442
    -0.5699268735365            1.0918444135959
     1.6663249899436           -0.3618243750683
     0.0379347700140            1.5342264467649
     0.0420013773893            1.3065183610035
    -0.0934028556856            0.1618349892630
    -0.2050075151238            0.1192436548828
     1.3626389042422            0.2542033487900
     0.4697142464597           -2.0589185216267
    -2.6037353419641           -1.4371330523999
     0.1006060402193           -0.1013435234189
     0.0477225456902           -0.7655677958687
     0.3810908462599           -0.1040564574736
    -0.4559618993235           -0.3880791676245
    -0.8767990381320           -0.3048484485896
     0.0004076811855            0.4240134554827
    -0.1480925108958            0.0924862587418
    -0.2761493480465            0.0273812006635
     0.7526110927059            0.7281400796625
     0.4926249715105            0.8942251886364
    -1.9840475185613            0.3861248324932
    -1.0358049998941           -0.3450713434805
     0.7911949429470            0.0301435173644
     0.0009985896696            0.4481945300611
     0.6695467694842            0.3248137445212
    -0.7584472090376            1.2607623186081
    -1.9619722301365            1.3329481833162
     0.6542558037639           -1.3489510169949
    -0.4748226198554           -1.3704100607168
     0.8190516371569            1.2104185150621
    -0.1490982348647            0.0266008689455
     0.6565406152282           -0.4794567542769
     0.1324947772257            0.0437281530359
    -0.7998723746753            1.6585685979954
    -1.0443626498263            1.4343016835790
     0.1161257380030            1.4794896975711
     0.9922925392121           -0.5423299228023
     0.0635335749588           -0.4809822490445
     0.4016132953365            0.3351826846197
     0.9096954507711            0.2412288387772
    -0.1594920855009            0.8863855944274
     0.6176069639246           -1.4729014351993
     1.1779265264866            0.6155159214255
    -0.4419089172357           -0.4834028291206
     0.9983722147632           -0.0503173911706
     0.6513542290267            0.2735942967392
     0.4438340575976           -0.8467169790654
     1.2323906196753           -0.2008630990558
    -1.7969877289789           -0.3489565305577
    -1.6859804625210            0.5808585960877
     0.3598350493168           -0.0935772014999
    -1.7513566500745            0.8267155334088
    -0.5323192952776            0.7020151081497
     1.4380820127198           -0.5780200299075
    -0.6301815398651           -1.0144147150356
    -2.6779372019876           -1.1966463558367
    -0.8717127409844           -0.1078112942990
     0.4529316450192           -0.9793438018657
     0.4359533290702           -0.6519535665313
     0.3209058711356           -0.0108055837935
    -0.3824286068913           -0.4752346232389
     2.8450227226062            0.5889294213448
    -0.5184122163972           -0.3063520851629
     2.3056892106529           -0.5440486031838
    -0.6252845530736            0.1078384755814
     0.5394395940265           -0.3845277373961
     0.7889570490374            0.0793781888088
    -0.9266753004341           -0.3510782389703
     1.4560077464589            1.8856174297407
    -0.0392777909723           -0.2321774028998
     1.2962778927309            0.3634798687424
     1.9658644541546            2.5845817552856
    -1.2896283424604           -0.6494198006758
    -0.5282117654586            1.9822792614616
    -1.3306149394453           -2.5043233700227
     1.3017906703511           -0.6323564662375
     0.8292064825048            0.9923885909765
    -1.9808555879134           -0.1177848516698
     1.4303008408355           -2.7403947612882
    -0.1740263883656            1.5377861455621
    -0.3066101226794            0.9366622366142
    -0.9031025708072            0.1182255829349
     0.8333944878805            2.5428222496236
     0.5374549804897           -0.0530456829993
     1.7020998512300            0.8884825515656
     0.9770775161547           -0.1528958946448
    -0.3365816579945            1.7213119035536
    -1.9160095267322           -1.4301891933829
     0.5924359287338            0.4514916482161
    -1.0415178694458            0.7600183963813
     0.3705908323812            0.1344879524328
    -1.0463619672648            0.6013601238105
    -0.4240761825753           -1.1500388478710
    -1.7578415244723           -0.2932062931408
    -1.1324473516429           -0.2207479839019
     0.9230872786898            0.4029742699991
     0.7864577970390           -0.0214048838027
     0.5328668065216            0.4257747166095
    -0.9264149788344           -0.4142587180646
     1.0539538484049            0.9911840644726
     0.2226884622571            1.5682372452940
    -1.4030979345251            0.9515558432460
    -1.4970202414570           -0.3204859776503
    -2.7273426501977            0.5965220732374
    -1.3445755897211            0.8456513230393
    -1.4985371226319           -1.5531033545635
    -0.9484490703542            0.0032898372527
    -1.3250347280687           -0.4585829846795
    -0.4082259223459            1.3368135440485
     0.6732083465728           -1.3879916104082
     0.0371350293498           -0.9164401211812
     2.1270151569262           -0.3375526390826
     1.4735544634035           -0.6595184481080
    -0.5842576688856            0.6559767097667
     1.1699567846593           -0.5864509368696
    -0.1848568703846            0.2888165915345
     0.4890733400720           -0.6943858858297
     0.0969069335838            0.1263051726703
    -0.8628559963412           -0.2102960271422
     1.1708653808491           -0.5737011575887
     1.1718723851914            0.1941807659169
     0.0925130800437           -0.8100113948188
    -0.6161996964017           -0.1305496949742
    -0.3938523670181           -0.4049868158955
    -1.1092687105687            1.5360210189189
     0.4884415622906           -0.2659336772305
    -0.9795593101696            0.5861386227726
    -0.1626865787328           -0.0225738935430
    -1.0954758883492            1.1979967027120
    -0.2993644390833           -0.6944063903937
    -1.7277866284017           -0.2566456731246
    -1.2148961240942           -0.2989381134098
    -1.6277445179903            0.7477054157188
    -0.6510959485869           -0.7827543805442
    -1.5450536919672            0.9391425456789
    -2.1011098358207           -1.0180183358363
    -0.1325935034967           -0.6563912775490
     0.5761453897997            1.0664204504056
    -2.1013977871495           -1.6244856642237
     0.0378970323336           -0.2334069776336
    -0.3016827074860            1.4646978283958
     1.2775057908114            0.2700329872415
     0.0106218452862            0.7072700451818
     0.3887947280032            0.9005197345495
    -0.6282452080798           -0.1862184392478
    -0.0431220601504           -0.0655637172901
    -0.6149761738786           -2.0711212062921
     0.5975182538525            0.2761469383891
    -0.1870712269876            0.6831098509372
    -0.3293965126364           -0.1138357373113
     0.4139493784804           -0.8881321049287
     0.8995950595539            0.4051301182209
     1.1237396345783            0.3278439600678
     0.2494376639135           -0.7439466174358
    -0.1766396942811           -0.0694223184539
    -0.0748045874783           -0.9250003377884
    -1.6052285162353           -0.2356610481885
    -1.4074431047724           -1.1043328354403
     0.2631002746602           -2.7112138798667
    -0.8892510706697            0.9493714311493
    -2.0545093177276            0.3674336735913
     0.4847103672088           -0.2845514719203
     0.4746107166952            1.4835810227102
     1.0513041312691            1.1372709021504
     1.1693413523352            1.6708532131342
     1.3843387791918           -0.3133980319436
    -0.2535419677922           -0.4933632298607
    -1.3559131247954           -0.3284229863200
     1.1442767652426            0.9204777856414
     0.0093920797648            1.9628705030017
    -1.5653799293916           -1.8205033104145
    -0.1048947265202           -0.8850520205722
     0.6965529255713           -1.0605994117283
    -0.5750533347999           -1.3641988335264
    -1.2913878904795           -1.2440972040010
     0.2426609354689           -0.2300172287360
     0.7350166922902            1.0693254589451
     0.4306036575211            0.0512672439604
    -0.5673864865916            0.1099196922203
    -2.2680867252619            0.3108949589187
    -1.3457495028791           -0.2724367336428
    -0.0357723862612           -0.3168979974475
     1.5213343164108           -1.1744324677748
     1.3772332692704            1.0487701616199
    -0.4669169515703            0.5575293125568
     1.1193821067842            1.6814672398362
    -0.7748016835901            0.1245324175738
    -1.7544968035813           -0.6617236294366
    -1.9523194939528           -0.7707972566379
     1.0105857030785            0.9214764965614
     0.0256737483272           -1.9170653270594
     0.1785751236105            0.6659622654852
    -0.4177342892225            2.1751392485364
     0.5340089108415            0.2106147732203
    -0.6074913805489           -1.4337231244194
     0.3475713040392           -0.5316328031984
     1.0015012551000           -2.5766138997887
     0.3428198478139            0.0568296290965
     0.7301204771932           -1.0240041390345
     0.5804476256298           -1.2859475155654
    -0.0222878580036           -1.1749306228182
    -0.7083276509314           -0.1076190232820
    -0.2039839977184           -0.8981878355733
    -0.4238681414493           -0.7611497036127
    -0.0729775208079           -1.4333213215491
     0.9366863663011            0.0684279172659
     0.8788786305318            1.4716599367399
     1.1553565845440            0.1808396152835
     0.2357304171664            0.4122974144653
    -0.9476773290416           -1.1463510108299
    -0.9611108735430            1.3599500695137
     1.8220507038423            1.1488129626053
