     0.2233288835089           -0.8521528633123
    -0.1982069694320            0.3300417676560
     0.2294024415164            0.8079177873974
    -0.3853012974300           -0.1978273162274
     0.1864228550168           -0.5360844548519
     0.8410010551273           -0.5550878675445
     1.3215579888483            0.8440940205062
     0.1473445747260            0.4081540050707
     0.4375162712585           -1.5339230078541
    -0.2732088387521           -0.1659090315302
     0.0567996687162           -0.3820330549018
    -0.8615696833650            1.5370029214230
    -0.8938459678821            0.1702791332750
     0.0236854502178           -0.5022929727749
    -1.3015440582449            0.3276467031262
    -1.2118265690677           -0.1769873611274
    -1.0873066269159           -0.4062197100836
    -1.4759911304088            1.5795166173917
    -0.9650816268260            0.2322272997426
    -0.0397191930167            0.9544896598227
    -0.4655856664223            0.6365116286911
     0.2929513657233            0.4115783358366
     0.0182151337299            0.6951394106776
    -0.8826460048776           -0.2099882793142
     1.3094191890215            0.6586132885381
    -1.1922595641198            0.4559710432567
    -0.4225527062167           -1.3641312941494
    -1.6273639028767            0.7548713056122
     0.0128783475036           -0.5578567650056
     1.0528917774835           -0.4325507849505
     0.9672694703068            1.3684841118437
     1.4010565848937            0.4528159267345
    -1.6905673503208           -0.7850007855320
    -0.6791330200757            0.1672026800675
     1.1301832622096            1.0415517234047
     0.8666725334843            0.1107269053360
     0.2336861239397           -0.9629246375191
     1.1317481732891           -0.1662557680966
     2.1261898375425           -0.6640283314366
    -0.3601148708299            0.2881301447378
     0.2113244745337           -0.1555652065262
    -0.5861925669347           -0.8053428263783
    -1.5814111970158           -0.3388872386151
     1.6204761150984            0.6894175768654
     0.2873119770119           -1.6374182890219
    -0.3378023090263            0.6786282632017
    -0.4764252247390           -0.4780992389374
     0.6466658618447           -0.6509241349243
    -0.6602914835176           -0.5297445186721
     1.0116650545297           -0.6547907923729
    -0.1658977579374            2.2576492247510
     0.3862794978754            0.8958582328641
    -0.7798548799265           -0.0511972261265
    -0.1289728132517           -0.6724052539810
    -1.8080278475442            0.4858954828653
    -1.0563441096888            0.0059719666510
    -1.2690465439302           -0.9602467512199
    -1.2638816963285           -1.2106366477268
    -0.1929117020389           -0.0561139021815
     1.4654315270306           -0.7410373656463
    -0.2179213920008            0.3005555023008
    -2.1457134296521           -0.4074079372643
    -0.4676947892453           -0.6348445176067
    -0.1769503572445            0.8932081282878
    -0.2273173782242           -0.5220200284941
     0.5344329608936            0.5445304294408
    -0.8612068814037           -0.1551354597213
    -0.6658522285280           -0.2336102887092
    -0.8478635048085            0.2883442489836
     1.2246074228606           -0.6127821630880
     0.9217281048305           -1.2648019238110
    -0.1125536360773           -0.4629340135089
    -0.5252477245541           -0.0283864506541
    -0.4648494002265            0.4080625372813
     0.0110538512777            1.1989681765713
     0.0869463469126            0.4900843190983
     0.7734526743989           -0.2288266909708
     0.2785325033290            2.3152994321770
    -2.0112147514981            1.1283380210980
     0.4801602448417            0.1733072912453
    -0.3924398872089           -1.3128284097470
    -1.0281508455994            0.0099389426548
     0.6475435858811           -0.5201230647330
    -0.6249159471865            0.8162456295062
    -1.2887735624451            0.5686515794874
     0.6897824519210           -0.4443082211434
     0.8118464857278            2.3349561192668
     0.7000934568828           -0.7800311097970
     0.7919148110299            0.5074489084520
     0.1726219303154            2.8506484920645
    -0.1602273011183           -1.1649689443563
     0.0205572449923           -1.1877376933189
    -0.3846667603320            0.7516057938090
     0.1429944645722            0.3319342063391
    -1.0872329360204            0.5372703974623
     0.8687256845784            0.6120744058633
     0.0739773275510           -0.0566148474477
    -0.5783661403912           -1.0048643665751
     0.1641622329184           -0.9900958566080
    -0.1950944021515           -1.2918006495621
     1.9751670668720           -1.2992590203844
    -1.3307566736924            1.1129574982695
    -1.0207587155835            0.0283169328653
     0.8009124260399            0.5712022420167
     1.2612175519073           -0.4504087687379
    -1.6505955419556            1.4880053267479
    -0.8324511822707            0.7235071256708
    -0.3073795748493           -0.6866792918236
     0.8063840708818            0.5989029090497
    -1.1389081942587           -0.2750192457484
     0.1518221852273           -0.3714530253932
     0.8598621600391           -0.1041281684534
     0.1324530046887           -0.1183395414658
    -0.8323592825979            1.3385295269930
     0.3381051411467           -0.1266231816241
    -0.9956822913215            1.4330170707206
    -0.5100119564571            2.4225566344343
     1.5304191894168           -0.5494470796065
    -0.6601015833302           -1.2430448203255
    -0.9784413706733            0.5731119105824
    -0.2616751969624           -0.3019407357706
     0.7217372716328            0.0560983077535
    -0.2750087915003            1.6579181770802
     0.9514248262493           -0.6483815660521
    -0.0347318897501           -0.4705131440595
    -0.0433358914486            0.2403542551861
    -0.6933734305081            0.3193256290916
     0.8445712516010            1.4012212236669
    -0.2333860503415            1.7530995245908
     0.7987256551848            0.7155021753749
    -0.2352076234415            0.6194767515930
    -0.6933299177229           -0.6974003542165
    -0.8404708008369            1.2551150239851
    -0.1280680436519            0.5840883478090
     1.5271686622528            0.5598891728758
    -0.9929018427413           -0.3714647669226
    -0.4867682384824           -0.6854869202144
    -0.0367794050277            1.2663491166687
    -0.5617382204524            0.2570408152971
     0.4030067281297            1.3917675247898
    -0.5922639523051           -0.9216091587473
    -2.9952332231766            1.5661738507606
     0.4027847619252            0.1980354945720
    -1.4241187169605           -0.3139351729066
    -1.3335676641362            0.7495218417008
     0.5728791746823            2.5980829765959
     0.0055027469565           -1.2568131940001
    -0.0742457079704           -1.1821920490333
    -1.1910293931017           -0.2398332721400
     2.1212049671061            0.3104350675528
    -0.5053514045910            0.5526998618083
     0.9042449000189            0.9478169668111
    -0.7880320611148            0.4879853177713
     1.4544406775228            1.2770397365309
    -1.0584636272991            0.4298159076412
    -0.4773827317674            0.7275729592511
     0.6081665267308           -0.3416955740915
     1.6284250665765           -0.9259511297412
     2.5578671757801           -0.1111925281950
     0.1587306310370           -0.3594383027126
     0.0268498880015           -0.9170798292847
     1.2488201278830           -0.7935606537028
    -1.3749305400124            0.4162119711037
     0.7109621184605           -0.6385539661682
    -1.5184319674243            2.4082894782555
    -1.6921476071995            1.4169785579649
    -2.3871933992593            0.5539036210898
    -1.5989858751134           -0.7627339810960
     0.4769608042717           -0.2171440222706
     4.3340554294346            0.1079919824800
     0.7584533438840            1.9591477223273
    -0.6067600541431            0.4951443149113
    -0.1217256473737           -1.4075429904367
    -1.3963453921925           -1.3306360781236
    -0.5350476112061           -1.3483610225813
    -0.0493384303198            1.0729263049158
    -0.5414680773877            0.2223041467629
    -0.3159953527435           -0.6263396087364
     0.5338635881274           -0.0466063957334
     1.6520447777297            0.8069058110508
    -0.9672950125556           -0.3442838200523
     1.2164085896702           -0.2247916868680
     1.0212215249568            1.1042207178200
    -0.4828179027428           -0.0025838768920
     0.3284868889465           -2.1535026729377
     0.9954866028369            0.5094841146994
    -1.2358780837918           -2.1170182686632
    -0.8424246485377            0.7257728956769
     0.5363651811171           -1.2745543344020
     0.3216579505347           -1.9600120226207
     1.3351915187780            0.3331712623450
     0.7278257928031           -0.1507558181640
     0.7825688849954           -0.8444853420685
    -0.1379107509678           -0.1736316574250
     1.6221595441709            1.6455600640564
     0.0671109429280            0.1375317287129
    -0.1868288124013           -0.1127634256989
     3.0290548799277            0.1480525177149
     1.2082961121169           -0.2168656090283
    -0.7606220342527           -2.2499934511830
    -1.4967783883405            0.5700325838485
    -0.1380246779748           -1.5148540845390
    -0.7404883206555            0.9315424516035
     0.3636911477708           -0.0484321410248
    -0.3217316507241            0.4520605454336
     1.6440166302237            1.4292830047574
     0.9038963588873           -1.3693810901278
     0.8004382586750            1.6026049571900
    -0.0628635150268           -1.0092649477930
     0.1460601109847           -0.6524990947462
     0.5827925125377            0.4971356328298
     1.1909456432782            0.1571792354207
    -0.0908190730479           -0.5729085929212
     0.8771916516643           -0.4758866826197
     1.2127854828711            0.1458314720517
     0.2243816626068           -0.6945257246020
    -0.3480197225024            1.2216966846788
    -1.6159912316843           -0.3979144617151
     0.7488198707908           -2.5816007639963
     2.3570520657441           -0.2072985635383
     0.5464009314310           -0.7115623866289
    -0.2110872457137           -0.2837084886974
    -0.4332827706556           -0.5169658167856
    -0.9801795928080            1.1486617383011
     0.7628971004828            2.1988502432854
     0.0545046181582            1.5847932768249
     0.1453287381872            1.0100438995504
    -1.8241226330324            0.1469788313690
    -0.4385363541611           -2.2702968811923
    -1.7966818473260           -2.1813478337379
    -1.9477228410349           -0.2000136130056
    -0.5070859800723           -0.0730331573009
     0.4425506503237            1.3883257840590
    -1.0702187295476           -1.1005720282121
     0.6643214361475           -1.3768038505158
    -1.3654633254652           -0.3702585372550
    -0.5112843045967            0.0411030060635
     1.0357155531532            0.6943608315178
     0.8152890870125           -0.6096882058616
    -0.4005271179599            1.9551549056786
     0.4885751104059            2.2525286403210
     0.6053187167235            0.4564644713447
     0.6677679831849           -1.4375420776953
    -0.7828097379668           -0.9070466317610
    -1.0383362877880            0.1350720162518
    -1.7595384836184           -0.2838300006480
     0.3341311367758           -0.2794300507885
    -1.2533176265459           -0.6434125772641
     2.2772546077493            0.0447892780121
    -0.1066832019109            1.5744761359257
     1.2839923976893           -0.1816393638435
    -0.4326067664390            0.1246711037568
     0.2146477806299            0.5130152702784
     0.1643575632198           -1.3632934418467
    -0.8178209837489            1.5857578624225
     0.5012022126671            0.1875154560111
     0.7228538385348            1.2394086737920
     0.8117268584390            0.6603842104429
     0.8465410220028           -0.2829920284251
     0.8724068540711            1.1238582932622
    -1.0196066602069           -0.1744455875776
     1.6618734624571            0.3881601554430
     0.4621730683565            0.0469490627127
     0.0865799242264            0.1527320952251
    -0.7717535078252           -0.1725672817037
     0.7446521681380           -0.3920376297776
     0.0457025764424           -0.0458626172987
     3.2094734778330            0.8004710679437
     0.6147852144886           -0.8505710219344
     1.2392924609708            0.2004080966197
    -0.0346536695035            0.2225853067009
     0.2790564402943           -0.7935044241205
     0.1636497219790            0.6008168748529
    -1.6876864828765            1.1917465384334
     0.4113877580819            0.1191520055854
    -1.7400304016957           -0.3488592190306
     0.1331927792164            0.3181627178492
     0.2829722161407           -2.7171989629825
     0.4244619031722            0.3258281035765
    -1.0406399065236           -0.1728877191419
    -0.3369254502990           -1.6320902079686
     1.7119756324400           -0.5750851881521
     0.6500840327898            2.9420331527928
     1.6211392694554           -1.4544763903160
    -0.2322745787919           -0.0916141866840
     1.6493713690918           -0.2244262033262
    -1.7776662117115           -0.0963081281007
     0.4718707331684            1.0250245635879
