 0.4801583542023
 0.0000000000000
 0.4798355033479
-0.0176733881071
 0.4788673731805
-0.0353233795573
 0.4772552303197
-0.0529266083407
 0.4750011839088
-0.0704597696970
 0.4721081827831
-0.0878996506317
 0.4685800115119
-0.1052231603009
 0.4644212853207
-0.1224073602223
 0.4596374439015
-0.1394294942693
 0.4542347441202
-0.1562670184059
 0.4482202516337
-0.1728976301199
 0.4416018314294
-0.1892992975132
 0.4343881373013
-0.2054502880086
 0.4265886002809
-0.2213291966324
 0.4182134160389
-0.2369149738340
 0.4092735312790
-0.2521869528032
 0.3997806291442
-0.2671248762481
 0.3897471136582
-0.2817089225971
 0.3791860932271
-0.2959197315887
 0.3681113632249
-0.3097384292146
 0.3565373876912
-0.3231466519834
 0.3444792801690
-0.3361265704717
 0.3319527837111
-0.3486609121325
 0.3189742500859
-0.3607329833303
 0.3055606182147
-0.3723266905754
 0.2917293918719
-0.3834265609299
 0.2774986166826
-0.3940177615598
 0.2628868564516
-0.4040861184100
 0.2479131688587
-0.4136181339776
 0.2325970805568
-0.4226010041655
 0.2169585617088
-0.4310226341929
 0.2010180000019
-0.4388716535486
 0.1847961741747
-0.4461374299673
 0.1683142270983
-0.4528100824162
 0.1515936384469
-0.4588804930784
 0.1346561970001
-0.4643403183197
 0.1175239726137
-0.4691819986316
 0.1002192878990
-0.4733987675394
 0.0827646896513
-0.4769846594703
 0.0651829200654
-0.4799345165753
 0.0474968877790
-0.4822439945018
 0.0297296387828
-0.4839095671144
 0.0119043272368
-0.4849285301635
-0.0059558137682
-0.4852990039032
-0.0238275014652
-0.4850199346597
-0.0416874326426
-0.4840910953556
-0.0595123128162
-0.4825130849949
-0.0772788853020
-0.4802873271155
-0.0949639601553
-0.4774160672174
-0.1125444429366
-0.4739023691771
-0.1299973632715
-0.4697501106574
-0.1472999031666
-0.4649639775272
-0.1644294250499
-0.4595494573027
-0.1813634994985
-0.4535128316253
-0.1980799326245
-0.4468611677935
-0.2145567930839
-0.4396023093630
-0.2307724386787
-0.4317448658356
-0.2467055425230
-0.4232982014549
-0.2623351187408
-0.4142724231280
-0.2776405476709
-0.4046783674966
-0.2926016005484
-0.3945275871759
-0.3071984636384
-0.3838323361875
-0.3214117617960
-0.3726055546072
-0.3352225814286
-0.3608608524528
-0.3486124928370
-0.3486124928370
-0.3615635719139
-0.3358753744101
-0.3740584211788
-0.3226650131194
-0.3860801901288
-0.3089975233114
-0.3976125948878
-0.2948895982032
-0.4086399371359
-0.2803584897519
-0.4191471223022
-0.2654219879488
-0.4291196770073
-0.2500983995668
-0.4385437657396
-0.2344065263896
-0.4474062067530
-0.2183656429509
-0.4556944871754
-0.2019954738130
-0.4633967773148
-0.1853161704134
-0.4705019441554
-0.1683482875084
-0.4769995640344
-0.1511127592431
-0.4828799344917
-0.1336308748768
-0.4881340852865
-0.1159242541926
-0.4927537885752
-0.0980148226208
-0.4967315682463
-0.0799247861045
-0.5000607084090
-0.0616766057364
-0.5027352610327
-0.0432929721956
-0.5047500527370
-0.0247967800119
-0.5061006907309
-0.0062111016873
-0.5067835679009
 0.0124408382994
-0.5067958670522
 0.0311356895751
-0.5061355643017
 0.0498500020170
-0.5048014316284
 0.0685602519309
-0.5027930385845
 0.0872428682371
-0.5001107531711
 0.1058742586382
-0.4967557418848
 0.1244308357423
-0.4927299689419
 0.1428890431178
-0.4880361946852
 0.1612253812529
-0.4826779731839
 0.1794164333980
-0.4766596490320
 0.1974388912650
-0.4699863533562
 0.2152695805617
-0.4626639990420
 0.2328854863377
-0.4546992751878
 0.2502637781204
-0.4460996407988
 0.2673818348186
-0.4368733177308
 0.2842172693726
-0.4270292828957
 0.3007479531314
-0.4165772597416
 0.3169520399352
-0.4055277090194
 0.3328079898856
-0.3938918188494
 0.3482945927831
-0.3816814941005
 0.3633909912147
-0.3689093450967
 0.3780767032734
-0.3555886756650
 0.3923316448926
-0.3417334705379
 0.4061361517789
-0.3273583821264
 0.4194710009274
-0.3124787166790
 0.4323174317039
-0.2971104198395
 0.4446571664797
-0.2812700616221
 0.4564724308041
-0.2649748208174
 0.4677459731016
-0.2482424688454
 0.4784610838800
-0.2310913530727
 0.4886016144379
-0.2135403796087
 0.4981519950582
-0.1956089955970
 0.5070972526779
-0.1773171710206
 0.5154230280215
-0.1586853800337
 0.5231155921885
-0.1397345818401
 0.5301618626860
-0.1204862011327
 0.5365494188952
-0.1009621081114
 0.5422665169640
-0.0811845980961
 0.5473021041179
-0.0611763707515
 0.5516458323801
-0.0409605089397
 0.5552880716937
-0.0205604572183
 0.5582199224405
 0.0000000000000
 0.5604332273473
 0.0206967606095
 0.5619205827759
 0.0415054272795
 0.5626753493905
 0.0624013302100
 0.5626916621963
 0.0833595501609
 0.5619644399464
 0.1043549417362
 0.5604893939104
 0.1253621569087
 0.5582630360031
 0.1463556687677
 0.5552826862671
 0.1673097954748
 0.5515464797083
 0.1881987244103
 0.5470533724794
 0.2089965364960
 0.5418031474109
 0.2296772306778
 0.5357964188846
 0.2502147485516
 0.5290346370511
 0.2705829991194
 0.5215200913861
 0.2907558836568
 0.5132559135867
 0.3107073206803
 0.5042460798055
 0.3304112709959
 0.4944954122221
 0.3498417628161
 0.4840095799510
 0.3689729169301
 0.4727950992866
 0.3877789719113
 0.4608593332838
 0.4062343093486
 0.4482104906757
 0.4243134790867
 0.4348576241285
 0.4419912244608
 0.4208106278339
 0.4592425075114
 0.4060802344400
 0.4760425341656
 0.3906780113220
 0.4923667793700
 0.3746163561939
 0.5081910121623
 0.3579084920621
 0.5234913206670
 0.3405684615235
 0.5382441370025
 0.3226111204088
 0.5524262620845
 0.3040521307740
 0.5660148903141
 0.2849079532406
 0.5789876341365
 0.2651958386896
 0.5913225484567
 0.2449338193078
 0.6029981548993
 0.2241406989923
 0.6139934659005
 0.2028360431145
 0.6242880086174
 0.1810401676456
 0.6338618486438
 0.1587741276480
 0.6426956135183
 0.1360597051349
 0.6507705160127
 0.1129193963006
 0.6580683771884
 0.0893763981261
 0.6645716492076
 0.0654545943618
 0.6702634378873
 0.0411785408926
 0.6751275249838
 0.0165734504862
 0.6791483901948
-0.0083348230688
 0.6823112328684
-0.0335198014331
 0.6846019934041
-0.0589543987916
 0.6860073743364
-0.0846109395274
 0.6865148610869
-0.1104611764934
 0.6861127423743
-0.1364763098750
 0.6847901302686
-0.1626270066415
 0.6825369798784
-0.1888834205814
 0.6793441086595
-0.2152152129173
 0.6752032153318
-0.2415915734957
 0.6701068983932
-0.2679812425486
 0.6640486742176
-0.2943525330203
 0.6570229947259
-0.3206733534567
 0.6490252646174
-0.3469112314514
 0.6400518581488
-0.3730333376440
 0.6301001354499
-0.3990065102662
 0.6191684583625
-0.4247972802296
 0.6072562057915
-0.4503718967524
 0.5943637885542
-0.4756963535166
 0.5804926637174
-0.5007364153541
 0.5656453484077
-0.5254576454538
 0.5498254330848
-0.5498254330848
 0.5330375942629
-0.5738050218317
 0.5152876066689
-0.5973615383339
 0.4965823548244
-0.6204600215258
 0.4769298440386
-0.6430654523696
 0.4563392107978
-0.6651427840765
 0.4348207325415
-0.6866569728098
 0.4123858368078
-0.7075730088632
 0.3890471097385
-0.7278559483077
 0.3648183039277
-0.7474709451023
 0.3397143456020
-0.7663832836599
 0.3137513411173
-0.7845584118623
 0.2869465827592
-0.8019619745178
 0.2593185538326
-0.8185598472538
 0.2308869330259
-0.8343181708367
 0.2016725980362
-0.8492033859126
 0.1716976284399
-0.8631822681604
 0.1409853077950
-0.8762219638490
 0.1095601249590
-0.8882900257920
 0.0774477746089
-0.8993544496894
 0.0446751569457
-0.9093837108502
 0.0112703765702
-0.9183468012845
-0.0227372594877
-0.9262132671584
-0.0573172446003
-0.9329532466007
-0.0924378762517
-0.9385375078525
-0.1280662606417
-0.9429374877497
-0.1641683182001
-0.9461253305287
-0.2007087900287
-0.9480739269434
-0.2376512452888
-0.9487569536844
-0.2749580895501
-0.9481489130882
-0.3125905741204
-0.9462251731249
-0.3505088063724
-0.9429620076527
-0.3886717610870
-0.9383366369277
-0.4270372928313
-0.9323272683545
-0.4655621493892
-0.9249131374663
-0.5042019862647
-0.9160745491201
-0.5429113822771
-0.9057929188933
-0.5816438562669
-0.8940508146672
-0.6203518849333
-0.8808319983822
-0.6589869218225
-0.8661214679498
-0.6974994174886
-0.8499054993055
-0.7358388408470
-0.8321716885848
-0.7739537017411
-0.8129089944077
-0.8117915747458
-0.7921077802510
-0.8492991242265
-0.7697598568931
-0.8864221306791
-0.7458585249103
-0.9231055183708
-0.7203986172054
-0.9592933843059
-0.6933765415498
-0.9949290285398
-0.6647903231161
-1.0299549858636
-0.6346396469805
-1.0643130588851
-0.6029259005730
-1.0979443525281
-0.5696522160510
-1.1307893099765
-0.5348235125733
-1.1627877500871
-0.4984465384483
-1.1938789062968
-0.4605299131319
-1.2240014670499
-0.4210841690475
-1.2530936177710
-0.3801217932004
-1.2810930844105
-0.3376572685582
-1.3079371785893
-0.2937071151673
-1.3335628443696
-0.2482899309741
-1.3579067066798
-0.2014264323203
-1.3809051214204
-0.1531394940776
-1.4024942272805
-0.1034541893889
-1.4226099992920
-0.0523978289790
-1.4411883041520
 0.0000000000000
-1.4581649573412
 0.0537073956291
-1.4734757820692
 0.1086901034264
-1.4870566700764
 0.1649114791362
-1.4988436443218
 0.2223324521460
-1.5087729235896
 0.2809114895749
-1.5167809890440
 0.3406045610793
-1.5228046527634
 0.4013651044229
-1.5267811282879
 0.4631439918604
-1.5286481032090
 0.5258894973853
-1.5283438138370
 0.5895472648941
-1.5258071219765
 0.6540602773223
-1.5209775938440
 0.7193688268082
-1.5137955811611
 0.7854104859422
-1.5042023044553
 0.8521200801648
-1.4921399386045
 0.9194296613724
-1.4775517006572
 0.9872684828004
-1.4603819399630
 1.0555629752477
-1.4405762306491
 1.1242367247140
-1.4180814664757
 1.1932104515236
-1.3928459581057
 1.2624019910088
-1.3648195328239
 1.3317262758324
-1.3339536367406
 1.4010953200297
-1.3002014395136
 1.4704182048545
-1.2635179416255
 1.5396010665143
-1.2238600842496
 1.6085470858874
-1.1811868617409
 1.6771564803126
-1.1354594367860
 1.7453264975504
-1.0866412582479
 1.8129514120150
-1.0346981817399
 1.8799225233817
-0.9795985929631
 1.9461281576773
-0.9213135338419
 2.0114536709658
-0.8598168314920
 2.0757814557447
-0.7950852300538
 2.1389909501735
-0.7270985254252
 2.2009586502579
-0.6558397029259
 2.2615581251194
-0.5812950779261
 2.3206600354853
-0.5034544394708
 2.3781321555368
-0.4223111969304
 2.4338393982615
-0.3378625297085
 2.4876438444575
-0.2501095400355
 2.5394047755466
-0.1590574088757
 2.5889787103565
-0.0647155549770
 2.6362194460394
 0.0329022029132
 2.6809781032996
 0.1337774806396
 2.7231031761117
 0.0329022029132
-2.6809781032996
-0.0647155549770
-2.6362194460394
-0.1590574088757
-2.5889787103565
-0.2501095400355
-2.5394047755466
-0.3378625297085
-2.4876438444575
-0.4223111969304
-2.4338393982615
-0.5034544394708
-2.3781321555368
-0.5812950779261
-2.3206600354853
-0.6558397029259
-2.2615581251194
-0.7270985254252
-2.2009586502579
-0.7950852300538
-2.1389909501735
-0.8598168314920
-2.0757814557447
-0.9213135338419
-2.0114536709658
-0.9795985929631
-1.9461281576773
-1.0346981817399
-1.8799225233817
-1.0866412582479
-1.8129514120150
-1.1354594367860
-1.7453264975504
-1.1811868617409
-1.6771564803126
-1.2238600842496
-1.6085470858874
-1.2635179416255
-1.5396010665143
-1.3002014395136
-1.4704182048545
-1.3339536367406
-1.4010953200297
-1.3648195328239
-1.3317262758324
-1.3928459581057
-1.2624019910088
-1.4180814664757
-1.1932104515236
-1.4405762306491
-1.1242367247140
-1.4603819399630
-1.0555629752477
-1.4775517006572
-0.9872684828004
-1.4921399386045
-0.9194296613724
-1.5042023044553
-0.8521200801648
-1.5137955811611
-0.7854104859422
-1.5209775938440
-0.7193688268082
-1.5258071219765
-0.6540602773223
-1.5283438138370
-0.5895472648941
-1.5286481032090
-0.5258894973853
-1.5267811282879
-0.4631439918604
-1.5228046527634
-0.4013651044229
-1.5167809890440
-0.3406045610793
-1.5087729235896
-0.2809114895749
-1.4988436443218
-0.2223324521460
-1.4870566700764
-0.1649114791362
-1.4734757820692
-0.1086901034264
-1.4581649573412
-0.0537073956291
-1.4411883041520
 0.0000000000000
-1.4226099992920
 0.0523978289790
-1.4024942272805
 0.1034541893889
-1.3809051214204
 0.1531394940776
-1.3579067066798
 0.2014264323203
-1.3335628443696
 0.2482899309741
-1.3079371785893
 0.2937071151673
-1.2810930844105
 0.3376572685582
-1.2530936177710
 0.3801217932004
-1.2240014670499
 0.4210841690475
-1.1938789062968
 0.4605299131319
-1.1627877500871
 0.4984465384483
-1.1307893099765
 0.5348235125733
-1.0979443525281
 0.5696522160510
-1.0643130588851
 0.6029259005730
-1.0299549858636
 0.6346396469805
-0.9949290285398
 0.6647903231161
-0.9592933843059
 0.6933765415498
-0.9231055183708
 0.7203986172054
-0.8864221306791
 0.7458585249103
-0.8492991242265
 0.7697598568931
-0.8117915747458
 0.7921077802510
-0.7739537017411
 0.8129089944077
-0.7358388408470
 0.8321716885848
-0.6974994174886
 0.8499054993055
-0.6589869218225
 0.8661214679498
-0.6203518849333
 0.8808319983822
-0.5816438562669
 0.8940508146672
-0.5429113822771
 0.9057929188933
-0.5042019862647
 0.9160745491201
-0.4655621493892
 0.9249131374663
-0.4270372928313
 0.9323272683545
-0.3886717610870
 0.9383366369277
-0.3505088063724
 0.9429620076527
-0.3125905741204
 0.9462251731249
-0.2749580895501
 0.9481489130882
-0.2376512452888
 0.9487569536844
-0.2007087900287
 0.9480739269434
-0.1641683182001
 0.9461253305287
-0.1280662606417
 0.9429374877497
-0.0924378762517
 0.9385375078525
-0.0573172446003
 0.9329532466007
-0.0227372594877
 0.9262132671584
 0.0112703765702
 0.9183468012845
 0.0446751569457
 0.9093837108502
 0.0774477746089
 0.8993544496894
 0.1095601249590
 0.8882900257920
 0.1409853077950
 0.8762219638490
 0.1716976284399
 0.8631822681604
 0.2016725980362
 0.8492033859126
 0.2308869330259
 0.8343181708367
 0.2593185538326
 0.8185598472538
 0.2869465827592
 0.8019619745178
 0.3137513411173
 0.7845584118623
 0.3397143456020
 0.7663832836599
 0.3648183039277
 0.7474709451023
 0.3890471097385
 0.7278559483077
 0.4123858368078
 0.7075730088632
 0.4348207325415
 0.6866569728098
 0.4563392107978
 0.6651427840765
 0.4769298440386
 0.6430654523696
 0.4965823548244
 0.6204600215258
 0.5152876066689
 0.5973615383339
 0.5330375942629
 0.5738050218317
 0.5498254330848
 0.5498254330848
 0.5656453484077
 0.5254576454538
 0.5804926637174
 0.5007364153541
 0.5943637885542
 0.4756963535166
 0.6072562057915
 0.4503718967524
 0.6191684583625
 0.4247972802296
 0.6301001354499
 0.3990065102662
 0.6400518581488
 0.3730333376440
 0.6490252646174
 0.3469112314514
 0.6570229947259
 0.3206733534567
 0.6640486742176
 0.2943525330203
 0.6701068983932
 0.2679812425486
 0.6752032153318
 0.2415915734957
 0.6793441086595
 0.2152152129173
 0.6825369798784
 0.1888834205814
 0.6847901302686
 0.1626270066415
 0.6861127423743
 0.1364763098750
 0.6865148610869
 0.1104611764934
 0.6860073743364
 0.0846109395274
 0.6846019934041
 0.0589543987916
 0.6823112328684
 0.0335198014331
 0.6791483901948
 0.0083348230688
 0.6751275249838
-0.0165734504862
 0.6702634378873
-0.0411785408926
 0.6645716492076
-0.0654545943618
 0.6580683771884
-0.0893763981261
 0.6507705160127
-0.1129193963006
 0.6426956135183
-0.1360597051349
 0.6338618486438
-0.1587741276480
 0.6242880086174
-0.1810401676456
 0.6139934659005
-0.2028360431145
 0.6029981548993
-0.2241406989923
 0.5913225484567
-0.2449338193078
 0.5789876341365
-0.2651958386896
 0.5660148903141
-0.2849079532406
 0.5524262620845
-0.3040521307740
 0.5382441370025
-0.3226111204088
 0.5234913206670
-0.3405684615235
 0.5081910121623
-0.3579084920621
 0.4923667793700
-0.3746163561939
 0.4760425341656
-0.3906780113220
 0.4592425075114
-0.4060802344400
 0.4419912244608
-0.4208106278339
 0.4243134790867
-0.4348576241285
 0.4062343093486
-0.4482104906757
 0.3877789719113
-0.4608593332838
 0.3689729169301
-0.4727950992866
 0.3498417628161
-0.4840095799510
 0.3304112709959
-0.4944954122221
 0.3107073206803
-0.5042460798055
 0.2907558836568
-0.5132559135867
 0.2705829991194
-0.5215200913861
 0.2502147485516
-0.5290346370511
 0.2296772306778
-0.5357964188846
 0.2089965364960
-0.5418031474109
 0.1881987244103
-0.5470533724794
 0.1673097954748
-0.5515464797083
 0.1463556687677
-0.5552826862671
 0.1253621569087
-0.5582630360031
 0.1043549417362
-0.5604893939104
 0.0833595501609
-0.5619644399464
 0.0624013302100
-0.5626916621963
 0.0415054272795
-0.5626753493905
 0.0206967606095
-0.5619205827759
 0.0000000000000
-0.5604332273473
-0.0205604572183
-0.5582199224405
-0.0409605089397
-0.5552880716937
-0.0611763707515
-0.5516458323801
-0.0811845980961
-0.5473021041179
-0.1009621081114
-0.5422665169640
-0.1204862011327
-0.5365494188952
-0.1397345818401
-0.5301618626860
-0.1586853800337
-0.5231155921885
-0.1773171710206
-0.5154230280215
-0.1956089955970
-0.5070972526779
-0.2135403796087
-0.4981519950582
-0.2310913530727
-0.4886016144379
-0.2482424688454
-0.4784610838800
-0.2649748208174
-0.4677459731016
-0.2812700616221
-0.4564724308041
-0.2971104198395
-0.4446571664797
-0.3124787166790
-0.4323174317039
-0.3273583821264
-0.4194710009274
-0.3417334705379
-0.4061361517789
-0.3555886756650
-0.3923316448926
-0.3689093450967
-0.3780767032734
-0.3816814941005
-0.3633909912147
-0.3938918188494
-0.3482945927831
-0.4055277090194
-0.3328079898856
-0.4165772597416
-0.3169520399352
-0.4270292828957
-0.3007479531314
-0.4368733177308
-0.2842172693726
-0.4460996407988
-0.2673818348186
-0.4546992751878
-0.2502637781204
-0.4626639990420
-0.2328854863377
-0.4699863533562
-0.2152695805617
-0.4766596490320
-0.1974388912650
-0.4826779731839
-0.1794164333980
-0.4880361946852
-0.1612253812529
-0.4927299689419
-0.1428890431178
-0.4967557418848
-0.1244308357423
-0.5001107531711
-0.1058742586382
-0.5027930385845
-0.0872428682371
-0.5048014316284
-0.0685602519309
-0.5061355643017
-0.0498500020170
-0.5067958670522
-0.0311356895751
-0.5067835679009
-0.0124408382994
-0.5061006907309
 0.0062111016873
-0.5047500527370
 0.0247967800119
-0.5027352610327
 0.0432929721956
-0.5000607084090
 0.0616766057364
-0.4967315682463
 0.0799247861045
-0.4927537885752
 0.0980148226208
-0.4881340852865
 0.1159242541926
-0.4828799344917
 0.1336308748768
-0.4769995640344
 0.1511127592431
-0.4705019441554
 0.1683482875084
-0.4633967773148
 0.1853161704134
-0.4556944871754
 0.2019954738130
-0.4474062067530
 0.2183656429509
-0.4385437657396
 0.2344065263896
-0.4291196770073
 0.2500983995668
-0.4191471223022
 0.2654219879488
-0.4086399371359
 0.2803584897519
-0.3976125948878
 0.2948895982032
-0.3860801901288
 0.3089975233114
-0.3740584211788
 0.3226650131194
-0.3615635719139
 0.3358753744101
-0.3486124928370
 0.3486124928370
-0.3352225814286
 0.3608608524528
-0.3214117617960
 0.3726055546072
-0.3071984636384
 0.3838323361875
-0.2926016005484
 0.3945275871759
-0.2776405476709
 0.4046783674966
-0.2623351187408
 0.4142724231280
-0.2467055425230
 0.4232982014549
-0.2307724386787
 0.4317448658356
-0.2145567930839
 0.4396023093630
-0.1980799326245
 0.4468611677935
-0.1813634994985
 0.4535128316253
-0.1644294250499
 0.4595494573027
-0.1472999031666
 0.4649639775272
-0.1299973632715
 0.4697501106574
-0.1125444429366
 0.4739023691771
-0.0949639601553
 0.4774160672174
-0.0772788853020
 0.4802873271155
-0.0595123128162
 0.4825130849949
-0.0416874326426
 0.4840910953556
-0.0238275014652
 0.4850199346597
-0.0059558137682
 0.4852990039032
 0.0119043272368
 0.4849285301635
 0.0297296387828
 0.4839095671144
 0.0474968877790
 0.4822439945018
 0.0651829200654
 0.4799345165753
 0.0827646896513
 0.4769846594703
 0.1002192878990
 0.4733987675394
 0.1175239726137
 0.4691819986316
 0.1346561970001
 0.4643403183197
 0.1515936384469
 0.4588804930784
 0.1683142270983
 0.4528100824162
 0.1847961741747
 0.4461374299673
 0.2010180000019
 0.4388716535486
 0.2169585617088
 0.4310226341929
 0.2325970805568
 0.4226010041655
 0.2479131688587
 0.4136181339776
 0.2628868564516
 0.4040861184100
 0.2774986166826
 0.3940177615598
 0.2917293918719
 0.3834265609299
 0.3055606182147
 0.3723266905754
 0.3189742500859
 0.3607329833303
 0.3319527837111
 0.3486609121325
 0.3444792801690
 0.3361265704717
 0.3565373876912
 0.3231466519834
 0.3681113632249
 0.3097384292146
 0.3791860932271
 0.2959197315887
 0.3897471136582
 0.2817089225971
 0.3997806291442
 0.2671248762481
 0.4092735312790
 0.2521869528032
 0.4182134160389
 0.2369149738340
 0.4265886002809
 0.2213291966324
 0.4343881373013
 0.2054502880086
 0.4416018314294
 0.1892992975132
 0.4482202516337
 0.1728976301199
 0.4542347441202
 0.1562670184059
 0.4596374439015
 0.1394294942693
 0.4644212853207
 0.1224073602223
 0.4685800115119
 0.1052231603009
 0.4721081827831
 0.0878996506317
 0.4750011839088
 0.0704597696970
 0.4772552303197
 0.0529266083407
 0.4788673731805
 0.0353233795573
 0.4798355033479
 0.0176733881071
