 0.4608882568573
 0.0000000000000
 0.4605520042476
-0.0176705348302
 0.4595437237738
-0.0353156867944
 0.4578648468066
-0.0529101091034
 0.4555177566465
-0.0704285270658
 0.4525057850524
-0.0878457739974
 0.4488332073894
-0.1051368269642
 0.4445052364054
-0.1222768423019
 0.4395280146456
-0.1392411908603
 0.4339086055187
-0.1560054929153
 0.4276549830311
-0.1725456526968
 0.4207760202037
-0.1888378924800
 0.4132814761946
-0.2048587861862
 0.4051819821467
-0.2205852924453
 0.3964890257858
-0.2359947870666
 0.3872149347949
-0.2510650948719
 0.3773728589921
-0.2657745208430
 0.3669767513433
-0.2801018805353
 0.3560413478404
-0.2940265297164
 0.3445821462789
-0.3075283931829
 0.3326153839713
-0.3205879927160
 0.3201580144316
-0.3331864741354
 0.3072276830705
-0.3453056334128
 0.2938427019408
-0.3569279418084
 0.2800220235755
-0.3680365699960
 0.2657852139592
-0.3786154111446
 0.2511524246784
-0.3886491029237
 0.2361443642952
-0.3981230484051
 0.2207822689895
-0.4070234358337
 0.2050878725184
-0.4153372572421
 0.1890833755381
-0.4230523258870
 0.1727914143383
-0.4301572924855
 0.1562350290381
-0.4366416602339
 0.1394376312918
-0.4424957985923
 0.1224229715550
-0.4477109558194
 0.1052151059620
-0.4522792702476
 0.0878383628635
-0.4561937802861
 0.0703173090759
-0.4594484331455
 0.0526767158932
-0.4620380922770
 0.0349415249106
-0.4639585435242
 0.0171368137116
-0.4652064999833
-0.0007122385323
-0.4657796055746
-0.0185803854995
-0.4656764373265
-0.0364423481441
-0.4648965063756
-0.0542728490609
-0.4634402576920
-0.0720466467424
-0.4613090685345
-0.0897385696789
-0.4585052456491
-0.1073235502553
-0.4550320212204
-0.1247766584006
-0.4508935475912
-0.1420731349410
-0.4460948907651
-0.1591884246174
-0.4406420227090
-0.1760982087204
-0.4345418124751
-0.1927784373020
-0.4278020161612
-0.2092053609250
-0.4204312657333
-0.2253555619066
-0.4124390567309
-0.2412059850216
-0.4038357348825
-0.2567339676252
-0.3946324816543
-0.2719172691614
-0.3848412987611
-0.2867341000212
-0.3744749916673
-0.3011631497178
-0.3635471521056
-0.3151836143472
-0.3520721396468
-0.3287752233042
-0.3400650623483
-0.3419182652239
-0.3275417565164
-0.3545936131219
-0.3145187656134
-0.3667827487076
-0.3010133183439
-0.3784677858457
-0.2870433059545
-0.3896314931424
-0.2726272587817
-0.4002573156366
-0.2577843220830
-0.4103293955735
-0.2425342311873
-0.4198325922458
-0.2268972860017
-0.4287525008810
-0.2108943249090
-0.4370754705642
-0.1945466980953
-0.4447886211782
-0.1778762403430
-0.4518798593514
-0.1609052433260
-0.4583378934009
-0.1436564274466
-0.4641522472614
-0.1261529132484
-0.4693132733925
-0.1084181924440
-0.4738121646563
-0.0904760985948
-0.4776409651612
-0.0723507774790
-0.4807925800662
-0.0540666571843
-0.4832607843450
-0.0356484179631
-0.4850402305066
-0.0171209618854
-0.4861264552723
 0.0014906176752
-0.4865158852118
 0.0201610666850
-0.4862058413378
 0.0388650011908
-0.4851945426651
 0.0575769381204
-0.4834811087369
 0.0762713261107
-0.4810655611239
 0.0949225763289
-0.4779488239038
 0.1135050932541
-0.4741327231278
 0.1319933053862
-0.4696199852830
 0.1503616958516
-0.4644142347596
 0.1685848328728
-0.4585199903345
 0.1866374000722
-0.4519426606808
 0.2044942265804
-0.4446885389170
 0.2221303169191
-0.4367647962068
 0.2395208806306
-0.4281794744252
 0.2566413616258
-0.4189414779025
 0.2734674672235
-0.4090605642641
 0.2899751968557
-0.3985473343788
 0.3061408704116
-0.3874132214338
 0.3219411561972
-0.3756704791518
 0.3373530984854
-0.3633321691677
 0.3523541446333
-0.3504121475832
 0.3669221717456
-0.3369250507167
 0.3810355128602
-0.3228862800666
 0.3946729826364
-0.3083119865086
 0.4078139025264
-0.2932190537441
 0.4204381254080
-0.2776250810210
 0.4325260596624
-0.2615483651459
 0.4440586926783
-0.2450078818081
 0.4550176137647
-0.2280232662353
 0.4653850364566
-0.2106147932023
 0.4751438201982
-0.1928033564129
 0.4842774913877
-0.1746104472759
 0.4927702637703
-0.1560581330963
 0.5006070581658
-0.1371690347032
 0.5077735215177
-0.1179663035343
 0.5142560452520
-0.0984735981999
 0.5200417829338
-0.0787150605469
 0.5251186672117
-0.0587152912433
 0.5294754260387
-0.0384993249063
 0.5331015981613
-0.0180926047934
 0.5359875478672
 0.0024790429205
 0.5381244789831
 0.0231894352608
 0.5395044481155
 0.0440120589423
 0.5401203771270
 0.0649200972103
 0.5399660648414
 0.0858864570128
 0.5390361979720
 0.1068837964807
 0.5373263612669
 0.1278845526990
 0.5348330468669
 0.1488609697442
 0.5315536628710
 0.1697851269707
 0.5274865411057
 0.1906289675242
 0.5226309440948
 0.2113643270616
 0.5169870712254
 0.2319629626591
 0.5105560641091
 0.2523965818860
 0.5033400111347
 0.2726368720267
 0.4953419512106
 0.2926555294301
 0.4865658766970
 0.3124242889669
 0.4770167355241
 0.3319149535765
 0.4667004324978
 0.3510994238832
 0.4556238297915
 0.3699497278635
 0.4437947466237
 0.3884380505455
 0.4312219581224
 0.4065367637220
 0.4179151933755
 0.4242184556585
 0.4038851326698
 0.4414559607785
 0.3891434039179
 0.4582223893070
 0.3737025782756
 0.4744911568557
 0.3575761649506
 0.4902360139309
 0.3407786052052
 0.5054310753467
 0.3233252655538
 0.5200508495276
 0.3052324301593
 0.5340702676805
 0.2865172924288
 0.5474647128215
 0.2671979458131
 0.5602100486395
 0.2472933738124
 0.5722826481792
 0.2268234391905
 0.5836594223282
 0.2058088724016
 0.5943178480901
 0.1842712592339
 0.6042359966289
 0.1622330276709
 0.6133925610660
 0.1397174339778
 0.6217668840167
 0.1167485480140
 0.6293389848468
 0.0933512377773
 0.6360895866361
 0.0695511531830
 0.6420001428310
 0.0453747090839
 0.6470528635714
 0.0208490675334
 0.6512307416754
-0.0039978807020
 0.6545175782668
-0.0291375353764
 0.6568980080299
-0.0545406067404
 0.6583575240746
-0.0801771362529
 0.6588825023981
-0.1060165180253
 0.6584602259271
-0.1320275209916
 0.6570789081236
-0.1581783117996
 0.6547277161419
-0.1844364784185
 0.6513967935179
-0.2107690544558
 0.6470772823783
-0.2371425441800
 0.6417613451519
-0.2635229482414
 0.6354421857695
-0.2898757900865
 0.6281140703352
-0.3161661430595
 0.6197723472552
-0.3423586581855
 0.6104134668073
-0.3684175926280
 0.6000350001361
-0.3943068388161
 0.5886356576586
-0.4199899542336
 0.5762153068634
-0.4454301918645
 0.5627749894890
-0.4705905312876
 0.5483169380645
-0.4954337104141
 0.5328445917970
-0.5199222578608
 0.5163626117895
-0.5440185259523
 0.4988768955735
-0.5676847243445
 0.4803945909398
-0.5908829542633
 0.4609241090506
-0.6135752433492
 0.4404751368171
-0.6357235811021
 0.4190586485262
-0.6572899549175
 0.3966869166974
-0.6782363867063
 0.3733735221558
-0.6985249700900
 0.3491333633017
-0.7181179081636
 0.3239826645603
-0.7369775518168
 0.2979389839948
-0.7550664386055
 0.2710212200624
-0.7723473321645
 0.2432496174994
-0.7887832621518
 0.2146457723129
-0.8043375647161
 0.1852326358638
-0.8189739234765
 0.1550345180214
-0.8326564110058
 0.1240770893696
-0.8453495308067
 0.0923873824480
-0.8570182597697
 0.0599937920064
-0.8676280911037
 0.0269260742537
-0.8771450777264
-0.0067846549183
-0.8855358761042
-0.0411059227567
-0.8927677905299
-0.0760039035360
-0.8988088178251
-0.1114434235327
-0.9036276924559
-0.1473879671092
-0.9071939320489
-0.1837996839259
-0.9094778832937
-0.2206393973054
-0.9104507682184
-0.2578666137703
-0.9100847308248
-0.2954395337755
-0.9083528840668
-0.3333150636610
-0.9052293571599
-0.3714488288444
-0.9006893432024
-0.4097951882804
-0.8947091470961
-0.4483072502080
-0.8872662337471
-0.4869368892118
-0.8783392765303
-0.5256347646211
-0.8679082060003
-0.5643503402720
-0.8559542588299
-0.6030319056576
-0.8424600269566
-0.6416265984929
-0.8274095069181
-0.6800804287202
-0.8107881493565
-0.7183383039808
-0.7925829086683
-0.7563440565823
-0.7727822927812
-0.7940404719868
-0.7513764130318
-0.8313693188488
-0.7283570341233
-0.8682713806317
-0.7037176241367
-0.9046864888315
-0.6774534045718
-0.9405535578356
-0.6495614003904
-0.9758106214494
-0.6200404900361
-1.0103948711184
-0.5888914554009
-1.0442426958769
-0.5561170317100
-1.0772897240563
-0.5217219572950
-1.1094708667820
-0.4857130232231
-1.1407203632935
-0.4480991227508
-1.1709718281185
-0.4088913005670
-1.2001583001352
-0.3681028017909
-1.2282122935561
-0.3257491206897
-1.2550658508673
-0.2818480490750
-1.2806505977584
-0.2364197243426
-1.3048978000767
-0.1894866771123
-1.3277384228439
-0.1410738784263
-1.3491031913681
-0.0912087864627
-1.3689226544907
-0.0399213927184
-1.3871272500033
 0.0127557323855
-1.4036473722729
 0.0667873945259
-1.4184134421133
 0.1221357311758
-1.4313559789417
 0.1787601680344
-1.4424056752581
 0.2366173762408
-1.4514934734893
 0.2956612304300
-1.4585506452347
 0.3558427676896
-1.4635088729565
 0.4171101474781
-1.4663003341539
 0.4794086125690
-1.4668577880627
 0.5426804510861
-1.4651146649228
 0.6068649596981
-1.4610051578540
 0.6718984080455
-1.4544643173845
 0.7377140044701
-1.4454281486731
 0.8042418631279
-1.4338337114698
 0.8714089725610
-1.4196192228569
 0.9391391658139
-1.4027241628161
 1.0073530921780
-1.3830893826629
 1.0759681906552
-1.3606572163965
 1.1448986652306
-1.3353715950056
 1.2140554620523
-1.3071781637780
 1.2833462486171
-1.2760244026568
 1.3526753950652
-1.2418597496900
 1.4219439576919
-1.2046357276160
 1.4910496647876
-1.1643060736332
 1.5598869049218
-1.1208268723954
 1.6283467177913
-1.0741566922804
 1.6963167877583
-1.0242567249760
 1.7636814402066
-0.9710909284265
 1.8303216408523
-0.9146261731858
 1.8961149981477
-0.8548323922204
 1.9609357689244
-0.7916827342052
 2.0246548674265
-0.7251537203555
 2.0871398778899
-0.6552254048383
 2.1482550708326
-0.5818815388025
 2.2078614232223
-0.5051097380714
 2.2658166427001
-0.4249016545349
 2.3219751960410
-0.3412531512829
 2.3761883420413
-0.2541644815143
 2.4283041690312
-0.1636404712618
 2.4781676372154
-0.0696907059635
 2.5256206260572
 0.0276702790820
 2.5705019869249
 0.1284228043482
 2.6126476012322
 0.0276702790820
-2.5705019869249
-0.0696907059635
-2.5256206260572
-0.1636404712618
-2.4781676372154
-0.2541644815143
-2.4283041690312
-0.3412531512829
-2.3761883420413
-0.4249016545349
-2.3219751960410
-0.5051097380714
-2.2658166427001
-0.5818815388025
-2.2078614232223
-0.6552254048383
-2.1482550708326
-0.7251537203555
-2.0871398778899
-0.7916827342052
-2.0246548674265
-0.8548323922204
-1.9609357689244
-0.9146261731858
-1.8961149981477
-0.9710909284265
-1.8303216408523
-1.0242567249760
-1.7636814402066
-1.0741566922804
-1.6963167877583
-1.1208268723954
-1.6283467177913
-1.1643060736332
-1.5598869049218
-1.2046357276160
-1.4910496647876
-1.2418597496900
-1.4219439576919
-1.2760244026568
-1.3526753950652
-1.3071781637780
-1.2833462486171
-1.3353715950056
-1.2140554620523
-1.3606572163965
-1.1448986652306
-1.3830893826629
-1.0759681906552
-1.4027241628161
-1.0073530921780
-1.4196192228569
-0.9391391658139
-1.4338337114698
-0.8714089725610
-1.4454281486731
-0.8042418631279
-1.4544643173845
-0.7377140044701
-1.4610051578540
-0.6718984080455
-1.4651146649228
-0.6068649596981
-1.4668577880627
-0.5426804510861
-1.4663003341539
-0.4794086125690
-1.4635088729565
-0.4171101474781
-1.4585506452347
-0.3558427676896
-1.4514934734893
-0.2956612304300
-1.4424056752581
-0.2366173762408
-1.4313559789417
-0.1787601680344
-1.4184134421133
-0.1221357311758
-1.4036473722729
-0.0667873945259
-1.3871272500033
-0.0127557323855
-1.3689226544907
 0.0399213927184
-1.3491031913681
 0.0912087864627
-1.3277384228439
 0.1410738784263
-1.3048978000767
 0.1894866771123
-1.2806505977584
 0.2364197243426
-1.2550658508673
 0.2818480490750
-1.2282122935561
 0.3257491206897
-1.2001583001352
 0.3681028017909
-1.1709718281185
 0.4088913005670
-1.1407203632935
 0.4480991227508
-1.1094708667820
 0.4857130232231
-1.0772897240563
 0.5217219572950
-1.0442426958769
 0.5561170317100
-1.0103948711184
 0.5888914554009
-0.9758106214494
 0.6200404900361
-0.9405535578356
 0.6495614003904
-0.9046864888315
 0.6774534045718
-0.8682713806317
 0.7037176241367
-0.8313693188488
 0.7283570341233
-0.7940404719868
 0.7513764130318
-0.7563440565823
 0.7727822927812
-0.7183383039808
 0.7925829086683
-0.6800804287202
 0.8107881493565
-0.6416265984929
 0.8274095069181
-0.6030319056576
 0.8424600269566
-0.5643503402720
 0.8559542588299
-0.5256347646211
 0.8679082060003
-0.4869368892118
 0.8783392765303
-0.4483072502080
 0.8872662337471
-0.4097951882804
 0.8947091470961
-0.3714488288444
 0.9006893432024
-0.3333150636610
 0.9052293571599
-0.2954395337755
 0.9083528840668
-0.2578666137703
 0.9100847308248
-0.2206393973054
 0.9104507682184
-0.1837996839259
 0.9094778832937
-0.1473879671092
 0.9071939320489
-0.1114434235327
 0.9036276924559
-0.0760039035360
 0.8988088178251
-0.0411059227567
 0.8927677905299
-0.0067846549183
 0.8855358761042
 0.0269260742537
 0.8771450777264
 0.0599937920064
 0.8676280911037
 0.0923873824480
 0.8570182597697
 0.1240770893696
 0.8453495308067
 0.1550345180214
 0.8326564110058
 0.1852326358638
 0.8189739234765
 0.2146457723129
 0.8043375647161
 0.2432496174994
 0.7887832621518
 0.2710212200624
 0.7723473321645
 0.2979389839948
 0.7550664386055
 0.3239826645603
 0.7369775518168
 0.3491333633017
 0.7181179081636
 0.3733735221558
 0.6985249700900
 0.3966869166974
 0.6782363867063
 0.4190586485262
 0.6572899549175
 0.4404751368171
 0.6357235811021
 0.4609241090506
 0.6135752433492
 0.4803945909398
 0.5908829542633
 0.4988768955735
 0.5676847243445
 0.5163626117895
 0.5440185259523
 0.5328445917970
 0.5199222578608
 0.5483169380645
 0.4954337104141
 0.5627749894890
 0.4705905312876
 0.5762153068634
 0.4454301918645
 0.5886356576586
 0.4199899542336
 0.6000350001361
 0.3943068388161
 0.6104134668073
 0.3684175926280
 0.6197723472552
 0.3423586581855
 0.6281140703352
 0.3161661430595
 0.6354421857695
 0.2898757900865
 0.6417613451519
 0.2635229482414
 0.6470772823783
 0.2371425441800
 0.6513967935179
 0.2107690544558
 0.6547277161419
 0.1844364784185
 0.6570789081236
 0.1581783117996
 0.6584602259271
 0.1320275209916
 0.6588825023981
 0.1060165180253
 0.6583575240746
 0.0801771362529
 0.6568980080299
 0.0545406067404
 0.6545175782668
 0.0291375353764
 0.6512307416754
 0.0039978807020
 0.6470528635714
-0.0208490675334
 0.6420001428310
-0.0453747090839
 0.6360895866361
-0.0695511531830
 0.6293389848468
-0.0933512377773
 0.6217668840167
-0.1167485480140
 0.6133925610660
-0.1397174339778
 0.6042359966289
-0.1622330276709
 0.5943178480901
-0.1842712592339
 0.5836594223282
-0.2058088724016
 0.5722826481792
-0.2268234391905
 0.5602100486395
-0.2472933738124
 0.5474647128215
-0.2671979458131
 0.5340702676805
-0.2865172924288
 0.5200508495276
-0.3052324301593
 0.5054310753467
-0.3233252655538
 0.4902360139309
-0.3407786052052
 0.4744911568557
-0.3575761649506
 0.4582223893070
-0.3737025782756
 0.4414559607785
-0.3891434039179
 0.4242184556585
-0.4038851326698
 0.4065367637220
-0.4179151933755
 0.3884380505455
-0.4312219581224
 0.3699497278635
-0.4437947466237
 0.3510994238832
-0.4556238297915
 0.3319149535765
-0.4667004324978
 0.3124242889669
-0.4770167355241
 0.2926555294301
-0.4865658766970
 0.2726368720267
-0.4953419512106
 0.2523965818860
-0.5033400111347
 0.2319629626591
-0.5105560641091
 0.2113643270616
-0.5169870712254
 0.1906289675242
-0.5226309440948
 0.1697851269707
-0.5274865411057
 0.1488609697442
-0.5315536628710
 0.1278845526990
-0.5348330468669
 0.1068837964807
-0.5373263612669
 0.0858864570128
-0.5390361979720
 0.0649200972103
-0.5399660648414
 0.0440120589423
-0.5401203771270
 0.0231894352608
-0.5395044481155
 0.0024790429205
-0.5381244789831
-0.0180926047934
-0.5359875478672
-0.0384993249063
-0.5331015981613
-0.0587152912433
-0.5294754260387
-0.0787150605469
-0.5251186672117
-0.0984735981999
-0.5200417829338
-0.1179663035343
-0.5142560452520
-0.1371690347032
-0.5077735215177
-0.1560581330963
-0.5006070581658
-0.1746104472759
-0.4927702637703
-0.1928033564129
-0.4842774913877
-0.2106147932023
-0.4751438201982
-0.2280232662353
-0.4653850364566
-0.2450078818081
-0.4550176137647
-0.2615483651459
-0.4440586926783
-0.2776250810210
-0.4325260596624
-0.2932190537441
-0.4204381254080
-0.3083119865086
-0.4078139025264
-0.3228862800666
-0.3946729826364
-0.3369250507167
-0.3810355128602
-0.3504121475832
-0.3669221717456
-0.3633321691677
-0.3523541446333
-0.3756704791518
-0.3373530984854
-0.3874132214338
-0.3219411561972
-0.3985473343788
-0.3061408704116
-0.4090605642641
-0.2899751968557
-0.4189414779025
-0.2734674672235
-0.4281794744252
-0.2566413616258
-0.4367647962068
-0.2395208806306
-0.4446885389170
-0.2221303169191
-0.4519426606808
-0.2044942265804
-0.4585199903345
-0.1866374000722
-0.4644142347596
-0.1685848328728
-0.4696199852830
-0.1503616958516
-0.4741327231278
-0.1319933053862
-0.4779488239038
-0.1135050932541
-0.4810655611239
-0.0949225763289
-0.4834811087369
-0.0762713261107
-0.4851945426651
-0.0575769381204
-0.4862058413378
-0.0388650011908
-0.4865158852118
-0.0201610666850
-0.4861264552723
-0.0014906176752
-0.4850402305066
 0.0171209618854
-0.4832607843450
 0.0356484179631
-0.4807925800662
 0.0540666571843
-0.4776409651612
 0.0723507774790
-0.4738121646563
 0.0904760985948
-0.4693132733925
 0.1084181924440
-0.4641522472614
 0.1261529132484
-0.4583378934009
 0.1436564274466
-0.4518798593514
 0.1609052433260
-0.4447886211782
 0.1778762403430
-0.4370754705642
 0.1945466980953
-0.4287525008810
 0.2108943249090
-0.4198325922458
 0.2268972860017
-0.4103293955735
 0.2425342311873
-0.4002573156366
 0.2577843220830
-0.3896314931424
 0.2726272587817
-0.3784677858457
 0.2870433059545
-0.3667827487076
 0.3010133183439
-0.3545936131219
 0.3145187656134
-0.3419182652239
 0.3275417565164
-0.3287752233042
 0.3400650623483
-0.3151836143472
 0.3520721396468
-0.3011631497178
 0.3635471521056
-0.2867341000212
 0.3744749916673
-0.2719172691614
 0.3848412987611
-0.2567339676252
 0.3946324816543
-0.2412059850216
 0.4038357348825
-0.2253555619066
 0.4124390567309
-0.2092053609250
 0.4204312657333
-0.1927784373020
 0.4278020161612
-0.1760982087204
 0.4345418124751
-0.1591884246174
 0.4406420227090
-0.1420731349410
 0.4460948907651
-0.1247766584006
 0.4508935475912
-0.1073235502553
 0.4550320212204
-0.0897385696789
 0.4585052456491
-0.0720466467424
 0.4613090685345
-0.0542728490609
 0.4634402576920
-0.0364423481441
 0.4648965063756
-0.0185803854995
 0.4656764373265
-0.0007122385323
 0.4657796055746
 0.0171368137116
 0.4652064999833
 0.0349415249106
 0.4639585435242
 0.0526767158932
 0.4620380922770
 0.0703173090759
 0.4594484331455
 0.0878383628635
 0.4561937802861
 0.1052151059620
 0.4522792702476
 0.1224229715550
 0.4477109558194
 0.1394376312918
 0.4424957985923
 0.1562350290381
 0.4366416602339
 0.1727914143383
 0.4301572924855
 0.1890833755381
 0.4230523258870
 0.2050878725184
 0.4153372572421
 0.2207822689895
 0.4070234358337
 0.2361443642952
 0.3981230484051
 0.2511524246784
 0.3886491029237
 0.2657852139592
 0.3786154111446
 0.2800220235755
 0.3680365699960
 0.2938427019408
 0.3569279418084
 0.3072276830705
 0.3453056334128
 0.3201580144316
 0.3331864741354
 0.3326153839713
 0.3205879927160
 0.3445821462789
 0.3075283931829
 0.3560413478404
 0.2940265297164
 0.3669767513433
 0.2801018805353
 0.3773728589921
 0.2657745208430
 0.3872149347949
 0.2510650948719
 0.3964890257858
 0.2359947870666
 0.4051819821467
 0.2205852924453
 0.4132814761946
 0.2048587861862
 0.4207760202037
 0.1888378924800
 0.4276549830311
 0.1725456526968
 0.4339086055187
 0.1560054929153
 0.4395280146456
 0.1392411908603
 0.4445052364054
 0.1222768423019
 0.4488332073894
 0.1051368269642
 0.4525057850524
 0.0878457739974
 0.4555177566465
 0.0704285270658
 0.4578648468066
 0.0529101091034
 0.4595437237738
 0.0353156867944
 0.4605520042476
 0.0176705348302
