 0.3456599027402
 0.0000000000000
 0.3455478188495
-0.0088361664299
 0.3452116378868
-0.0176666919049
 0.3446515719356
-0.0264859390325
 0.3438679743155
-0.0352882775424
 0.3428613393538
-0.0440680878419
 0.3416323020656
-0.0528197645632
 0.3401816377431
-0.0615377201019
 0.3385102614538
-0.0702163881420
 0.3366192274489
-0.0788502271679
 0.3345097284819
-0.0874337239578
 0.3321830950370
-0.0959613970589
 0.3296407944702
-0.1044278002403
 0.3268844300610
-0.1128275259217
 0.3239157399777
-0.1211552085758
 0.3207365961555
-0.1294055281022
 0.3173490030891
-0.1375732131698
 0.3137550965407
-0.1456530445261
 0.3099571421636
-0.1536398582711
 0.3059575340439
-0.1615285490932
 0.3017587931594
-0.1693140734656
 0.2973635657587
-0.1769914528007
 0.2927746216608
-0.1845557765595
 0.2879948524767
-0.1920022053162
 0.2830272697538
-0.1993259737739
 0.2778750030457
-0.2065223937300
 0.2725412979073
-0.2135868569901
 0.2670295138183
-0.2205148382273
 0.2613431220350
-0.2273018977864
 0.2554857033733
-0.2339436844300
 0.2494609459235
-0.2404359380256
 0.2432726427003
-0.2467744921712
 0.2369246892266
-0.2529552767591
 0.2304210810568
-0.2589743204744
 0.2237659112378
-0.2648277532285
 0.2169633677120
-0.2705118085252
 0.2100177306633
-0.2760228257576
 0.2029333698074
-0.2813572524355
 0.1957147416294
-0.2865116463415
 0.1883663865705
-0.2914826776134
 0.1808929261652
-0.2962671307544
 0.1732990601308
-0.3008619065671
 0.1655895634136
-0.3052640240115
 0.1577692831898
-0.3094706219868
 0.1498431358277
-0.3134789610345
 0.1418161038097
-0.3172864249623
 0.1336932326180
-0.3208905223891
 0.1254796275867
-0.3242888882091
 0.1171804507204
-0.3274792849740
 0.1088009174835
-0.3304596041946
 0.1003462935615
-0.3332278675590
 0.0918218915964
-0.3357822280680
 0.0832330678985
-0.3381209710873
 0.0745852191378
-0.3402425153156
 0.0658837790152
-0.3421454136685
 0.0571342149175
-0.3438283540785
 0.0483420245578
-0.3452901602095
 0.0395127326034
-0.3465297920870
 0.0306518872933
-0.3475463466435
 0.0217650570482
-0.3483390581787
 0.0128578270740
-0.3489072987346
 0.0039357959624
-0.3492505783864
-0.0049954277102
-0.3493685454483
-0.0139302287835
-0.3492609865949
-0.0228629889104
-0.3489278268985
-0.0317880899502
-0.3483691297825
-0.0406999173534
-0.3475850968911
-0.0495928635387
-0.3465760678763
-0.0584613312574
-0.3453425201020
-0.0672997369459
-0.3438850682662
-0.0761025140613
-0.3422044639418
-0.0848641164013
-0.3403015950361
-0.0935790214036
-0.3381774851710
-0.1022417334245
-0.3358332929830
-0.1108467869946
-0.3332703113451
-0.1193887500490
-0.3304899665106
-0.1278622271312
-0.3274938171802
-0.1362618625673
-0.3242835534928
-0.1445823436112
-0.3208609959419
-0.1528184035560
-0.3172280942174
-0.1609648248125
-0.3133869259745
-0.1690164419519
-0.3093396955309
-0.1769681447107
-0.3050887324931
-0.1848148809571
-0.3006364903133
-0.1925516596172
-0.2959855447776
-0.2001735535588
-0.2911385924269
-0.2076757024317
-0.2860984489125
-0.2150533154632
-0.2808680472864
-0.2223016742077
-0.2754504362286
-0.2294161352477
-0.2698487782122
-0.2363921328469
-0.2640663476083
-0.2432251815517
-0.2581065287313
-0.2499108787424
-0.2519728138264
-0.2564449071310
-0.2456688010014
-0.2628230372050
-0.2391981921027
-0.2690411296170
-0.2325647905386
-0.2750951375170
-0.2257724990508
-0.2809811088290
-0.2188253174347
-0.2866951884685
-0.2117273402123
-0.2922336205012
-0.2044827542562
-0.2975927502427
-0.1970958363697
-0.3027690262960
-0.1895709508211
-0.3077590025288
-0.1819125468369
-0.3125593399877
-0.1741251560529
-0.3171668087498
-0.1662133899273
-0.3215782897106
-0.1581819371150
-0.3257907763073
-0.1500355608061
-0.3298013761777
-0.1417790960309
-0.3336073127534
-0.1334174469303
-0.3372059267871
-0.1249555839972
-0.3405946778135
-0.1163985412864
-0.3437711455437
-0.1077514135979
-0.3467330311919
-0.0990193536334
-0.3494781587354
-0.0902075691285
-0.3520044761057
-0.0813213199611
-0.3543100563131
-0.0723659152396
-0.3563930985014
-0.0633467103704
-0.3582519289355
-0.0542691041076
-0.3598850019196
-0.0451385355863
-0.3612909006472
-0.0359604813405
-0.3624683379823
-0.0267404523082
-0.3634161571720
-0.0174839908241
-0.3641333324898
-0.0081966676027
-0.3646189698110
 0.0011159212876
-0.3648723071191
 0.0104481574575
-0.3648927149440
 0.0197944032355
-0.3646796967311
 0.0291490047103
-0.3642328891438
 0.0385062947759
-0.3635520622962
 0.0478605961781
-0.3626371199200
 0.0572062245603
-0.3614880994623
 0.0665374915070
-0.3601051721178
 0.0758487075853
-0.3584886427931
 0.0851341853802
-0.3566389500056
 0.0943882425246
-0.3545566657155
 0.1036052047217
-0.3522424950928
 0.1127794087583
-0.3496972762193
 0.1219052055080
-0.3469219797256
 0.1309769629228
-0.3439177083639
 0.1399890690120
-0.3406856965176
 0.1489359348063
-0.3372273096475
 0.1578119973075
-0.3335440436757
 0.1666117224204
-0.3296375243071
 0.1753296078677
-0.3255095062905
 0.1839601860849
-0.3211618726178
 0.1924980270961
-0.3165966336645
 0.2009377413668
-0.3118159262697
 0.2092739826353
-0.3068220127578
 0.2175014507200
-0.3016172799029
 0.2256148943017
-0.2962042378346
 0.2336091136799
-0.2905855188888
 0.2414789635026
-0.2847638764011
 0.2492193554680
-0.2787421834469
 0.2568252609966
-0.2725234315259
 0.2642917138742
-0.2661107291939
 0.2716138128634
-0.2595073006417
 0.2787867242834
-0.2527164842225
 0.2858056845568
-0.2457417309276
 0.2926660027233
-0.2385866028133
 0.2993630629179
-0.2312547713767
 0.3058923268148
-0.2237500158849
 0.3122493360340
-0.2160762216550
 0.3184297145115
-0.2082373782889
 0.3244291708319
-0.2002375778611
 0.3302435005215
-0.1920810130625
 0.3358685883030
-0.1837719752990
 0.3413004103098
-0.1753148527487
 0.3465350362595
-0.1667141283752
 0.3515686315863
-0.1579743779006
 0.3563974595308
-0.1491002677379
 0.3610178831879
-0.1400965528839
 0.3654263675109
-0.1309680747732
 0.3696194812714
-0.1217197590957
 0.3735938989761
-0.1123566135759
 0.3773464027366
-0.1028837257178
 0.3808738840958
-0.0933062605141
 0.3841733458067
-0.0836294581221
 0.3872419035652
-0.0738586315066
 0.3900767876964
-0.0639991640499
 0.3926753447927
-0.0540565071325
 0.3950350393044
-0.0440361776818
 0.3971534550823
-0.0339437556932
 0.3990282968709
-0.0237848817214
 0.4006573917534
-0.0135652543461
 0.4020386905464
-0.0032906276098
 0.4031702691459
 0.0070331915689
 0.4040503298221
 0.0174003460069
 0.4046772024647
 0.0278049308920
 0.4050493457770
 0.0382409964402
 0.4051653484194
 0.0487025505756
 0.4050239301012
 0.0591835616306
 0.4046239426217
 0.0696779610662
 0.4039643708586
 0.0801796462115
 0.4030443337054
 0.0906824830207
 0.4018630849562
 0.1011803088477
 0.4004200141384
 0.1116669352372
 0.3987146472927
 0.1221361507308
 0.3967466477009
 0.1325817236874
 0.3945158165603
 0.1429974051178
 0.3920220936057
 0.1533769315317
 0.3892655576783
 0.1637140277963
 0.3862464272413
 0.1740024100064
 0.3829650608422
 0.1842357883643
 0.3794219575221
 0.1944078700684
 0.3756177571711
 0.2045123622116
 0.3715532408311
 0.2145429746852
 0.3672293309440
 0.2244934230915
 0.3626470915475
 0.2343574316608
 0.3578077284160
 0.2441287361738
 0.3527125891492
 0.2538010868883
 0.3473631632065
 0.2633682514689
 0.3417610818877
 0.2728240179196
 0.3359081182601
 0.2821621975176
 0.3298061870326
 0.2913766277481
 0.3234573443752
 0.3004611752394
 0.3168637876864
 0.3094097386968
 0.3100278553056
 0.3182162518351
 0.3029520261732
 0.3268746863090
 0.2956389194368
 0.3353790546397
 0.2880912940046
 0.3437234131386
 0.2803120480447
 0.3519018648249
 0.2723042184324
 0.3599085623392
 0.2640709801434
 0.3677377108492
 0.2556156455947
 0.3753835709503
 0.2469416639327
 0.3828404615565
 0.2380526202681
 0.3901027627840
 0.2289522348584
 0.3971649188253
 0.2196443622380
 0.4040214408125
 0.2101329902959
 0.4106669096711
 0.2004222393010
 0.4170959789610
 0.1905163608754
 0.4233033777062
 0.1804197369157
 0.4292839132108
 0.1701368784626
 0.4350324738618
 0.1596724245187
 0.4405440319174
 0.1490311408147
 0.4458136462795
 0.1382179185247
 0.4508364652516
 0.1272377729297
 0.4556077292787
 0.1160958420306
 0.4601227736706
 0.1047973851101
 0.4643770313077
 0.0933477812439
 0.4683660353271
 0.0817525277618
 0.4720854217898
 0.0700172386583
 0.4755309323280
 0.0581476429528
 0.4786984167711
 0.0461495830002
 0.4815838357506
 0.0340290127522
 0.4841832632830
 0.0217919959682
 0.4864928893291
 0.0094447043778
 0.4885090223305
-0.0030065842063
 0.4902280917217
-0.0155554878243
 0.4916466504167
-0.0281955223537
 0.4927613772714
-0.0409201035420
 0.4935690795177
-0.0537225490882
 0.4940666951729
-0.0665960807714
 0.4942512954196
-0.0795338266284
 0.4941200869585
-0.0925288231774
 0.4936704143316
-0.1055740176902
 0.4928997622162
-0.1186622705106
 0.4918057576880
-0.1317863574201
 0.4903861724540
-0.1449389720502
 0.4886389250532
-0.1581127283405
 0.4865620830246
-0.1713001630437
 0.4841538650434
-0.1844937382754
 0.4814126430223
-0.1976858441104
 0.4783369441792
-0.2108688012241
 0.4749254530691
-0.2240348635784
 0.4711770135815
-0.2371762211528
 0.4670906309001
-0.2502850027203
 0.4626654734263
-0.2633532786672
 0.4579008746647
-0.2763730638565
 0.4527963350699
-0.2893363205360
 0.4473515238547
-0.3022349612888
 0.4415662807583
-0.3150608520275
 0.4354406177735
-0.3278058150313
 0.4289747208338
-0.3404616320251
 0.4221689514573
-0.3530200473017
 0.4150238483495
-0.3654727708852
 0.4075401289614
-0.3778114817363
 0.3997186910047
-0.3900278309993
 0.3915606139217
-0.4021134452897
 0.3830671603104
-0.4140599300228
 0.3742397773026
-0.4258588727826
 0.3650800978963
-0.4375018467309
 0.3555899422397
-0.4489804140560
 0.3457713188670
-0.4602861294611
 0.3356264258863
-0.4714105436915
 0.3251576521161
-0.4823452071009
 0.3143675781727
-0.4930816732558
 0.3032589775055
-0.5036115025782
 0.2918348173814
-0.5139262660262
 0.2800982598150
-0.5240175488110
 0.2680526624469
-0.5338769541523
 0.2557015793668
-0.5434961070695
 0.2430487618820
-0.5528666582087
 0.2300981592296
-0.5619802877068
 0.2168539192332
-0.5708287090899
 0.2033203889011
-0.5794036732077
 0.1895021149671
-0.5876969722014
 0.1754038443724
-0.5957004435072
 0.1610305246868
-0.6034059738927
 0.1463873044709
-0.6108055035270
 0.1314795335755
-0.6178910300839
 0.1163127633794
-0.6246546128773
 0.1008927469643
-0.6310883770291
 0.0852254392255
-0.6371845176681
 0.0693169969181
-0.6429353041612
 0.0531737786371
-0.6483330843738
 0.0368023447316
-0.6533702889615
 0.0202094571515
-0.6580394356913
 0.0034020792256
-0.6623331337914
-0.0136126246290
-0.6662440883305
-0.0308272892677
-0.6697651046247
-0.0482343492505
-0.6728890926723
-0.0658260393451
-0.6756090716156
-0.0835943951040
-0.6779181742291
-0.1015312535142
-0.6798096514335
-0.1196282537226
-0.6812768768361
-0.1378768378361
-0.6823133512942
-0.1562682517993
-0.6829127075041
-0.1747935463491
-0.6830687146134
-0.1934435780482
-0.6827752828552
-0.2122090103983
-0.6820264682062
-0.2310803150336
-0.6808164770648
-0.2500477729962
-0.6791396709511
-0.2691014760946
-0.6769905712267
-0.2882313283445
-0.6743638638344
-0.3074270474964
-0.6712544040558
-0.3266781666473
-0.6676572212882
-0.3459740359404
-0.6635675238375
-0.3653038243523
-0.6589807037287
-0.3846565215697
-0.6538923415311
-0.4040209399559
-0.6482982111991
-0.4233857166092
-0.6421942849269
-0.4427393155135
-0.6355767380160
-0.4620700297826
-0.6284419537556
-0.4813659839991
-0.6207865283138
-0.5006151366503
-0.6126072756401
-0.5198052826597
-0.6039012323765
-0.5389240560184
-0.5946656627778
-0.5579589325157
-0.5848980636396
-0.5768972325695
-0.5745961692327
-0.5957261241608
-0.5637579562427
-0.6144326258696
-0.5523816487149
-0.6330036100168
-0.5404657230019
-0.6514258059114
-0.5280089127139
-0.6696858032049
-0.5150102136704
-0.6877700553544
-0.5014688888508
-0.7056648831957
-0.4873844733453
-0.7233564786271
-0.4727567793025
-0.7408309084063
-0.4575859008731
-0.7580741180610
-0.4418722191495
-0.7750719359146
-0.4256164070980
-0.7918100772290
-0.4088194344848
-0.8082741484650
-0.3914825727911
-0.8244496516630
-0.3736074001197
-0.8403219889437
-0.3551958060879
-0.8558764671321
-0.3362499967085
-0.8710983025051
-0.3167724992547
-0.8859726256643
-0.2967661671093
-0.9004844865358
-0.2762341845950
-0.9146188594987
-0.2551800717858
-0.9283606486433
-0.2336076892959
-0.9416946931603
-0.2115212430465
-0.9546057728643
-0.1889252890065
-0.9670786138507
-0.1658247379075
-0.9790978942891
-0.1422248599287
-0.9906482503551
-0.1181312893528
-1.0017142823008
-0.0935500291878
-1.0122805606667
-0.0684874557556
-1.0223316326365
-0.0429503232425
-1.0318520285354
-0.0169457682121
-1.0408262684759
 0.0095186859235
-1.0492388691500
 0.0364351244754
-1.0570743507712
 0.0637952370951
-1.0643172441683
 0.0915903134397
-1.0709520980314
 0.1198112388874
-1.0769634863124
 0.1484484903054
-1.0823360157828
 0.1774921318731
-1.0870543337486
 0.2069318109637
-1.0911031359260
 0.2367567540858
-1.0944671744783
 0.2669557628880
-1.0971312662166
 0.2975172102302
-1.0990803009661
 0.3284290363236
-1.1002992500989
 0.3596787449421
-1.1007731752368
 0.3912533997092
-1.1004872371245
 0.4231396204624
-1.0994267046755
 0.4553235796993
-1.0975769641930
 0.4877909991073
-1.0949235287673
 0.5205271461817
-1.0914520478516
 0.5535168309350
-1.0871483170180
 0.5867444027000
-1.0819982878964
 0.6201937470325
-1.0759880782968
 0.6538482827150
-1.0691039825184
 0.6876909588664
-1.0613324818468
 0.7217042521614
-1.0526602552407
 0.7558701641637
-1.0430741902112
 0.7901702187766
-1.0325613938947
 0.8245854598157
-1.0211092043220
 0.8590964487078
-1.0087052018849
 0.8936832623204
-0.9953372210035
 0.9283254909259
-0.9809933619940
 0.9630022363068
-0.9656620031417
 0.9976921100036
-0.9493318129791
 1.0323732317139
-0.9319917627712
 1.0670232278444
-0.9136311392122
 1.1016192302237
-0.8942395573320
 1.1361378749787
-0.8738069736175
 1.1705553015820
-0.8523236993493
 1.2048471520746
-0.8297804141557
 1.2389885704703
-0.8061681797868
 1.2729542023468
-0.7814784541088
 1.3067181946303
-0.7557031053234
 1.3402541955793
-0.7288344264107
 1.3735353549739
-0.7008651498009
 1.4065343245171
-0.6717884622732
 1.4392232584546
-0.6415980200877
 1.4715738144201
-0.6102879643479
 1.5035571545127
-0.5778529365995
 1.5351439466137
-0.5442880946642
 1.5663043659505
-0.5095891287125
 1.5970080969139
-0.4737522775760
 1.6272243351380
-0.4367743453008
 1.6569217898495
-0.3986527179453
 1.6860686864951
-0.3593853806211
 1.7146327696542
-0.3189709347822
 1.7425813062475
-0.2774086157606
 1.7698810890476
-0.2346983105526
 1.7964984405031
-0.1908405758550
 1.8223992168826
-0.1458366563548
 1.8475488127513
-0.0996885032716
 1.8719121657865
-0.0523987931556
 1.8954537619445
-0.0039709469419
 1.9181376409875
 0.0455908507384
 1.9399274023813
 0.0962816319877
 1.9607862115753
 0.0455908507384
-1.9399274023813
-0.0039709469419
-1.9181376409875
-0.0523987931556
-1.8954537619445
-0.0996885032716
-1.8719121657865
-0.1458366563548
-1.8475488127513
-0.1908405758550
-1.8223992168826
-0.2346983105526
-1.7964984405031
-0.2774086157606
-1.7698810890476
-0.3189709347822
-1.7425813062475
-0.3593853806211
-1.7146327696542
-0.3986527179453
-1.6860686864951
-0.4367743453008
-1.6569217898495
-0.4737522775760
-1.6272243351380
-0.5095891287125
-1.5970080969139
-0.5442880946642
-1.5663043659505
-0.5778529365995
-1.5351439466137
-0.6102879643479
-1.5035571545127
-0.6415980200877
-1.4715738144201
-0.6717884622732
-1.4392232584546
-0.7008651498009
-1.4065343245171
-0.7288344264107
-1.3735353549739
-0.7557031053234
-1.3402541955793
-0.7814784541088
-1.3067181946303
-0.8061681797868
-1.2729542023468
-0.8297804141557
-1.2389885704703
-0.8523236993493
-1.2048471520746
-0.8738069736175
-1.1705553015820
-0.8942395573320
-1.1361378749787
-0.9136311392122
-1.1016192302237
-0.9319917627712
-1.0670232278444
-0.9493318129791
-1.0323732317139
-0.9656620031417
-0.9976921100036
-0.9809933619940
-0.9630022363068
-0.9953372210035
-0.9283254909259
-1.0087052018849
-0.8936832623204
-1.0211092043220
-0.8590964487078
-1.0325613938947
-0.8245854598157
-1.0430741902112
-0.7901702187766
-1.0526602552407
-0.7558701641637
-1.0613324818468
-0.7217042521614
-1.0691039825184
-0.6876909588664
-1.0759880782968
-0.6538482827150
-1.0819982878964
-0.6201937470325
-1.0871483170180
-0.5867444027000
-1.0914520478516
-0.5535168309350
-1.0949235287673
-0.5205271461817
-1.0975769641930
-0.4877909991073
-1.0994267046755
-0.4553235796993
-1.1004872371245
-0.4231396204624
-1.1007731752368
-0.3912533997092
-1.1002992500989
-0.3596787449421
-1.0990803009661
-0.3284290363236
-1.0971312662166
-0.2975172102302
-1.0944671744783
-0.2669557628880
-1.0911031359260
-0.2367567540858
-1.0870543337486
-0.2069318109637
-1.0823360157828
-0.1774921318731
-1.0769634863124
-0.1484484903054
-1.0709520980314
-0.1198112388874
-1.0643172441683
-0.0915903134397
-1.0570743507712
-0.0637952370951
-1.0492388691500
-0.0364351244754
-1.0408262684759
-0.0095186859235
-1.0318520285354
 0.0169457682121
-1.0223316326365
 0.0429503232425
-1.0122805606667
 0.0684874557556
-1.0017142823008
 0.0935500291878
-0.9906482503551
 0.1181312893528
-0.9790978942891
 0.1422248599287
-0.9670786138507
 0.1658247379075
-0.9546057728643
 0.1889252890065
-0.9416946931603
 0.2115212430465
-0.9283606486433
 0.2336076892959
-0.9146188594987
 0.2551800717858
-0.9004844865358
 0.2762341845950
-0.8859726256643
 0.2967661671093
-0.8710983025051
 0.3167724992547
-0.8558764671321
 0.3362499967085
-0.8403219889437
 0.3551958060879
-0.8244496516630
 0.3736074001197
-0.8082741484650
 0.3914825727911
-0.7918100772290
 0.4088194344848
-0.7750719359146
 0.4256164070980
-0.7580741180610
 0.4418722191495
-0.7408309084063
 0.4575859008731
-0.7233564786271
 0.4727567793025
-0.7056648831957
 0.4873844733453
-0.6877700553544
 0.5014688888508
-0.6696858032049
 0.5150102136704
-0.6514258059114
 0.5280089127139
-0.6330036100168
 0.5404657230019
-0.6144326258696
 0.5523816487149
-0.5957261241608
 0.5637579562427
-0.5768972325695
 0.5745961692327
-0.5579589325157
 0.5848980636396
-0.5389240560184
 0.5946656627778
-0.5198052826597
 0.6039012323765
-0.5006151366503
 0.6126072756401
-0.4813659839991
 0.6207865283138
-0.4620700297826
 0.6284419537556
-0.4427393155135
 0.6355767380160
-0.4233857166092
 0.6421942849269
-0.4040209399559
 0.6482982111991
-0.3846565215697
 0.6538923415311
-0.3653038243523
 0.6589807037287
-0.3459740359404
 0.6635675238375
-0.3266781666473
 0.6676572212882
-0.3074270474964
 0.6712544040558
-0.2882313283445
 0.6743638638344
-0.2691014760946
 0.6769905712267
-0.2500477729962
 0.6791396709511
-0.2310803150336
 0.6808164770648
-0.2122090103983
 0.6820264682062
-0.1934435780482
 0.6827752828552
-0.1747935463491
 0.6830687146134
-0.1562682517993
 0.6829127075041
-0.1378768378361
 0.6823133512942
-0.1196282537226
 0.6812768768361
-0.1015312535142
 0.6798096514335
-0.0835943951040
 0.6779181742291
-0.0658260393451
 0.6756090716156
-0.0482343492505
 0.6728890926723
-0.0308272892677
 0.6697651046247
-0.0136126246290
 0.6662440883305
 0.0034020792256
 0.6623331337914
 0.0202094571515
 0.6580394356913
 0.0368023447316
 0.6533702889615
 0.0531737786371
 0.6483330843738
 0.0693169969181
 0.6429353041612
 0.0852254392255
 0.6371845176681
 0.1008927469643
 0.6310883770291
 0.1163127633794
 0.6246546128773
 0.1314795335755
 0.6178910300839
 0.1463873044709
 0.6108055035270
 0.1610305246868
 0.6034059738927
 0.1754038443724
 0.5957004435072
 0.1895021149671
 0.5876969722014
 0.2033203889011
 0.5794036732077
 0.2168539192332
 0.5708287090899
 0.2300981592296
 0.5619802877068
 0.2430487618820
 0.5528666582087
 0.2557015793668
 0.5434961070695
 0.2680526624469
 0.5338769541523
 0.2800982598150
 0.5240175488110
 0.2918348173814
 0.5139262660262
 0.3032589775055
 0.5036115025782
 0.3143675781727
 0.4930816732558
 0.3251576521161
 0.4823452071009
 0.3356264258863
 0.4714105436915
 0.3457713188670
 0.4602861294611
 0.3555899422397
 0.4489804140560
 0.3650800978963
 0.4375018467309
 0.3742397773026
 0.4258588727826
 0.3830671603104
 0.4140599300228
 0.3915606139217
 0.4021134452897
 0.3997186910047
 0.3900278309993
 0.4075401289614
 0.3778114817363
 0.4150238483495
 0.3654727708852
 0.4221689514573
 0.3530200473017
 0.4289747208338
 0.3404616320251
 0.4354406177735
 0.3278058150313
 0.4415662807583
 0.3150608520275
 0.4473515238547
 0.3022349612888
 0.4527963350699
 0.2893363205360
 0.4579008746647
 0.2763730638565
 0.4626654734263
 0.2633532786672
 0.4670906309001
 0.2502850027203
 0.4711770135815
 0.2371762211528
 0.4749254530691
 0.2240348635784
 0.4783369441792
 0.2108688012241
 0.4814126430223
 0.1976858441104
 0.4841538650434
 0.1844937382754
 0.4865620830246
 0.1713001630437
 0.4886389250532
 0.1581127283405
 0.4903861724540
 0.1449389720502
 0.4918057576880
 0.1317863574201
 0.4928997622162
 0.1186622705106
 0.4936704143316
 0.1055740176902
 0.4941200869585
 0.0925288231774
 0.4942512954196
 0.0795338266284
 0.4940666951729
 0.0665960807714
 0.4935690795177
 0.0537225490882
 0.4927613772714
 0.0409201035420
 0.4916466504167
 0.0281955223537
 0.4902280917217
 0.0155554878243
 0.4885090223305
 0.0030065842063
 0.4864928893291
-0.0094447043778
 0.4841832632830
-0.0217919959682
 0.4815838357506
-0.0340290127522
 0.4786984167711
-0.0461495830002
 0.4755309323280
-0.0581476429528
 0.4720854217898
-0.0700172386583
 0.4683660353271
-0.0817525277618
 0.4643770313077
-0.0933477812439
 0.4601227736706
-0.1047973851101
 0.4556077292787
-0.1160958420306
 0.4508364652516
-0.1272377729297
 0.4458136462795
-0.1382179185247
 0.4405440319174
-0.1490311408147
 0.4350324738618
-0.1596724245187
 0.4292839132108
-0.1701368784626
 0.4233033777062
-0.1804197369157
 0.4170959789610
-0.1905163608754
 0.4106669096711
-0.2004222393010
 0.4040214408125
-0.2101329902959
 0.3971649188253
-0.2196443622380
 0.3901027627840
-0.2289522348584
 0.3828404615565
-0.2380526202681
 0.3753835709503
-0.2469416639327
 0.3677377108492
-0.2556156455947
 0.3599085623392
-0.2640709801434
 0.3519018648249
-0.2723042184324
 0.3437234131386
-0.2803120480447
 0.3353790546397
-0.2880912940046
 0.3268746863090
-0.2956389194368
 0.3182162518351
-0.3029520261732
 0.3094097386968
-0.3100278553056
 0.3004611752394
-0.3168637876864
 0.2913766277481
-0.3234573443752
 0.2821621975176
-0.3298061870326
 0.2728240179196
-0.3359081182601
 0.2633682514689
-0.3417610818877
 0.2538010868883
-0.3473631632065
 0.2441287361738
-0.3527125891492
 0.2343574316608
-0.3578077284160
 0.2244934230915
-0.3626470915475
 0.2145429746852
-0.3672293309440
 0.2045123622116
-0.3715532408311
 0.1944078700684
-0.3756177571711
 0.1842357883643
-0.3794219575221
 0.1740024100064
-0.3829650608422
 0.1637140277963
-0.3862464272413
 0.1533769315317
-0.3892655576783
 0.1429974051178
-0.3920220936057
 0.1325817236874
-0.3945158165603
 0.1221361507308
-0.3967466477009
 0.1116669352372
-0.3987146472927
 0.1011803088477
-0.4004200141384
 0.0906824830207
-0.4018630849562
 0.0801796462115
-0.4030443337054
 0.0696779610662
-0.4039643708586
 0.0591835616306
-0.4046239426217
 0.0487025505756
-0.4050239301012
 0.0382409964402
-0.4051653484194
 0.0278049308920
-0.4050493457770
 0.0174003460069
-0.4046772024647
 0.0070331915689
-0.4040503298221
-0.0032906276098
-0.4031702691459
-0.0135652543461
-0.4020386905464
-0.0237848817214
-0.4006573917534
-0.0339437556932
-0.3990282968709
-0.0440361776818
-0.3971534550823
-0.0540565071325
-0.3950350393044
-0.0639991640499
-0.3926753447927
-0.0738586315066
-0.3900767876964
-0.0836294581221
-0.3872419035652
-0.0933062605141
-0.3841733458067
-0.1028837257178
-0.3808738840958
-0.1123566135759
-0.3773464027366
-0.1217197590957
-0.3735938989761
-0.1309680747732
-0.3696194812714
-0.1400965528839
-0.3654263675109
-0.1491002677379
-0.3610178831879
-0.1579743779006
-0.3563974595308
-0.1667141283752
-0.3515686315863
-0.1753148527487
-0.3465350362595
-0.1837719752990
-0.3413004103098
-0.1920810130625
-0.3358685883030
-0.2002375778611
-0.3302435005215
-0.2082373782889
-0.3244291708319
-0.2160762216550
-0.3184297145115
-0.2237500158849
-0.3122493360340
-0.2312547713767
-0.3058923268148
-0.2385866028133
-0.2993630629179
-0.2457417309276
-0.2926660027233
-0.2527164842225
-0.2858056845568
-0.2595073006417
-0.2787867242834
-0.2661107291939
-0.2716138128634
-0.2725234315259
-0.2642917138742
-0.2787421834469
-0.2568252609966
-0.2847638764011
-0.2492193554680
-0.2905855188888
-0.2414789635026
-0.2962042378346
-0.2336091136799
-0.3016172799029
-0.2256148943017
-0.3068220127578
-0.2175014507200
-0.3118159262697
-0.2092739826353
-0.3165966336645
-0.2009377413668
-0.3211618726178
-0.1924980270961
-0.3255095062905
-0.1839601860849
-0.3296375243071
-0.1753296078677
-0.3335440436757
-0.1666117224204
-0.3372273096475
-0.1578119973075
-0.3406856965176
-0.1489359348063
-0.3439177083639
-0.1399890690120
-0.3469219797256
-0.1309769629228
-0.3496972762193
-0.1219052055080
-0.3522424950928
-0.1127794087583
-0.3545566657155
-0.1036052047217
-0.3566389500056
-0.0943882425246
-0.3584886427931
-0.0851341853802
-0.3601051721178
-0.0758487075853
-0.3614880994623
-0.0665374915070
-0.3626371199200
-0.0572062245603
-0.3635520622962
-0.0478605961781
-0.3642328891438
-0.0385062947759
-0.3646796967311
-0.0291490047103
-0.3648927149440
-0.0197944032355
-0.3648723071191
-0.0104481574575
-0.3646189698110
-0.0011159212876
-0.3641333324898
 0.0081966676027
-0.3634161571720
 0.0174839908241
-0.3624683379823
 0.0267404523082
-0.3612909006472
 0.0359604813405
-0.3598850019196
 0.0451385355863
-0.3582519289355
 0.0542691041076
-0.3563930985014
 0.0633467103704
-0.3543100563131
 0.0723659152396
-0.3520044761057
 0.0813213199611
-0.3494781587354
 0.0902075691285
-0.3467330311919
 0.0990193536334
-0.3437711455437
 0.1077514135979
-0.3405946778135
 0.1163985412864
-0.3372059267871
 0.1249555839972
-0.3336073127534
 0.1334174469303
-0.3298013761777
 0.1417790960309
-0.3257907763073
 0.1500355608061
-0.3215782897106
 0.1581819371150
-0.3171668087498
 0.1662133899273
-0.3125593399877
 0.1741251560529
-0.3077590025288
 0.1819125468369
-0.3027690262960
 0.1895709508211
-0.2975927502427
 0.1970958363697
-0.2922336205012
 0.2044827542562
-0.2866951884685
 0.2117273402123
-0.2809811088290
 0.2188253174347
-0.2750951375170
 0.2257724990508
-0.2690411296170
 0.2325647905386
-0.2628230372050
 0.2391981921027
-0.2564449071310
 0.2456688010014
-0.2499108787424
 0.2519728138264
-0.2432251815517
 0.2581065287313
-0.2363921328469
 0.2640663476083
-0.2294161352477
 0.2698487782122
-0.2223016742077
 0.2754504362286
-0.2150533154632
 0.2808680472864
-0.2076757024317
 0.2860984489125
-0.2001735535588
 0.2911385924269
-0.1925516596172
 0.2959855447776
-0.1848148809571
 0.3006364903133
-0.1769681447107
 0.3050887324931
-0.1690164419519
 0.3093396955309
-0.1609648248125
 0.3133869259745
-0.1528184035560
 0.3172280942174
-0.1445823436112
 0.3208609959419
-0.1362618625673
 0.3242835534928
-0.1278622271312
 0.3274938171802
-0.1193887500490
 0.3304899665106
-0.1108467869946
 0.3332703113451
-0.1022417334245
 0.3358332929830
-0.0935790214036
 0.3381774851710
-0.0848641164013
 0.3403015950361
-0.0761025140613
 0.3422044639418
-0.0672997369459
 0.3438850682662
-0.0584613312574
 0.3453425201020
-0.0495928635387
 0.3465760678763
-0.0406999173534
 0.3475850968911
-0.0317880899502
 0.3483691297825
-0.0228629889104
 0.3489278268985
-0.0139302287835
 0.3492609865949
-0.0049954277102
 0.3493685454483
 0.0039357959624
 0.3492505783864
 0.0128578270740
 0.3489072987346
 0.0217650570482
 0.3483390581787
 0.0306518872933
 0.3475463466435
 0.0395127326034
 0.3465297920870
 0.0483420245578
 0.3452901602095
 0.0571342149175
 0.3438283540785
 0.0658837790152
 0.3421454136685
 0.0745852191378
 0.3402425153156
 0.0832330678985
 0.3381209710873
 0.0918218915964
 0.3357822280680
 0.1003462935615
 0.3332278675590
 0.1088009174835
 0.3304596041946
 0.1171804507204
 0.3274792849740
 0.1254796275867
 0.3242888882091
 0.1336932326180
 0.3208905223891
 0.1418161038097
 0.3172864249623
 0.1498431358277
 0.3134789610345
 0.1577692831898
 0.3094706219868
 0.1655895634136
 0.3052640240115
 0.1732990601308
 0.3008619065671
 0.1808929261652
 0.2962671307544
 0.1883663865705
 0.2914826776134
 0.1957147416294
 0.2865116463415
 0.2029333698074
 0.2813572524355
 0.2100177306633
 0.2760228257576
 0.2169633677120
 0.2705118085252
 0.2237659112378
 0.2648277532285
 0.2304210810568
 0.2589743204744
 0.2369246892266
 0.2529552767591
 0.2432726427003
 0.2467744921712
 0.2494609459235
 0.2404359380256
 0.2554857033733
 0.2339436844300
 0.2613431220350
 0.2273018977864
 0.2670295138183
 0.2205148382273
 0.2725412979073
 0.2135868569901
 0.2778750030457
 0.2065223937300
 0.2830272697538
 0.1993259737739
 0.2879948524767
 0.1920022053162
 0.2927746216608
 0.1845557765595
 0.2973635657587
 0.1769914528007
 0.3017587931594
 0.1693140734656
 0.3059575340439
 0.1615285490932
 0.3099571421636
 0.1536398582711
 0.3137550965407
 0.1456530445261
 0.3173490030891
 0.1375732131698
 0.3207365961555
 0.1294055281022
 0.3239157399777
 0.1211552085758
 0.3268844300610
 0.1128275259217
 0.3296407944702
 0.1044278002403
 0.3321830950370
 0.0959613970589
 0.3345097284819
 0.0874337239578
 0.3366192274489
 0.0788502271679
 0.3385102614538
 0.0702163881420
 0.3401816377431
 0.0615377201019
 0.3416323020656
 0.0528197645632
 0.3428613393538
 0.0440680878419
 0.3438679743155
 0.0352882775424
 0.3446515719356
 0.0264859390325
 0.3452116378868
 0.0176666919049
 0.3455478188495
 0.0088361664299
