 0.3456599027402
 0.0000000000000
 0.3385102614538
-0.0702163881420
 0.3173490030891
-0.1375732131698
 0.2830272697538
-0.1993259737739
 0.2369246892266
-0.2529552767591
 0.1808929261652
-0.2962671307544
 0.1171804507204
-0.3274792849740
 0.0483420245578
-0.3452901602095
-0.0228629889104
-0.3489278268985
-0.0935790214036
-0.3381774851710
-0.1609648248125
-0.3133869259745
-0.2223016742077
-0.2754504362286
-0.2750951375170
-0.2257724990508
-0.3171668087498
-0.1662133899273
-0.3467330311919
-0.0990193536334
-0.3624683379823
-0.0267404523082
-0.3635520622962
 0.0478605961781
-0.3496972762193
 0.1219052055080
-0.3211618726178
 0.1924980270961
-0.2787421834469
 0.2568252609966
-0.2237500158849
 0.3122493360340
-0.1579743779006
 0.3563974595308
-0.0836294581221
 0.3872419035652
-0.0032906276098
 0.4031702691459
 0.0801796462115
 0.4030443337054
 0.1637140277963
 0.3862464272413
 0.2441287361738
 0.3527125891492
 0.3182162518351
 0.3029520261732
 0.3828404615565
 0.2380526202681
 0.4350324738618
 0.1596724245187
 0.4720854217898
 0.0700172386583
 0.4916466504167
-0.0281955223537
 0.4918057576880
-0.1317863574201
 0.4711770135815
-0.2371762211528
 0.4289747208338
-0.3404616320251
 0.3650800978963
-0.4375018467309
 0.2800982598150
-0.5240175488110
 0.1754038443724
-0.5957004435072
 0.0531737786371
-0.6483330843738
-0.0835943951040
-0.6779181742291
-0.2310803150336
-0.6808164770648
-0.3846565215697
-0.6538923415311
-0.5389240560184
-0.5946656627778
-0.6877700553544
-0.5014688888508
-0.8244496516630
-0.3736074001197
-0.9416946931603
-0.2115212430465
-1.0318520285354
-0.0169457682121
-1.0870543337486
 0.2069318109637
-1.0994267046755
 0.4553235796993
-1.0613324818468
 0.7217042521614
-0.9656620031417
 0.9976921100036
-0.8061681797868
 1.2729542023468
-0.5778529365995
 1.5351439466137
-0.2774086157606
 1.7698810890476
 0.0962816319877
 1.9607862115753
-0.2774086157606
-1.7698810890476
-0.5778529365995
-1.5351439466137
-0.8061681797868
-1.2729542023468
-0.9656620031417
-0.9976921100036
-1.0613324818468
-0.7217042521614
-1.0994267046755
-0.4553235796993
-1.0870543337486
-0.2069318109637
-1.0318520285354
 0.0169457682121
-0.9416946931603
 0.2115212430465
-0.8244496516630
 0.3736074001197
-0.6877700553544
 0.5014688888508
-0.5389240560184
 0.5946656627778
-0.3846565215697
 0.6538923415311
-0.2310803150336
 0.6808164770648
-0.0835943951040
 0.6779181742291
 0.0531737786371
 0.6483330843738
 0.1754038443724
 0.5957004435072
 0.2800982598150
 0.5240175488110
 0.3650800978963
 0.4375018467309
 0.4289747208338
 0.3404616320251
 0.4711770135815
 0.2371762211528
 0.4918057576880
 0.1317863574201
 0.4916466504167
 0.0281955223537
 0.4720854217898
-0.0700172386583
 0.4350324738618
-0.1596724245187
 0.3828404615565
-0.2380526202681
 0.3182162518351
-0.3029520261732
 0.2441287361738
-0.3527125891492
 0.1637140277963
-0.3862464272413
 0.0801796462115
-0.4030443337054
-0.0032906276098
-0.4031702691459
-0.0836294581221
-0.3872419035652
-0.1579743779006
-0.3563974595308
-0.2237500158849
-0.3122493360340
-0.2787421834469
-0.2568252609966
-0.3211618726178
-0.1924980270961
-0.3496972762193
-0.1219052055080
-0.3635520622962
-0.0478605961781
-0.3624683379823
 0.0267404523082
-0.3467330311919
 0.0990193536334
-0.3171668087498
 0.1662133899273
-0.2750951375170
 0.2257724990508
-0.2223016742077
 0.2754504362286
-0.1609648248125
 0.3133869259745
-0.0935790214036
 0.3381774851710
-0.0228629889104
 0.3489278268985
 0.0483420245578
 0.3452901602095
 0.1171804507204
 0.3274792849740
 0.1808929261652
 0.2962671307544
 0.2369246892266
 0.2529552767591
 0.2830272697538
 0.1993259737739
 0.3173490030891
 0.1375732131698
 0.3385102614538
 0.0702163881420
