 0.5761160657107
 0.0000000000000
 0.5718167651381
-0.0705268712056
 0.5589812835309
-0.1400175225155
 0.5377959517293
-0.2074507905503
 0.5085682391058
-0.2718353871929
 0.4717221870987
-0.3322242476079
 0.4277921279073
-0.3877281840574
 0.3774147968782
-0.4375286359216
 0.3213199736416
-0.4808893242116
 0.2603198104465
-0.5171666402448
 0.1952970259092
-0.5458186224403
 0.1271921581795
-0.5664124017329
 0.0569900831084
-0.5786300242035
-0.0142939897388
-0.5822725884742
-0.0856288274099
-0.5772626645156
-0.1559815756117
-0.5636449890995
-0.2243320429589
-0.5415854605861
-0.2896866665946
-0.5113684815141
-0.3510919702114
-0.4733927211086
-0.4076473400673
-0.4281653909550
-0.4585169613690
-0.3762951454307
-0.5029407758696
-0.3184837338703
-0.5402443411758
-0.2555165437508
-0.5698474925957
-0.1882521834452
-0.5912717289022
-0.1176112593606
-0.6041462637182
-0.0445645056996
-0.6082127039698
 0.0298795741358
-0.6033283356745
 0.1046873971071
-0.5894680149793
 0.1788131674366
-0.5667246786214
 0.2512117728025
-0.5353085027090
 0.3208515689276
-0.4955447518223
 0.3867269200235
-0.4478703718585
 0.4478703718585
-0.3928293898028
 0.5033643441903
-0.3310671917332
 0.5523522396824
-0.2633237569277
 0.5940488769830
-0.1904259310427
 0.6277501661736
-0.1132788250837
 0.6528419551306
-0.0328564294198
 0.6688079853267
 0.0498084664496
 0.6752369051254
 0.1336349571480
 0.6718282975985
 0.2175052167453
 0.6583976882524
 0.3002761161225
 0.6348805057557
 0.3807911737998
 0.6013349757861
 0.4578927534851
 0.5579439344628
 0.5304344237161
 0.5050155535124
 0.5972933972524
 0.4429829743569
 0.6573829702313
 0.3724028527501
 0.7096648834451
 0.2939528194629
 0.7531615303577
 0.2084278658860
 0.7869679385866
 0.1167356663313
 0.8102634534757
 0.0198908513280
 0.8223230540392
-0.0809917516053
 0.8225282329133
-0.1847048913260
 0.8103773729957
-0.2899576604817
 0.7854955541445
-0.3953852353368
 0.7476437236408
-0.4995595649112
 0.6967271640685
-0.6010009848899
 0.6328031918295
-0.6981907302854
 0.5560880186764
-0.7895843192607
 0.4669627074138
-0.8736257787840
 0.3659781512837
-0.9487626808249
 0.2538590045174
-1.0134619555586
 0.1315064891036
-1.0662264454454
 0.0000000000000
-1.1056121610322
-0.1394025721918
-1.1302461958129
-0.2852658856546
-1.1388452534085
-0.4359796473992
-1.1302347356003
-0.5897626617370
-1.1033683342966
-0.7446685246232
-1.0573480642308
-0.8985930662606
-0.9914446659916
-1.0492836495828
-0.9051183007501
-1.1943504377299
-0.7980394486807
-1.3312797493496
-0.6701099124220
-1.4574496264643
-0.5214838148766
-1.5701477457029
-0.3525884670349
-1.6665918098533
-0.1641449661760
-1.7439525628998
 0.0428116324425
-1.7993795779153
 0.2669127466464
-1.8300299733299
 0.5064374990945
-1.8331002191334
 0.7592949719542
-1.8058612004489
 1.0230077339565
-1.7456967115891
 1.2946969197754
-1.6501455591375
 1.5710691758759
-1.5169474577678
 1.8484058254218
-1.3440929074123
 2.1225546481754
-1.1298772450130
 2.3889247204165
-0.8729590684513
 2.6424848158031
-0.5724232343390
 2.8777659322028
-0.2278486351186
 3.0888685836242
 0.1606190357843
 3.2694755828649
-0.2278486351186
-3.0888685836242
-0.5724232343390
-2.8777659322028
-0.8729590684513
-2.6424848158031
-1.1298772450130
-2.3889247204165
-1.3440929074123
-2.1225546481754
-1.5169474577678
-1.8484058254218
-1.6501455591375
-1.5710691758759
-1.7456967115891
-1.2946969197754
-1.8058612004489
-1.0230077339565
-1.8331002191334
-0.7592949719542
-1.8300299733299
-0.5064374990945
-1.7993795779153
-0.2669127466464
-1.7439525628998
-0.0428116324425
-1.6665918098533
 0.1641449661760
-1.5701477457029
 0.3525884670349
-1.4574496264643
 0.5214838148766
-1.3312797493496
 0.6701099124220
-1.1943504377299
 0.7980394486807
-1.0492836495828
 0.9051183007501
-0.8985930662606
 0.9914446659916
-0.7446685246232
 1.0573480642308
-0.5897626617370
 1.1033683342966
-0.4359796473992
 1.1302347356003
-0.2852658856546
 1.1388452534085
-0.1394025721918
 1.1302461958129
 0.0000000000000
 1.1056121610322
 0.1315064891036
 1.0662264454454
 0.2538590045174
 1.0134619555586
 0.3659781512837
 0.9487626808249
 0.4669627074138
 0.8736257787840
 0.5560880186764
 0.7895843192607
 0.6328031918295
 0.6981907302854
 0.6967271640685
 0.6010009848899
 0.7476437236408
 0.4995595649112
 0.7854955541445
 0.3953852353368
 0.8103773729957
 0.2899576604817
 0.8225282329133
 0.1847048913260
 0.8223230540392
 0.0809917516053
 0.8102634534757
-0.0198908513280
 0.7869679385866
-0.1167356663313
 0.7531615303577
-0.2084278658860
 0.7096648834451
-0.2939528194629
 0.6573829702313
-0.3724028527501
 0.5972933972524
-0.4429829743569
 0.5304344237161
-0.5050155535124
 0.4578927534851
-0.5579439344628
 0.3807911737998
-0.6013349757861
 0.3002761161225
-0.6348805057557
 0.2175052167453
-0.6583976882524
 0.1336349571480
-0.6718282975985
 0.0498084664496
-0.6752369051254
-0.0328564294198
-0.6688079853267
-0.1132788250837
-0.6528419551306
-0.1904259310427
-0.6277501661736
-0.2633237569277
-0.5940488769830
-0.3310671917332
-0.5523522396824
-0.3928293898028
-0.5033643441903
-0.4478703718585
-0.4478703718585
-0.4955447518223
-0.3867269200235
-0.5353085027090
-0.3208515689276
-0.5667246786214
-0.2512117728025
-0.5894680149793
-0.1788131674366
-0.6033283356745
-0.1046873971071
-0.6082127039698
-0.0298795741358
-0.6041462637182
 0.0445645056996
-0.5912717289022
 0.1176112593606
-0.5698474925957
 0.1882521834452
-0.5402443411758
 0.2555165437508
-0.5029407758696
 0.3184837338703
-0.4585169613690
 0.3762951454307
-0.4076473400673
 0.4281653909550
-0.3510919702114
 0.4733927211086
-0.2896866665946
 0.5113684815141
-0.2243320429589
 0.5415854605861
-0.1559815756117
 0.5636449890995
-0.0856288274099
 0.5772626645156
-0.0142939897388
 0.5822725884742
 0.0569900831084
 0.5786300242035
 0.1271921581795
 0.5664124017329
 0.1952970259092
 0.5458186224403
 0.2603198104465
 0.5171666402448
 0.3213199736416
 0.4808893242116
 0.3774147968782
 0.4375286359216
 0.4277921279073
 0.3877281840574
 0.4717221870987
 0.3322242476079
 0.5085682391058
 0.2718353871929
 0.5377959517293
 0.2074507905503
 0.5589812835309
 0.1400175225155
 0.5718167651381
 0.0705268712056
