 0.3456599027402
 0.0000000000000
 0.3438679743155
-0.0352882775424
 0.3385102614538
-0.0702163881420
 0.3296407944702
-0.1044278002403
 0.3173490030891
-0.1375732131698
 0.3017587931594
-0.1693140734656
 0.2830272697538
-0.1993259737739
 0.2613431220350
-0.2273018977864
 0.2369246892266
-0.2529552767591
 0.2100177306633
-0.2760228257576
 0.1808929261652
-0.2962671307544
 0.1498431358277
-0.3134789610345
 0.1171804507204
-0.3274792849740
 0.0832330678985
-0.3381209710873
 0.0483420245578
-0.3452901602095
 0.0128578270740
-0.3489072987346
-0.0228629889104
-0.3489278268985
-0.0584613312574
-0.3453425201020
-0.0935790214036
-0.3381774851710
-0.1278622271312
-0.3274938171802
-0.1609648248125
-0.3133869259745
-0.1925516596172
-0.2959855447776
-0.2223016742077
-0.2754504362286
-0.2499108787424
-0.2519728138264
-0.2750951375170
-0.2257724990508
-0.2975927502427
-0.1970958363697
-0.3171668087498
-0.1662133899273
-0.3336073127534
-0.1334174469303
-0.3467330311919
-0.0990193536334
-0.3563930985014
-0.0633467103704
-0.3624683379823
-0.0267404523082
-0.3648723071191
 0.0104481574575
-0.3635520622962
 0.0478605961781
-0.3584886427931
 0.0851341853802
-0.3496972762193
 0.1219052055080
-0.3372273096475
 0.1578119973075
-0.3211618726178
 0.1924980270961
-0.3016172799029
 0.2256148943017
-0.2787421834469
 0.2568252609966
-0.2527164842225
 0.2858056845568
-0.2237500158849
 0.3122493360340
-0.1920810130625
 0.3358685883030
-0.1579743779006
 0.3563974595308
-0.1217197590957
 0.3735938989761
-0.0836294581221
 0.3872419035652
-0.0440361776818
 0.3971534550823
-0.0032906276098
 0.4031702691459
 0.0382409964402
 0.4051653484194
 0.0801796462115
 0.4030443337054
 0.1221361507308
 0.3967466477009
 0.1637140277963
 0.3862464272413
 0.2045123622116
 0.3715532408311
 0.2441287361738
 0.3527125891492
 0.2821621975176
 0.3298061870326
 0.3182162518351
 0.3029520261732
 0.3519018648249
 0.2723042184324
 0.3828404615565
 0.2380526202681
 0.4106669096711
 0.2004222393010
 0.4350324738618
 0.1596724245187
 0.4556077292787
 0.1160958420306
 0.4720854217898
 0.0700172386583
 0.4841832632830
 0.0217919959682
 0.4916466504167
-0.0281955223537
 0.4942512954196
-0.0795338266284
 0.4918057576880
-0.1317863574201
 0.4841538650434
-0.1844937382754
 0.4711770135815
-0.2371762211528
 0.4527963350699
-0.2893363205360
 0.4289747208338
-0.3404616320251
 0.3997186910047
-0.3900278309993
 0.3650800978963
-0.4375018467309
 0.3251576521161
-0.4823452071009
 0.2800982598150
-0.5240175488110
 0.2300981592296
-0.5619802877068
 0.1754038443724
-0.5957004435072
 0.1163127633794
-0.6246546128773
 0.0531737786371
-0.6483330843738
-0.0136126246290
-0.6662440883305
-0.0835943951040
-0.6779181742291
-0.1562682517993
-0.6829127075041
-0.2310803150336
-0.6808164770648
-0.3074270474964
-0.6712544040558
-0.3846565215697
-0.6538923415311
-0.4620700297826
-0.6284419537556
-0.5389240560184
-0.5946656627778
-0.6144326258696
-0.5523816487149
-0.6877700553544
-0.5014688888508
-0.7580741180610
-0.4418722191495
-0.8244496516630
-0.3736074001197
-0.8859726256643
-0.2967661671093
-0.9416946931603
-0.2115212430465
-0.9906482503551
-0.1181312893528
-1.0318520285354
-0.0169457682121
-1.0643172441683
 0.0915903134397
-1.0870543337486
 0.2069318109637
-1.0990803009661
 0.3284290363236
-1.0994267046755
 0.4553235796993
-1.0871483170180
 0.5867444027000
-1.0613324818468
 0.7217042521614
-1.0211092043220
 0.8590964487078
-0.9656620031417
 0.9976921100036
-0.8942395573320
 1.1361378749787
-0.8061681797868
 1.2729542023468
-0.7008651498009
 1.4065343245171
-0.5778529365995
 1.5351439466137
-0.4367743453008
 1.6569217898495
-0.2774086157606
 1.7698810890476
-0.0996885032716
 1.8719121657865
 0.0962816319877
 1.9607862115753
-0.0996885032716
-1.8719121657865
-0.2774086157606
-1.7698810890476
-0.4367743453008
-1.6569217898495
-0.5778529365995
-1.5351439466137
-0.7008651498009
-1.4065343245171
-0.8061681797868
-1.2729542023468
-0.8942395573320
-1.1361378749787
-0.9656620031417
-0.9976921100036
-1.0211092043220
-0.8590964487078
-1.0613324818468
-0.7217042521614
-1.0871483170180
-0.5867444027000
-1.0994267046755
-0.4553235796993
-1.0990803009661
-0.3284290363236
-1.0870543337486
-0.2069318109637
-1.0643172441683
-0.0915903134397
-1.0318520285354
 0.0169457682121
-0.9906482503551
 0.1181312893528
-0.9416946931603
 0.2115212430465
-0.8859726256643
 0.2967661671093
-0.8244496516630
 0.3736074001197
-0.7580741180610
 0.4418722191495
-0.6877700553544
 0.5014688888508
-0.6144326258696
 0.5523816487149
-0.5389240560184
 0.5946656627778
-0.4620700297826
 0.6284419537556
-0.3846565215697
 0.6538923415311
-0.3074270474964
 0.6712544040558
-0.2310803150336
 0.6808164770648
-0.1562682517993
 0.6829127075041
-0.0835943951040
 0.6779181742291
-0.0136126246290
 0.6662440883305
 0.0531737786371
 0.6483330843738
 0.1163127633794
 0.6246546128773
 0.1754038443724
 0.5957004435072
 0.2300981592296
 0.5619802877068
 0.2800982598150
 0.5240175488110
 0.3251576521161
 0.4823452071009
 0.3650800978963
 0.4375018467309
 0.3997186910047
 0.3900278309993
 0.4289747208338
 0.3404616320251
 0.4527963350699
 0.2893363205360
 0.4711770135815
 0.2371762211528
 0.4841538650434
 0.1844937382754
 0.4918057576880
 0.1317863574201
 0.4942512954196
 0.0795338266284
 0.4916466504167
 0.0281955223537
 0.4841832632830
-0.0217919959682
 0.4720854217898
-0.0700172386583
 0.4556077292787
-0.1160958420306
 0.4350324738618
-0.1596724245187
 0.4106669096711
-0.2004222393010
 0.3828404615565
-0.2380526202681
 0.3519018648249
-0.2723042184324
 0.3182162518351
-0.3029520261732
 0.2821621975176
-0.3298061870326
 0.2441287361738
-0.3527125891492
 0.2045123622116
-0.3715532408311
 0.1637140277963
-0.3862464272413
 0.1221361507308
-0.3967466477009
 0.0801796462115
-0.4030443337054
 0.0382409964402
-0.4051653484194
-0.0032906276098
-0.4031702691459
-0.0440361776818
-0.3971534550823
-0.0836294581221
-0.3872419035652
-0.1217197590957
-0.3735938989761
-0.1579743779006
-0.3563974595308
-0.1920810130625
-0.3358685883030
-0.2237500158849
-0.3122493360340
-0.2527164842225
-0.2858056845568
-0.2787421834469
-0.2568252609966
-0.3016172799029
-0.2256148943017
-0.3211618726178
-0.1924980270961
-0.3372273096475
-0.1578119973075
-0.3496972762193
-0.1219052055080
-0.3584886427931
-0.0851341853802
-0.3635520622962
-0.0478605961781
-0.3648723071191
-0.0104481574575
-0.3624683379823
 0.0267404523082
-0.3563930985014
 0.0633467103704
-0.3467330311919
 0.0990193536334
-0.3336073127534
 0.1334174469303
-0.3171668087498
 0.1662133899273
-0.2975927502427
 0.1970958363697
-0.2750951375170
 0.2257724990508
-0.2499108787424
 0.2519728138264
-0.2223016742077
 0.2754504362286
-0.1925516596172
 0.2959855447776
-0.1609648248125
 0.3133869259745
-0.1278622271312
 0.3274938171802
-0.0935790214036
 0.3381774851710
-0.0584613312574
 0.3453425201020
-0.0228629889104
 0.3489278268985
 0.0128578270740
 0.3489072987346
 0.0483420245578
 0.3452901602095
 0.0832330678985
 0.3381209710873
 0.1171804507204
 0.3274792849740
 0.1498431358277
 0.3134789610345
 0.1808929261652
 0.2962671307544
 0.2100177306633
 0.2760228257576
 0.2369246892266
 0.2529552767591
 0.2613431220350
 0.2273018977864
 0.2830272697538
 0.1993259737739
 0.3017587931594
 0.1693140734656
 0.3173490030891
 0.1375732131698
 0.3296407944702
 0.1044278002403
 0.3385102614538
 0.0702163881420
 0.3438679743155
 0.0352882775424
