 0.6145185100108
 0.0000000000000
 0.6142663087853
-0.0176723396486
 0.6135099065098
-0.0353303993705
 0.6122499072223
-0.0529599106559
 0.6104873171026
-0.0705466278190
 0.6082235436483
-0.0880763393851
 0.6054603945208
-0.1055348794482
 0.6022000760651
-0.1229081389884
 0.5984451915026
-0.1401820771406
 0.5941987388000
-0.1573427324034
 0.5894641082150
-0.1743762337791
 0.5842450795233
-0.1912688118358
 0.5785458189270
-0.2080068096805
 0.5723708756494
-0.2245766938352
 0.5657251782184
-0.2409650650061
 0.5586140304428
-0.2571586687366
 0.5510431070837
-0.2731444059352
 0.5430184492281
-0.2889093432691
 0.5345464593658
-0.3044407234154
 0.5256338961768
-0.3197259751601
 0.5162878690325
-0.3347527233373
 0.5065158322173
-0.3495087986005
 0.4963255788745
-0.3639822470166
 0.4857252346840
-0.3781613394761
 0.4747232512759
-0.3920345809113
 0.4633283993877
-0.4055907193142
 0.4515497617707
-0.4188187545481
 0.4393967258521
-0.4317079469448
 0.4268789761605
-0.4442478256811
 0.4140064865209
-0.4564281969276
 0.4007895120266
-0.4682391517639
 0.3872385807957
-0.4796710738533
 0.3733644855200
-0.4907146468720
 0.3591782748131
-0.5013608616865
 0.3446912443660
-0.5116010232742
 0.3299149279193
-0.5214267573820
 0.3148610880578
-0.5308300169179
 0.2995417068384
-0.5398030880709
 0.2839689762581
-0.5483385961563
 0.2681552885704
-0.5564295111795
 0.2521132264598
-0.5640691531180
 0.2358555530831
-0.5712511969155
 0.2193952019840
-0.5779696771865
 0.2027452668934
-0.5842189926269
 0.1859189914214
-0.5899939101306
 0.1689297586506
-0.5952895686069
 0.1517910806408
-0.6001014824985
 0.1345165878527
-0.6044255449979
 0.1171200185002
-0.6082580309605
 0.0996152078400
-0.6115955995134
 0.0820160774083
-0.6144352963593
 0.0643366242125
-0.6167745557740
 0.0465909098873
-0.6186112022987
 0.0287930498243
-0.6199434521246
 0.0109572022842
-0.6207699141732
-0.0069024425005
-0.6210895908699
-0.0247716732227
-0.6209018786130
-0.0426362683890
-0.6202065679393
-0.0604820071912
-0.6190038433867
-0.0782946803518
-0.6172942830563
-0.0960601009353
-0.6150788578746
-0.1137641151167
-0.6123589305591
-0.1313926128995
-0.6091362542883
-0.1489315387740
-0.6054129710801
-0.1663669023095
-0.6011916098791
-0.1836847886700
-0.5964750843585
-0.2008713690491
-0.5912666904371
-0.2179129110122
-0.5855701035166
-0.2347957887429
-0.5793893754422
-0.2515064931827
-0.5727289311899
-0.2680316420588
-0.5655935652848
-0.2843579897920
-0.5579884379551
-0.3004724372790
-0.5499190710247
-0.3163620415405
-0.5413913435506
-0.3320140252305
-0.5324114872087
-0.3474157859994
-0.5229860814327
-0.3625549057046
-0.5131220483123
-0.3774191594632
-0.5028266472543
-0.3919965245407
-0.4921074694130
-0.4062751890703
-0.4809724318951
-0.4202435605962
-0.4694297717440
-0.4338902744382
-0.4574880397097
-0.4472042018692
-0.4451560938105
-0.4601744581038
-0.4324430926913
-0.4727904100915
-0.4193584887851
-0.4850416841110
-0.4059120212838
-0.4969181731600
-0.3921137089245
-0.5084100441388
-0.3779738425970
-0.5195077448212
-0.3635029777789
-0.5302020106110
-0.3487119268057
-0.5404838710798
-0.3336117509807
-0.5503446562827
-0.3182137525322
-0.5597760028498
-0.3025294664240
-0.5687698598490
-0.2865706520268
-0.5773184944196
-0.2703492846545
-0.5854144971722
-0.2538775469758
-0.5930507873539
-0.2371678203040
-0.6002206177762
-0.2202326757737
-0.6069175795043
-0.2030848654110
-0.6131356063050
-0.1857373131028
-0.6188689788531
-0.1682031054725
-0.6241123286942
-0.1504954826689
-0.6288606419621
-0.1326278290739
-0.6331092628522
-0.1146136639375
-0.6368538968467
-0.0964666319436
-0.6400906136947
-0.0782004937169
-0.6428158501436
-0.0598291162738
-0.6450264124239
-0.0413664634261
-0.6467194784858
-0.0228265861430
-0.6478925999884
-0.0042236128777
-0.6485437040419
 0.0144282601346
-0.6486710947027
 0.0331147786017
-0.6482734542218
 0.0518216399160
-0.6473498440484
 0.0705345029064
-0.6458997055884
 0.0892389975942
-0.6439228607186
 0.1079207349481
-0.6414195120594
 0.1265653166313
-0.6383902430053
 0.1451583447354
-0.6348360175156
 0.1636854314951
-0.6307581796673
 0.1821322089782
-0.6261584529707
 0.2004843387455
-0.6210389394502
 0.2187275214750
-0.6154021184921
 0.2368475065439
-0.6092508454618
 0.2548301015659
-0.6025883500911
 0.2726611818750
-0.5954182346402
 0.2903266999534
-0.5877444718339
 0.3078126947974
-0.5795714025770
 0.3251053012161
-0.5709037334501
 0.3421907590591
-0.5617465339879
 0.3590554223671
-0.5521052337442
 0.3756857684419
-0.5419856191456
 0.3920684068309
-0.5313938301359
 0.4081900882209
-0.5203363566163
 0.4240377132388
-0.5088200346814
 0.4395983411524
-0.4968520426576
 0.4548591984696
-0.4844398969436
 0.4698076874301
-0.4715914476590
 0.4844313943869
-0.4583148741020
 0.4987180980733
-0.4446186800214
 0.5126557777516
-0.4305116887051
 0.5262326212402
-0.4160030378883
 0.5394370328154
-0.4011021744864
 0.5522576409842
-0.3858188491543
 0.5646833061255
-0.3701631106766
 0.5767031279963
-0.3541453001920
 0.5883064530986
-0.3377760452557
 0.5994828819066
-0.3210662537432
 0.6102222759480
-0.3040271075992
 0.6205147647399
-0.2866700564357
 0.6303507525735
-0.2690068109818
 0.6397209251481
-0.2510493363908
 0.6486162560486
-0.2328098454064
 0.6570280130673
-0.2143007913932
 0.6649477643652
-0.1955348612344
 0.6723673844717
-0.1765249681011
 0.6792790601205
-0.1572842440965
 0.6856752959197
-0.1378260327786
 0.6915489198534
-0.1181638815663
 0.6968930886143
-0.0983115340313
 0.7017012927635
-0.0782829220805
 0.7059673617186
-0.0580921580327
 0.7096854685652
-0.0377535265925
 0.7128501346930
-0.0172814767261
 0.7154562342539
 0.0033093865570
 0.7174989984401
 0.0240043105140
 0.7189740195823
 0.0447884030654
 0.7198772550653
 0.0656466412750
 0.7202050310619
 0.0865638799096
 0.7199540460807
 0.1075248600743
 0.7191213743307
 0.1285142179203
 0.7177044688987
 0.1495164934210
 0.7157011647401
 0.1705161392129
 0.7131096814818
 0.1914975294976
 0.7099286260370
 0.2124449690012
 0.7061569950300
 0.2333427019879
 0.7017941770324
 0.2541749213232
 0.6968399546073
 0.2749257775847
 0.6912945061643
 0.2955793882149
 0.6851584076218
 0.3161198467143
 0.6784326338786
 0.3365312318705
 0.6711185600926
 0.3567976170194
 0.6632179627675
 0.3769030793357
 0.6547330206469
 0.3968317091489
 0.6456663154158
 0.4165676192820
 0.6360208322088
 0.4360949544078
 0.6257999599252
 0.4553979004216
 0.6150074913514
 0.4744606938255
 0.6036476230902
 0.4932676311211
 0.5917249552965
 0.5118030782082
 0.5792444912210
 0.5300514797849
 0.5662116365596
 0.5479973687466
 0.5526321986118
 0.5656253755810
 0.5385123852451
 0.5829202377548
 0.5238588036681
 0.5998668090896
 0.5086784590110
 0.6164500691241
 0.4929787527149
 0.6326551324589
 0.4767674807290
 0.6484672580806
 0.4600528315174
 0.6638718586628
 0.4428433838748
 0.6788545098403
 0.4251481045525
 0.6934009594541
 0.4069763456939
 0.7074971367630
 0.3883378420815
 0.7211291616200
 0.3692427081943
 0.7342833536101
 0.3497014350775
 0.7469462411455
 0.3297248870242
 0.7591045705172
 0.3093242980701
 0.7707453148987
 0.2885112683015
 0.7818556832981
 0.2672977599773
 0.7924231294584
 0.2456960934663
 0.8024353606998
 0.2237189429987
 0.8118803467039
 0.2013793322351
 0.8207463282350
 0.1786906296508
 0.8290218257967
 0.1556665437388
 0.8366956482206
 0.1323211180302
 0.8437569011843
 0.1086687259342
 0.8501949956556
 0.0847240653969
 0.8559996562610
 0.0605021533817
 0.8611609295745
 0.0360183201704
 0.8656691923246
 0.0112882034867
 0.8695151595171
-0.0136722575578
 0.8726898924693
-0.0388468286929
 0.8751848067554
-0.0642189868951
 0.8769916800580
-0.0897719269670
 0.8781026599238
-0.1154885682906
 0.8785102714212
-0.1413515617524
 0.8782074246970
-0.1673432968410
 0.8771874224279
-0.1934459089153
 0.8754439671666
-0.2196412866419
 0.8729711685777
-0.2459110796024
 0.8697635505618
-0.2722367060674
 0.8658160582642
-0.2985993609382
 0.8611240649663
-0.3249800238540
 0.8556833788569
-0.3513594674644
 0.8494902496794
-0.3777182658647
 0.8425413752541
-0.4040368031953
 0.8348339078711
-0.4302952824020
 0.8263654605523
-0.4564737341568
 0.8171341131790
-0.4825520259389
 0.8071384184825
-0.5085098712738
 0.7963774078948
-0.5343268391297
 0.7848505972574
-0.5599823634703
 0.7725579923840
-0.5854557529624
 0.7595000944755
-0.6107262008375
 0.7456779053837
-0.6357727949065
 0.7310929327215
-0.6605745277251
 0.7157471948163
-0.6851103069103
 0.6996432255034
-0.7093589656056
 0.6827840787580
-0.7332992730940
 0.6651733331605
-0.7569099455574
 0.6468150961942
-0.7801696569820
 0.6277140083725
-0.8030570502065
 0.6078752471901
-0.8255507481136
 0.5873045308989
-0.8476293649631
 0.5660081221023
-0.8692715178637
 0.5439928311672
-0.8904558383844
 0.5212660194490
-0.9111609843024
 0.4978356023281
-0.9313656514863
 0.4737100520531
-0.9510485859143
 0.4488984003886
-0.9701885958240
 0.4234102410649
-0.9887645639937
 0.3972557320247
-1.0067554601531
 0.3704455974657
-1.0241403535218
 0.3429911296739
-1.0408984254745
 0.3149041906459
-1.0570089823295
 0.2861972134955
-1.0724514682617
 0.2568832036429
-1.0872054783357
 0.2269757397816
-1.1012507716579
 0.1964889746199
-1.1145672846476
 0.1654376353945
-1.1271351444217
 0.1338370241519
-1.1389346822954
 0.1017030177939
-1.1499464473926
 0.0690520678844
-1.1601512203677
 0.0359012002133
-1.1695300272345
 0.0022680141140
-1.1780641533005
-0.0318293184686
-1.1857351572056
-0.0663720541645
-1.1925248850615
-0.1013408796217
-1.1984154846906
-0.1367159132112
-1.2033894199612
-0.1724767069966
-1.2074294852180
-0.2086022489726
-1.2105188198040
-0.2450709655768
-1.2126409226724
-0.2818607244774
-1.2137796670849
-0.3189488376428
-1.2139193153953
-0.3563120646951
-1.2130445339145
-0.3939266165529
-1.2111404078540
-0.4317681593670
-1.2081924563464
-0.4698118187534
-1.2041866475390
-0.5080321843278
-1.1991094137569
-0.5464033145454
-1.1929476667349
-0.5848987418512
-1.1856888129122
-0.6234914781441
-1.1773207687888
-0.6621540205601
-1.1678319763390
-0.7008583575787
-1.1572114184798
-0.7395759754567
-1.1454486345896
-0.7782778649943
-1.1325337360741
-0.8169345286380
-1.1184574219756
-0.8555159879248
-1.1032109946229
-0.8939917912728
-1.0867863753158
-0.9323310221217
-1.0691761200423
-0.9705023074300
-1.0503734352233
-1.0084738265315
-1.0303721934814
-1.0462133203572
-1.0091669494281
-1.0836881010277
-0.9867529554665
-1.1208650618200
-0.9631261776044
-1.1577106875142
-0.9382833112726
-1.1941910651254
-0.9122217971445
-1.2302718950256
-0.8849398369511
-1.2659185024599
-0.8564364092878
-1.3010958494638
-0.8267112854061
-1.3357685471854
-0.7957650449861
-1.3699008686175
-0.7635990918837
-1.4034567617464
-0.7302156698478
-1.4363998631208
-0.6956178782005
-1.4686935118477
-0.6598096874754
-1.5003007640188
-0.6227959550074
-1.5311844075751
-0.5845824404686
-1.5613069776128
-0.5451758213429
-1.5906307721370
-0.5045837083339
-1.6191178682688
-0.4628146606980
-1.6467301389110
-0.4198782014985
-1.6734292698774
-0.3757848327702
-1.6991767774918
-0.3305460505909
-1.7239340266620
-0.2841743600496
-1.7476622494345
-0.2366832901062
-1.7703225640350
-0.1880874083339
-1.7918759944011
-0.1384023355362
-1.8122834902109
-0.0876447602321
-1.8315059474161
-0.0358324529994
-1.8495042292825
 0.0170157193304
-1.8662391879443
 0.0708797796353
-1.8816716864785
 0.1257386266323
-1.8957626215047
 0.1815700211817
-1.9084729463146
 0.2383505727753
-1.9197636945397
 0.2960557262188
-1.9295960043592
 0.3546597485152
-1.9379311432571
 0.4141357159614
-1.9447305333323
 0.4744555014655
-1.9499557771669
 0.5355897620964
-1.9535686842605
 0.5975079268738
-1.9555312980340
 0.6601781848099
-1.9558059234096
 0.7235674732136
-1.9543551549726
 0.7876414662654
-1.9511419057207
 0.8523645638764
-1.9461294364062
 0.9176998808396
-1.9392813854773
 0.9836092362855
-1.9305617996240
 1.0500531434536
-1.9199351649347
 1.1169907997891
-1.9073664386684
 1.1843800773777
-1.8928210816500
 1.2521775137282
-1.8762650912933
 1.3203383029159
-1.8576650352581
 1.3888162870974
-1.8369880857482
 1.4575639484076
-1.8142020544546
 1.5265324012520
-1.7892754281534
 1.5956713850053
-1.7621774049609
 1.6649292571271
-1.7328779312561
 1.7342529867083
-1.7013477392744
 1.8035881484581
-1.6675583853819
 1.8728789171440
-1.6314822890356
 1.9420680624973
-1.5930927724375
 2.0110969445941
-1.5523641008905
 2.0799055097250
-1.5092715238639
 2.1484322867643
-1.4637913167767
 2.2166143840498
-1.4159008235073
 2.2843874867854
-1.3655784996387
 2.3516858549776
-1.3128039564497
 2.4184423219155
-1.2575580056605
 2.4845882932078
-1.1998227049455
 2.5500537463855
-1.1395814042225
 2.6147672310808
-1.0768187927326
 2.6786558697939
-1.0115209469226
 2.7416453592569
-0.9436753791435
 2.8036599724036
-0.8732710871808
 2.8646225609561
-0.8002986046326
 2.9244545586370
-0.7247500521511
 2.9830759850149
-0.6466191895689
 3.0404054499929
-0.5659014689269
 3.0963601589470
-0.4825940884279
 3.1508559185230
-0.3966960473376
 3.2038071430984
-0.3082082018593
 3.2551268619155
-0.2171333220093
 3.3047267268939
-0.1234761495224
 3.3525170211256
-0.0272434568204
 3.3984066680605
 0.0715558929224
 3.4423032413848
 0.1729108845775
 3.4841129755993
 0.0715558929224
-3.4423032413848
-0.0272434568204
-3.3984066680605
-0.1234761495224
-3.3525170211256
-0.2171333220093
-3.3047267268939
-0.3082082018593
-3.2551268619155
-0.3966960473376
-3.2038071430984
-0.4825940884279
-3.1508559185230
-0.5659014689269
-3.0963601589470
-0.6466191895689
-3.0404054499929
-0.7247500521511
-2.9830759850149
-0.8002986046326
-2.9244545586370
-0.8732710871808
-2.8646225609561
-0.9436753791435
-2.8036599724036
-1.0115209469226
-2.7416453592569
-1.0768187927326
-2.6786558697939
-1.1395814042225
-2.6147672310808
-1.1998227049455
-2.5500537463855
-1.2575580056605
-2.4845882932078
-1.3128039564497
-2.4184423219155
-1.3655784996387
-2.3516858549776
-1.4159008235073
-2.2843874867854
-1.4637913167767
-2.2166143840498
-1.5092715238639
-2.1484322867643
-1.5523641008905
-2.0799055097250
-1.5930927724375
-2.0110969445941
-1.6314822890356
-1.9420680624973
-1.6675583853819
-1.8728789171440
-1.7013477392744
-1.8035881484581
-1.7328779312561
-1.7342529867083
-1.7621774049609
-1.6649292571271
-1.7892754281534
-1.5956713850053
-1.8142020544546
-1.5265324012520
-1.8369880857482
-1.4575639484076
-1.8576650352581
-1.3888162870974
-1.8762650912933
-1.3203383029159
-1.8928210816500
-1.2521775137282
-1.9073664386684
-1.1843800773777
-1.9199351649347
-1.1169907997891
-1.9305617996240
-1.0500531434536
-1.9392813854773
-0.9836092362855
-1.9461294364062
-0.9176998808396
-1.9511419057207
-0.8523645638764
-1.9543551549726
-0.7876414662654
-1.9558059234096
-0.7235674732136
-1.9555312980340
-0.6601781848099
-1.9535686842605
-0.5975079268738
-1.9499557771669
-0.5355897620964
-1.9447305333323
-0.4744555014655
-1.9379311432571
-0.4141357159614
-1.9295960043592
-0.3546597485152
-1.9197636945397
-0.2960557262188
-1.9084729463146
-0.2383505727753
-1.8957626215047
-0.1815700211817
-1.8816716864785
-0.1257386266323
-1.8662391879443
-0.0708797796353
-1.8495042292825
-0.0170157193304
-1.8315059474161
 0.0358324529994
-1.8122834902109
 0.0876447602321
-1.7918759944011
 0.1384023355362
-1.7703225640350
 0.1880874083339
-1.7476622494345
 0.2366832901062
-1.7239340266620
 0.2841743600496
-1.6991767774918
 0.3305460505909
-1.6734292698774
 0.3757848327702
-1.6467301389110
 0.4198782014985
-1.6191178682688
 0.4628146606980
-1.5906307721370
 0.5045837083339
-1.5613069776128
 0.5451758213429
-1.5311844075751
 0.5845824404686
-1.5003007640188
 0.6227959550074
-1.4686935118477
 0.6598096874754
-1.4363998631208
 0.6956178782005
-1.4034567617464
 0.7302156698478
-1.3699008686175
 0.7635990918837
-1.3357685471854
 0.7957650449861
-1.3010958494638
 0.8267112854061
-1.2659185024599
 0.8564364092878
-1.2302718950256
 0.8849398369511
-1.1941910651254
 0.9122217971445
-1.1577106875142
 0.9382833112726
-1.1208650618200
 0.9631261776044
-1.0836881010277
 0.9867529554665
-1.0462133203572
 1.0091669494281
-1.0084738265315
 1.0303721934814
-0.9705023074300
 1.0503734352233
-0.9323310221217
 1.0691761200423
-0.8939917912728
 1.0867863753158
-0.8555159879248
 1.1032109946229
-0.8169345286380
 1.1184574219756
-0.7782778649943
 1.1325337360741
-0.7395759754567
 1.1454486345896
-0.7008583575787
 1.1572114184798
-0.6621540205601
 1.1678319763390
-0.6234914781441
 1.1773207687888
-0.5848987418512
 1.1856888129122
-0.5464033145454
 1.1929476667349
-0.5080321843278
 1.1991094137569
-0.4698118187534
 1.2041866475390
-0.4317681593670
 1.2081924563464
-0.3939266165529
 1.2111404078540
-0.3563120646951
 1.2130445339145
-0.3189488376428
 1.2139193153953
-0.2818607244774
 1.2137796670849
-0.2450709655768
 1.2126409226724
-0.2086022489726
 1.2105188198040
-0.1724767069966
 1.2074294852180
-0.1367159132112
 1.2033894199612
-0.1013408796217
 1.1984154846906
-0.0663720541645
 1.1925248850615
-0.0318293184686
 1.1857351572056
 0.0022680141140
 1.1780641533005
 0.0359012002133
 1.1695300272345
 0.0690520678844
 1.1601512203677
 0.1017030177939
 1.1499464473926
 0.1338370241519
 1.1389346822954
 0.1654376353945
 1.1271351444217
 0.1964889746199
 1.1145672846476
 0.2269757397816
 1.1012507716579
 0.2568832036429
 1.0872054783357
 0.2861972134955
 1.0724514682617
 0.3149041906459
 1.0570089823295
 0.3429911296739
 1.0408984254745
 0.3704455974657
 1.0241403535218
 0.3972557320247
 1.0067554601531
 0.4234102410649
 0.9887645639937
 0.4488984003886
 0.9701885958240
 0.4737100520531
 0.9510485859143
 0.4978356023281
 0.9313656514863
 0.5212660194490
 0.9111609843024
 0.5439928311672
 0.8904558383844
 0.5660081221023
 0.8692715178637
 0.5873045308989
 0.8476293649631
 0.6078752471901
 0.8255507481136
 0.6277140083725
 0.8030570502065
 0.6468150961942
 0.7801696569820
 0.6651733331605
 0.7569099455574
 0.6827840787580
 0.7332992730940
 0.6996432255034
 0.7093589656056
 0.7157471948163
 0.6851103069103
 0.7310929327215
 0.6605745277251
 0.7456779053837
 0.6357727949065
 0.7595000944755
 0.6107262008375
 0.7725579923840
 0.5854557529624
 0.7848505972574
 0.5599823634703
 0.7963774078948
 0.5343268391297
 0.8071384184825
 0.5085098712738
 0.8171341131790
 0.4825520259389
 0.8263654605523
 0.4564737341568
 0.8348339078711
 0.4302952824020
 0.8425413752541
 0.4040368031953
 0.8494902496794
 0.3777182658647
 0.8556833788569
 0.3513594674644
 0.8611240649663
 0.3249800238540
 0.8658160582642
 0.2985993609382
 0.8697635505618
 0.2722367060674
 0.8729711685777
 0.2459110796024
 0.8754439671666
 0.2196412866419
 0.8771874224279
 0.1934459089153
 0.8782074246970
 0.1673432968410
 0.8785102714212
 0.1413515617524
 0.8781026599238
 0.1154885682906
 0.8769916800580
 0.0897719269670
 0.8751848067554
 0.0642189868951
 0.8726898924693
 0.0388468286929
 0.8695151595171
 0.0136722575578
 0.8656691923246
-0.0112882034867
 0.8611609295745
-0.0360183201704
 0.8559996562610
-0.0605021533817
 0.8501949956556
-0.0847240653969
 0.8437569011843
-0.1086687259342
 0.8366956482206
-0.1323211180302
 0.8290218257967
-0.1556665437388
 0.8207463282350
-0.1786906296508
 0.8118803467039
-0.2013793322351
 0.8024353606998
-0.2237189429987
 0.7924231294584
-0.2456960934663
 0.7818556832981
-0.2672977599773
 0.7707453148987
-0.2885112683015
 0.7591045705172
-0.3093242980701
 0.7469462411455
-0.3297248870242
 0.7342833536101
-0.3497014350775
 0.7211291616200
-0.3692427081943
 0.7074971367630
-0.3883378420815
 0.6934009594541
-0.4069763456939
 0.6788545098403
-0.4251481045525
 0.6638718586628
-0.4428433838748
 0.6484672580806
-0.4600528315174
 0.6326551324589
-0.4767674807290
 0.6164500691241
-0.4929787527149
 0.5998668090896
-0.5086784590110
 0.5829202377548
-0.5238588036681
 0.5656253755810
-0.5385123852451
 0.5479973687466
-0.5526321986118
 0.5300514797849
-0.5662116365596
 0.5118030782082
-0.5792444912210
 0.4932676311211
-0.5917249552965
 0.4744606938255
-0.6036476230902
 0.4553979004216
-0.6150074913514
 0.4360949544078
-0.6257999599252
 0.4165676192820
-0.6360208322088
 0.3968317091489
-0.6456663154158
 0.3769030793357
-0.6547330206469
 0.3567976170194
-0.6632179627675
 0.3365312318705
-0.6711185600926
 0.3161198467143
-0.6784326338786
 0.2955793882149
-0.6851584076218
 0.2749257775847
-0.6912945061643
 0.2541749213232
-0.6968399546073
 0.2333427019879
-0.7017941770324
 0.2124449690012
-0.7061569950300
 0.1914975294976
-0.7099286260370
 0.1705161392129
-0.7131096814818
 0.1495164934210
-0.7157011647401
 0.1285142179203
-0.7177044688987
 0.1075248600743
-0.7191213743307
 0.0865638799096
-0.7199540460807
 0.0656466412750
-0.7202050310619
 0.0447884030654
-0.7198772550653
 0.0240043105140
-0.7189740195823
 0.0033093865570
-0.7174989984401
-0.0172814767261
-0.7154562342539
-0.0377535265925
-0.7128501346930
-0.0580921580327
-0.7096854685652
-0.0782829220805
-0.7059673617186
-0.0983115340313
-0.7017012927635
-0.1181638815663
-0.6968930886143
-0.1378260327786
-0.6915489198534
-0.1572842440965
-0.6856752959197
-0.1765249681011
-0.6792790601205
-0.1955348612344
-0.6723673844717
-0.2143007913932
-0.6649477643652
-0.2328098454064
-0.6570280130673
-0.2510493363908
-0.6486162560486
-0.2690068109818
-0.6397209251481
-0.2866700564357
-0.6303507525735
-0.3040271075992
-0.6205147647399
-0.3210662537432
-0.6102222759480
-0.3377760452557
-0.5994828819066
-0.3541453001920
-0.5883064530986
-0.3701631106766
-0.5767031279963
-0.3858188491543
-0.5646833061255
-0.4011021744864
-0.5522576409842
-0.4160030378883
-0.5394370328154
-0.4305116887051
-0.5262326212402
-0.4446186800214
-0.5126557777516
-0.4583148741020
-0.4987180980733
-0.4715914476590
-0.4844313943869
-0.4844398969436
-0.4698076874301
-0.4968520426576
-0.4548591984696
-0.5088200346814
-0.4395983411524
-0.5203363566163
-0.4240377132388
-0.5313938301359
-0.4081900882209
-0.5419856191456
-0.3920684068309
-0.5521052337442
-0.3756857684419
-0.5617465339879
-0.3590554223671
-0.5709037334501
-0.3421907590591
-0.5795714025770
-0.3251053012161
-0.5877444718339
-0.3078126947974
-0.5954182346402
-0.2903266999534
-0.6025883500911
-0.2726611818750
-0.6092508454618
-0.2548301015659
-0.6154021184921
-0.2368475065439
-0.6210389394502
-0.2187275214750
-0.6261584529707
-0.2004843387455
-0.6307581796673
-0.1821322089782
-0.6348360175156
-0.1636854314951
-0.6383902430053
-0.1451583447354
-0.6414195120594
-0.1265653166313
-0.6439228607186
-0.1079207349481
-0.6458997055884
-0.0892389975942
-0.6473498440484
-0.0705345029064
-0.6482734542218
-0.0518216399160
-0.6486710947027
-0.0331147786017
-0.6485437040419
-0.0144282601346
-0.6478925999884
 0.0042236128777
-0.6467194784858
 0.0228265861430
-0.6450264124239
 0.0413664634261
-0.6428158501436
 0.0598291162738
-0.6400906136947
 0.0782004937169
-0.6368538968467
 0.0964666319436
-0.6331092628522
 0.1146136639375
-0.6288606419621
 0.1326278290739
-0.6241123286942
 0.1504954826689
-0.6188689788531
 0.1682031054725
-0.6131356063050
 0.1857373131028
-0.6069175795043
 0.2030848654110
-0.6002206177762
 0.2202326757737
-0.5930507873539
 0.2371678203040
-0.5854144971722
 0.2538775469758
-0.5773184944196
 0.2703492846545
-0.5687698598490
 0.2865706520268
-0.5597760028498
 0.3025294664240
-0.5503446562827
 0.3182137525322
-0.5404838710798
 0.3336117509807
-0.5302020106110
 0.3487119268057
-0.5195077448212
 0.3635029777789
-0.5084100441388
 0.3779738425970
-0.4969181731600
 0.3921137089245
-0.4850416841110
 0.4059120212838
-0.4727904100915
 0.4193584887851
-0.4601744581038
 0.4324430926913
-0.4472042018692
 0.4451560938105
-0.4338902744382
 0.4574880397097
-0.4202435605962
 0.4694297717440
-0.4062751890703
 0.4809724318951
-0.3919965245407
 0.4921074694130
-0.3774191594632
 0.5028266472543
-0.3625549057046
 0.5131220483123
-0.3474157859994
 0.5229860814327
-0.3320140252305
 0.5324114872087
-0.3163620415405
 0.5413913435506
-0.3004724372790
 0.5499190710247
-0.2843579897920
 0.5579884379551
-0.2680316420588
 0.5655935652848
-0.2515064931827
 0.5727289311899
-0.2347957887429
 0.5793893754422
-0.2179129110122
 0.5855701035166
-0.2008713690491
 0.5912666904371
-0.1836847886700
 0.5964750843585
-0.1663669023095
 0.6011916098791
-0.1489315387740
 0.6054129710801
-0.1313926128995
 0.6091362542883
-0.1137641151167
 0.6123589305591
-0.0960601009353
 0.6150788578746
-0.0782946803518
 0.6172942830563
-0.0604820071912
 0.6190038433867
-0.0426362683890
 0.6202065679393
-0.0247716732227
 0.6209018786130
-0.0069024425005
 0.6210895908699
 0.0109572022842
 0.6207699141732
 0.0287930498243
 0.6199434521246
 0.0465909098873
 0.6186112022987
 0.0643366242125
 0.6167745557740
 0.0820160774083
 0.6144352963593
 0.0996152078400
 0.6115955995134
 0.1171200185002
 0.6082580309605
 0.1345165878527
 0.6044255449979
 0.1517910806408
 0.6001014824985
 0.1689297586506
 0.5952895686069
 0.1859189914214
 0.5899939101306
 0.2027452668934
 0.5842189926269
 0.2193952019840
 0.5779696771865
 0.2358555530831
 0.5712511969155
 0.2521132264598
 0.5640691531180
 0.2681552885704
 0.5564295111795
 0.2839689762581
 0.5483385961563
 0.2995417068384
 0.5398030880709
 0.3148610880578
 0.5308300169179
 0.3299149279193
 0.5214267573820
 0.3446912443660
 0.5116010232742
 0.3591782748131
 0.5013608616865
 0.3733644855200
 0.4907146468720
 0.3872385807957
 0.4796710738533
 0.4007895120266
 0.4682391517639
 0.4140064865209
 0.4564281969276
 0.4268789761605
 0.4442478256811
 0.4393967258521
 0.4317079469448
 0.4515497617707
 0.4188187545481
 0.4633283993877
 0.4055907193142
 0.4747232512759
 0.3920345809113
 0.4857252346840
 0.3781613394761
 0.4963255788745
 0.3639822470166
 0.5065158322173
 0.3495087986005
 0.5162878690325
 0.3347527233373
 0.5256338961768
 0.3197259751601
 0.5345464593658
 0.3044407234154
 0.5430184492281
 0.2889093432691
 0.5510431070837
 0.2731444059352
 0.5586140304428
 0.2571586687366
 0.5657251782184
 0.2409650650061
 0.5723708756494
 0.2245766938352
 0.5785458189270
 0.2080068096805
 0.5842450795233
 0.1912688118358
 0.5894641082150
 0.1743762337791
 0.5941987388000
 0.1573427324034
 0.5984451915026
 0.1401820771406
 0.6022000760651
 0.1229081389884
 0.6054603945208
 0.1055348794482
 0.6082235436483
 0.0880763393851
 0.6104873171026
 0.0705466278190
 0.6122499072223
 0.0529599106559
 0.6135099065098
 0.0353303993705
 0.6142663087853
 0.0176723396486
