 0.6145185100108
 0.0000000000000
 0.5510431070837
-0.2731444059352
 0.3733644855200
-0.4907146468720
 0.1171200185002
-0.6082580309605
-0.1663669023095
-0.6011916098791
-0.4202435605962
-0.4694297717440
-0.5930507873539
-0.2371678203040
-0.6482734542218
 0.0518216399160
-0.5709037334501
 0.3421907590591
-0.3701631106766
 0.5767031279963
-0.0782829220805
 0.7059673617186
 0.2541749213232
 0.6968399546073
 0.5656253755810
 0.5385123852451
 0.7924231294584
 0.2456960934663
 0.8785102714212
-0.1413515617524
 0.7848505972574
-0.5599823634703
 0.4978356023281
-0.9313656514863
 0.0359012002133
-1.1695300272345
-0.5464033145454
-1.1929476667349
-1.1577106875142
-0.9382833112726
-1.6734292698774
-0.3757848327702
-1.9447305333323
 0.4744555014655
-1.8142020544546
 1.5265324012520
-1.1395814042225
 2.6147672310808
 0.1729108845776
 3.4841129755993
-1.1395814042225
-2.6147672310808
-1.8142020544546
-1.5265324012520
-1.9447305333323
-0.4744555014655
-1.6734292698774
 0.3757848327702
-1.1577106875142
 0.9382833112726
-0.5464033145454
 1.1929476667349
 0.0359012002133
 1.1695300272345
 0.4978356023281
 0.9313656514863
 0.7848505972574
 0.5599823634703
 0.8785102714212
 0.1413515617524
 0.7924231294584
-0.2456960934663
 0.5656253755810
-0.5385123852451
 0.2541749213232
-0.6968399546073
-0.0782829220805
-0.7059673617186
-0.3701631106766
-0.5767031279963
-0.5709037334501
-0.3421907590591
-0.6482734542218
-0.0518216399160
-0.5930507873539
 0.2371678203040
-0.4202435605962
 0.4694297717440
-0.1663669023095
 0.6011916098791
 0.1171200185002
 0.6082580309605
 0.3733644855200
 0.4907146468720
 0.5510431070837
 0.2731444059352
