 0.6145185100108
 0.0000000000000
 0.3733644855200
-0.4907146468720
-0.1663669023095
-0.6011916098791
-0.5930507873539
-0.2371678203040
-0.5709037334501
 0.3421907590591
-0.0782829220805
 0.7059673617186
 0.5656253755810
 0.5385123852451
 0.8785102714212
-0.1413515617524
 0.4978356023281
-0.9313656514863
-0.5464033145454
-1.1929476667349
-1.6734292698774
-0.3757848327702
-1.8142020544546
 1.5265324012520
 0.1729108845776
 3.4841129755993
-1.8142020544546
-1.5265324012520
-1.6734292698774
 0.3757848327702
-0.5464033145454
 1.1929476667349
 0.4978356023281
 0.9313656514863
 0.8785102714212
 0.1413515617524
 0.5656253755810
-0.5385123852451
-0.0782829220805
-0.7059673617186
-0.5709037334501
-0.3421907590591
-0.5930507873539
 0.2371678203040
-0.1663669023095
 0.6011916098791
 0.3733644855200
 0.4907146468720
