 0.3600581085437
 0.0000000000000
 0.3599505087583
-0.0088362890174
 0.3596277719547
-0.0176673795257
 0.3590900857533
-0.0264880760409
 0.3583377627305
-0.0352931891272
 0.3573712402322
-0.0440775384162
 0.3561910801135
-0.0528359556210
 0.3547979684030
-0.0615632875414
 0.3531927148945
-0.0702543990609
 0.3513762526645
-0.0789041761315
 0.3493496375158
-0.0875075287453
 0.3471140473492
-0.0960593938908
 0.3446707814620
-0.1045547384929
 0.3420212597748
-0.1129885623327
 0.3391670219866
-0.1213559009480
 0.3361097266590
-0.1296518285101
 0.3328511502308
-0.1378714606771
 0.3293931859620
-0.1460099574203
 0.3257378428100
-0.1540625258239
 0.3218872442368
-0.1620244228538
 0.3178436269501
-0.1698909580958
 0.3136093395767
-0.1776574964611
 0.3091868412720
-0.1853194608564
 0.3045787002636
-0.1928723348184
 0.2997875923325
-0.2003116651098
 0.2948162992311
-0.2076330642767
 0.2896677070408
-0.2148322131641
 0.2843448044680
-0.2219048633896
 0.2788506810827
-0.2288468397727
 0.2731885254979
-0.2356540427190
 0.2673616234932
-0.2423224505575
 0.2613733560826
-0.2488481218295
 0.2552271975285
-0.2552271975285
 0.2489267133030
-0.2614559032887
 0.2424755579980
-0.2675305515219
 0.2358774731848
-0.2734475435008
 0.2291362852262
-0.2792033713882
 0.2222559030406
-0.2847946202106
 0.2152403158212
-0.2902179697744
 0.2080935907109
-0.2954701965258
 0.2008198704348
-0.3005481753504
 0.1934233708917
-0.3054488813146
 0.1859083787063
-0.3101693913449
 0.1782792487437
-0.3147068858476
 0.1705404015877
-0.3190586502642
 0.1626963209842
-0.3232220765653
 0.1547515512531
-0.3271946646797
 0.1467106946668
-0.3309740238597
 0.1385784088017
-0.3345578739812
 0.1303594038599
-0.3379440467772
 0.1220584399656
-0.3411304870062
 0.1136803244375
-0.3441152535533
 0.1052299090376
-0.3468965204637
 0.0967120871996
-0.3494725779097
 0.0881317912383
-0.3518418330879
 0.0794939895407
-0.3540028110502
 0.0708036837420
-0.3559541554643
 0.0620659058877
-0.3576946293069
 0.0532857155824
-0.3592231154870
 0.0444681971293
-0.3605386174000
 0.0356184566601
-0.3616402594138
 0.0267416192579
-0.3625272872840
 0.0178428260747
-0.3631990685015
 0.0089272314455
-0.3636550925693
-0.0000000000000
-0.3638949712120
-0.0089336962256
-0.3639184385147
-0.0178686806756
-0.3637253509941
-0.0267997751591
-0.3633156876012
-0.0357218027285
-0.3626895496547
-0.0446295905528
-0.3618471607079
-0.0535179727824
-0.3607888663468
-0.0623817934040
-0.3595151339212
-0.0712159090849
-0.3580265522100
-0.0800151920038
-0.3563238310184
-0.0887745326683
-0.3544078007113
-0.0974888427149
-0.3522794116796
-0.1061530576934
-0.3499397337432
-0.1147621398313
-0.3473899554892
-0.1233110807775
-0.3446313835466
-0.1317949043256
-0.3416654417988
-0.1402086691125
-0.3384936705338
-0.1485474712931
-0.3351177255328
-0.1568064471887
-0.3315393770988
-0.1649807759082
-0.3277605090256
-0.1730656819403
-0.3237831175069
-0.1810564377163
-0.3196093099891
-0.1889483661409
-0.3152413039657
-0.1967368430907
-0.3106814257160
-0.2044172998797
-0.3059321089884
-0.2119852256886
-0.3009958936303
-0.2194361699593
-0.2958754241635
-0.2267657447517
-0.2905734483080
-0.2339696270619
-0.2850928154554
-0.2410435611020
-0.2794364750905
-0.2479833605386
-0.2736074751654
-0.2547849106910
-0.2676089604250
-0.2614441706857
-0.2614441706857
-0.2679571755697
-0.2551164390688
-0.2743200383776
-0.2486291901887
-0.2805289521550
-0.2419859382987
-0.2865801919362
-0.2351902853937
-0.2924701166744
-0.2282459192726
-0.2981951711254
-0.2211566115608
-0.3037518876825
-0.2139262156938
-0.3091368881638
-0.2065586648639
-0.3143468855481
-0.1990579699305
-0.3193786856632
-0.1914282172962
-0.3242291888211
-0.1836735667481
-0.3288953914037
-0.1757982492682
-0.3333743873960
-0.1678065648116
-0.3376633698669
-0.1597028800558
-0.3417596323980
-0.1514916261206
-0.3456605704581
-0.1431772962614
-0.3493636827250
-0.1347644435363
-0.3528665723534
-0.1262576784487
-0.3561669481877
-0.1176616665661
-0.3592626259207
-0.1089811261171
-0.3621515291980
-0.1002208255674
-0.3648316906661
-0.0913855811764
-0.3673012529658
-0.0824802545351
-0.3695584696703
-0.0735097500873
-0.3716017061670
-0.0644790126353
-0.3734294404842
-0.0553930248301
-0.3750402640609
-0.0462568046495
-0.3764328824618
-0.0370754028634
-0.3776061160352
-0.0278539004887
-0.3785589005156
-0.0185974062345
-0.3792902875699
-0.0093110539391
-0.3797994452876
 0.0000000000000
-0.3800856586152
 0.0093305792024
-0.3801483297348
 0.0186754898850
-0.3799869783868
 0.0280295234466
-0.3796012421370
 0.0373874590542
-0.3789908765884
 0.0467440662303
-0.3781557555380
 0.0560941074410
-0.3770958710777
 0.0654323406820
-0.3758113336417
 0.0747535220628
-0.3743023719983
 0.0840524083874
-0.3725693331877
 0.0933237597307
-0.3706126824062
 0.1025623420085
-0.3684330028365
 0.1117629295420
-0.3660309954246
 0.1209203076132
-0.3634074786039
 0.1300292750129
-0.3605633879665
 0.1390846465776
-0.3574997758832
 0.1480812557162
-0.3542178110702
 0.1570139569246
-0.3507187781059
 0.1658776282877
-0.3470040768962
 0.1746671739674
-0.3430752220894
 0.1833775266756
-0.3389338424411
 0.1920036501314
-0.3345816801301
 0.2005405415025
-0.3300205900247
 0.2089832338279
-0.3252525389013
 0.2173267984229
-0.3202796046146
 0.2255663472641
-0.3151039752207
 0.2336970353549
-0.3097279480532
 0.2417140630696
-0.3041539287540
 0.2496126784756
-0.2983844302570
 0.2573881796327
-0.2924220717283
 0.2650359168697
-0.2862695774610
 0.2725512950355
-0.2799297757269
 0.2799297757269
-0.2734055975844
 0.2871668794888
-0.2667000756446
 0.2942581879890
-0.2598163427947
 0.3011993461661
-0.2527576308815
 0.3079860643484
-0.2455272693528
 0.3146141203453
-0.2381286838598
 0.3210793615089
-0.2305653948205
 0.3273777067662
-0.2228410159442
 0.3335051486203
-0.2149592527177
 0.3394577551210
-0.2069239008555
 0.3452316718036
-0.1987388447128
 0.3508231235955
-0.1904080556628
 0.3562284166897
-0.1819355904390
 0.3614439403858
-0.1733255894435
 0.3664661688957
-0.1645822750216
 0.3712916631169
-0.1557099497029
 0.3759170723691
-0.1467129944112
 0.3803391360965
-0.1375958666425
 0.3845546855344
-0.1283630986120
 0.3885606453387
-0.1190192953718
 0.3923540351799
-0.1095691328985
 0.3959319712987
-0.1000173561535
 0.3992916680258
-0.0903687771141
 0.4024304392619
-0.0806282727785
 0.4053456999213
-0.0708007831445
 0.4080349673354
-0.0608913091619
 0.4104958626183
-0.0509049106608
 0.4127261119929
-0.0408467042554
 0.4147235480770
-0.0307218612245
 0.4164861111299
-0.0205356053695
 0.4180118502589
-0.0102932108503
 0.4192989245853
 0.0000000000000
 0.4203456043693
 0.0103386588807
 0.4211502720946
 0.0207173537489
 0.4217114235112
 0.0311306310638
 0.4220276686375
 0.0415729980495
 0.4220977327200
 0.0520389249751
 0.4219204571515
 0.0625228474519
 0.4214948003477
 0.0730191687463
 0.4208198385808
 0.0835222621088
 0.4198947667714
 0.0940264731168
 0.4187188992374
 0.1045261220319
 0.4172916704009
 0.1150155061707
 0.4156126354516
 0.1254889022877
 0.4136814709672
 0.1359405689701
 0.4114979754919
 0.1463647490440
 0.4090620700705
 0.1567556719912
 0.4063737987396
 0.1671075563752
 0.4034333289761
 0.1774146122771
 0.4002409521012
 0.1876710437391
 0.3967970836420
 0.1978710512164
 0.3931022636492
 0.2080088340358
 0.3891571569707
 0.2180785928608
 0.3849625534821
 0.2280745321625
 0.3805193682738
 0.2379908626954
 0.3758286417938
 0.2478218039776
 0.3708915399470
 0.2575615867750
 0.3657093541513
 0.2672044555882
 0.3602835013489
 0.2767446711422
 0.3546155239749
 0.2861765128778
 0.3487070898821
 0.2954942814439
 0.3425599922213
 0.3046923011904
 0.3361761492786
 0.3137649226617
 0.3295576042695
 0.3227065250880
 0.3227065250880
 0.3315115188769
 0.3156252040139
 0.3401743481015
 0.3083160573747
 0.3486894929870
 0.3007816251662
 0.3570514723936
 0.2930245706275
 0.3652548462952
 0.2850476797745
 0.3732942182548
 0.2768538608889
 0.3811642378934
 0.2684461439646
 0.3888596033545
 0.2598276801112
 0.3963750637614
 0.2510017409138
 0.4037054216686
 0.2419717177505
 0.4108455355047
 0.2327411210664
 0.4177903220086
 0.2233135796061
 0.4245347586555
 0.2136928396017
 0.4310738860754
 0.2038827639202
 0.4374028104606
 0.1938873311674
 0.4435167059636
 0.1837106347492
 0.4494108170838
 0.1733568818919
 0.4550804610426
 0.1628303926195
 0.4605210301472
 0.1521355986893
 0.4657279941406
 0.1412770424856
 0.4706969025399
 0.1302593758724
 0.4754233869598
 0.1190873590034
 0.4799031634222
 0.1077658590915
 0.4841320346513
 0.0962998491368
 0.4881058923529
 0.0846944066135
 0.4918207194779
 0.0729547121156
 0.4952725924700
 0.0610860479621
 0.4984576834950
 0.0490937967616
 0.5013722626545
 0.0369834399358
 0.5040127001797
 0.0247605562036
 0.5063754686078
 0.0124308200241
 0.5084571449388
-0.0000000000000
 0.5102544127727
-0.0125260427586
 0.5117640644265
-0.0251413563105
 0.5129830030307
-0.0378398995992
 0.5139082446040
-0.0506155442079
 0.5145369201069
-0.0634620761532
 0.5148662774723
-0.0763731977190
 0.5148936836137
-0.0893425293280
 0.5146166264103
-0.1023636114522
 0.5140327166670
-0.1154299065623
 0.5131396900515
-0.1285348011145
 0.5119354090055
-0.1416716075764
 0.5104178646306
-0.1548335664896
 0.5085851785484
-0.1680138485711
 0.5064356047337
-0.1812055568511
 0.5039675313211
-0.1944017288491
 0.5011794823838
-0.2075953387865
 0.4980701196841
-0.2207792998359
 0.4946382443956
-0.2339464664078
 0.4908827987961
-0.2470896364731
 0.4868028679308
-0.2602015539218
 0.4823976812451
-0.2732749109587
 0.4776666141871
-0.2863023505337
 0.4726091897783
-0.2992764688084
 0.4672250801528
-0.3121898176583
 0.4615141080643
-0.3250349072092
 0.4554762483596
-0.3378042084098
 0.4491116294190
-0.3504901556382
 0.4424205345633
-0.3630851493432
 0.4354034034252
-0.3755815587193
 0.4280608332865
-0.3879717244172
 0.4203935803792
-0.4002479612860
 0.4124025611509
-0.4124025611509
 0.4040888534929
-0.4244277956230
 0.3954536979314
-0.4363159189424
 0.3864984987813
-0.4480591708547
 0.3772248252605
-0.4596497795193
 0.3676344125664
-0.4710799644502
 0.3577291629122
-0.4823419394894
 0.3475111465233
-0.4934279158112
 0.3369826025931
-0.5043301049588
 0.3261459401977
-0.5150407219118
 0.3150037391684
-0.5255519881844
 0.3035587509221
-0.5358561349549
 0.2918138992486
-0.5459454062254
 0.2797722810546
-0.5558120620112
 0.2674371670630
-0.5654483815607
 0.2548120024675
-0.5748466666044
 0.2419004075429
-0.5839992446335
 0.2287061782073
-0.5928984722069
 0.2152332865401
-0.6015367382874
 0.2014858812507
-0.6099064676060
 0.1874682881008
-0.6180001240541
 0.1731850102770
-0.6258102141037
 0.1586407287159
-0.6333292902543
 0.1438403023775
-0.6405499545079
 0.1287887684696
-0.6474648618693
 0.1134913426206
-0.6540667238740
 0.0979534190008
-0.6603483121414
 0.0821805703909
-0.6663024619536
 0.0661785481981
-0.6719220758595
 0.0499532824175
-0.6772001273043
 0.0335108815405
-0.6821296642826
 0.0168576324065
-0.6867038130163
 0.0000000000000
-0.6909157816560
-0.0170553728093
-0.6947588640053
-0.0343016655835
-0.6982264432691
-0.0517318806917
-0.7013119958228
-0.0693388437433
-0.7040090950053
-0.0871152040809
-0.7063114149319
-0.1050534353341
-0.7082127343299
-0.1231458360324
-0.7097069403938
-0.1413845302818
-0.7107880326613
-0.1597614685020
-0.7114501269089
-0.1782684282280
-0.7116874590672
-0.1968970149748
-0.7114943891543
-0.2156386631671
-0.7108654052279
-0.2344846371347
-0.7097951273555
-0.2534260321739
-0.7082783116013
-0.2724537756762
-0.7063098540302
-0.2915586283244
-0.7038847947275
-0.3107311853583
-0.7009983218353
-0.3299618779094
-0.6976457756025
-0.3492409744061
-0.6938226524504
-0.3685585820502
-0.6895246090517
-0.3879046483657
-0.6847474664226
-0.4072689628202
-0.6794872140280
-0.4266411585206
-0.6737400138985
-0.4460107139834
-0.6675022047582
-0.4653669549808
-0.6607703061639
-0.4846990564627
-0.6535410226543
-0.5039960445576
-0.6458112479074
-0.5232467986502
-0.6375780689079
-0.5424400535399
-0.6288387701215
-0.5615644016783
-0.6195908376765
-0.5806082954891
-0.6098319635515
-0.5995600497694
-0.5995600497694
-0.6184078441746
-0.5887732125949
-0.6371397257872
-0.5774697867369
-0.6557436117713
-0.5656483295534
-0.6742072921128
-0.5533076252590
-0.6925184324467
-0.5404466891330
-0.7106645769736
-0.5270647717286
-0.7286331514640
-0.5131613630815
-0.7464114663544
-0.4987361969160
-0.7639867199337
-0.4837892548504
-0.7813460016227
-0.4683207705972
-0.7984762953470
-0.4523312341601
-0.8153644830042
-0.4358213960245
-0.8319973480274
-0.4187922713422
-0.8483615790454
-0.4012451441080
-0.8644437736403
-0.3831815713275
-0.8802304422053
-0.3646033871751
-0.8957080119018
-0.3455127071406
-0.9108628307187
-0.3259119321639
-0.9256811716336
-0.3058037527556
-0.9401492368784
-0.2851911531030
-0.9542531623096
-0.2640774151604
-0.9679790218848
-0.2424661227209
-0.9813128322469
-0.2203611654703
-0.9942405574164
-0.1977667430206
-1.0067481135942
-0.1746873689213
-1.0188213740751
-0.1511278746486
-1.0304461742739
-0.1270934135688
-1.0416083168651
-0.1025894648765
-1.0522935770377
-0.0776218375049
-1.0624877078660
-0.0521966740062
-1.0721764457985
-0.0263204544020
-1.0813455162648
 0.0000000000000
-1.0899806394036
 0.0267575228228
-1.0980675359119
 0.0539445988735
-1.1055919330168
 0.0815533604348
-1.1125395705724
 0.1095755835960
-1.1188962072812
 0.1380026846262
-1.1246476270439
 0.1668257163902
-1.1297796454363
 0.1960353648119
-1.1342781163170
 0.2256219453835
-1.1381289385656
 0.2555753997260
-1.1413180629544
 0.2858852922009
-1.1438314991535
 0.3165408065764
-1.1456553228719
 0.3475307427503
-1.1467756831351
 0.3788435135314
-1.1471788097018
 0.4104671414821
-1.1468510206202
 0.4423892558247
-1.1457787299254
 0.4745970894137
-1.1439484554806
 0.5070774757771
-1.1413468269620
 0.5398168462283
-1.1379605939893
 0.5728012270527
-1.1337766344050
 0.6060162367703
-1.1287819627010
 0.6394470834783
-1.1229637385967
 0.6730785622761
-1.1163092757689
 0.7068950527749
-1.1088060507352
 0.7408805166969
-1.1004417118923
 0.7750184955649
-1.0912040887113
 0.8092921084870
-1.0810812010906
 0.8436840500390
-1.0700612688696
 0.8781765882485
-1.0581327215025
 0.9127515626830
-1.0452842078957
 0.9473903826467
-1.0315046064094
 0.9820740254884
-1.0167830350257
 1.0167830350257
-1.0011088616831
 1.0514975200875
-0.9844717147815
 1.0861971531802
-0.9668614938574
 1.1208611692803
-0.9482683804308
 1.1554683647586
-0.9286828490269
 1.1899970964389
-0.9080956783726
 1.2244252807973
-0.8864979627703
 1.2587303933036
-0.8638811236501
 1.2928894679127
-0.8402369213020
 1.3268790967075
-0.8155574667901
 1.3606754297002
-0.7898352340491
 1.3942541747953
-0.7630630721670
 1.4275905979202
-0.7352342178523
 1.4606595233279
-0.7063423080901
 1.4934353340773
-0.6763813929870
 1.5258919726962
-0.6453459488069
 1.5580029420323
-0.6132308911985
 1.5897413062977
-0.5800315886167
 1.6210796923138
-0.5457438759393
 1.6519902909601
-0.5103640682800
 1.6824448588354
-0.4738889749985
 1.7124147201354
-0.4363159139114
 1.7418707687544
-0.3976427257017
 1.7707834706170
-0.3578677885320
 1.7991228662467
-0.3169900328596
 1.8268585735771
-0.2750089564565
 1.8539597910143
-0.2319246396350
 1.8803953007559
-0.1877377606803
 1.9061334723756
-0.1424496114905
 1.9311422666789
-0.0960621134264
 1.9553892398393
-0.0485778333709
 1.9788415478218
 0.0000000000000
 2.0014659511016
 0.0496674797344
 2.0232288196874
 0.1004200039083
 2.0440961384561
 0.0496674797344
-2.0232288196874
 0.0000000000000
-2.0014659511016
-0.0485778333709
-1.9788415478218
-0.0960621134264
-1.9553892398393
-0.1424496114905
-1.9311422666789
-0.1877377606803
-1.9061334723756
-0.2319246396350
-1.8803953007559
-0.2750089564565
-1.8539597910143
-0.3169900328596
-1.8268585735771
-0.3578677885320
-1.7991228662467
-0.3976427257017
-1.7707834706170
-0.4363159139114
-1.7418707687544
-0.4738889749985
-1.7124147201354
-0.5103640682800
-1.6824448588354
-0.5457438759393
-1.6519902909601
-0.5800315886167
-1.6210796923138
-0.6132308911985
-1.5897413062977
-0.6453459488069
-1.5580029420323
-0.6763813929870
-1.5258919726962
-0.7063423080901
-1.4934353340773
-0.7352342178523
-1.4606595233279
-0.7630630721670
-1.4275905979202
-0.7898352340491
-1.3942541747953
-0.8155574667901
-1.3606754297002
-0.8402369213020
-1.3268790967075
-0.8638811236501
-1.2928894679127
-0.8864979627703
-1.2587303933036
-0.9080956783726
-1.2244252807973
-0.9286828490269
-1.1899970964389
-0.9482683804308
-1.1554683647586
-0.9668614938574
-1.1208611692803
-0.9844717147815
-1.0861971531802
-1.0011088616831
-1.0514975200875
-1.0167830350257
-1.0167830350257
-1.0315046064094
-0.9820740254884
-1.0452842078957
-0.9473903826467
-1.0581327215025
-0.9127515626830
-1.0700612688696
-0.8781765882485
-1.0810812010906
-0.8436840500390
-1.0912040887113
-0.8092921084870
-1.1004417118923
-0.7750184955649
-1.1088060507352
-0.7408805166969
-1.1163092757689
-0.7068950527749
-1.1229637385967
-0.6730785622761
-1.1287819627010
-0.6394470834783
-1.1337766344050
-0.6060162367703
-1.1379605939893
-0.5728012270527
-1.1413468269620
-0.5398168462283
-1.1439484554806
-0.5070774757771
-1.1457787299254
-0.4745970894137
-1.1468510206202
-0.4423892558247
-1.1471788097018
-0.4104671414821
-1.1467756831351
-0.3788435135314
-1.1456553228719
-0.3475307427503
-1.1438314991535
-0.3165408065764
-1.1413180629544
-0.2858852922009
-1.1381289385656
-0.2555753997260
-1.1342781163170
-0.2256219453835
-1.1297796454363
-0.1960353648119
-1.1246476270439
-0.1668257163902
-1.1188962072812
-0.1380026846262
-1.1125395705724
-0.1095755835960
-1.1055919330168
-0.0815533604348
-1.0980675359119
-0.0539445988735
-1.0899806394036
-0.0267575228228
-1.0813455162648
-0.0000000000000
-1.0721764457985
 0.0263204544020
-1.0624877078660
 0.0521966740062
-1.0522935770377
 0.0776218375049
-1.0416083168651
 0.1025894648765
-1.0304461742739
 0.1270934135688
-1.0188213740751
 0.1511278746486
-1.0067481135942
 0.1746873689213
-0.9942405574164
 0.1977667430206
-0.9813128322469
 0.2203611654703
-0.9679790218848
 0.2424661227209
-0.9542531623096
 0.2640774151604
-0.9401492368784
 0.2851911531030
-0.9256811716336
 0.3058037527556
-0.9108628307187
 0.3259119321639
-0.8957080119018
 0.3455127071406
-0.8802304422053
 0.3646033871751
-0.8644437736403
 0.3831815713275
-0.8483615790454
 0.4012451441080
-0.8319973480274
 0.4187922713422
-0.8153644830042
 0.4358213960245
-0.7984762953470
 0.4523312341601
-0.7813460016227
 0.4683207705972
-0.7639867199337
 0.4837892548504
-0.7464114663544
 0.4987361969160
-0.7286331514640
 0.5131613630815
-0.7106645769736
 0.5270647717286
-0.6925184324467
 0.5404466891330
-0.6742072921128
 0.5533076252590
-0.6557436117713
 0.5656483295534
-0.6371397257872
 0.5774697867369
-0.6184078441746
 0.5887732125949
-0.5995600497694
 0.5995600497694
-0.5806082954891
 0.6098319635515
-0.5615644016783
 0.6195908376765
-0.5424400535399
 0.6288387701215
-0.5232467986502
 0.6375780689079
-0.5039960445576
 0.6458112479074
-0.4846990564627
 0.6535410226543
-0.4653669549808
 0.6607703061639
-0.4460107139834
 0.6675022047582
-0.4266411585206
 0.6737400138985
-0.4072689628202
 0.6794872140280
-0.3879046483657
 0.6847474664226
-0.3685585820502
 0.6895246090517
-0.3492409744061
 0.6938226524504
-0.3299618779094
 0.6976457756025
-0.3107311853583
 0.7009983218353
-0.2915586283244
 0.7038847947275
-0.2724537756762
 0.7063098540302
-0.2534260321739
 0.7082783116013
-0.2344846371347
 0.7097951273555
-0.2156386631671
 0.7108654052279
-0.1968970149748
 0.7114943891543
-0.1782684282280
 0.7116874590672
-0.1597614685020
 0.7114501269089
-0.1413845302818
 0.7107880326613
-0.1231458360324
 0.7097069403938
-0.1050534353341
 0.7082127343299
-0.0871152040809
 0.7063114149319
-0.0693388437433
 0.7040090950053
-0.0517318806917
 0.7013119958228
-0.0343016655835
 0.6982264432691
-0.0170553728093
 0.6947588640053
 0.0000000000000
 0.6909157816560
 0.0168576324065
 0.6867038130163
 0.0335108815405
 0.6821296642826
 0.0499532824175
 0.6772001273043
 0.0661785481981
 0.6719220758595
 0.0821805703909
 0.6663024619536
 0.0979534190008
 0.6603483121414
 0.1134913426206
 0.6540667238740
 0.1287887684696
 0.6474648618693
 0.1438403023775
 0.6405499545079
 0.1586407287159
 0.6333292902543
 0.1731850102770
 0.6258102141037
 0.1874682881008
 0.6180001240541
 0.2014858812507
 0.6099064676060
 0.2152332865401
 0.6015367382874
 0.2287061782073
 0.5928984722069
 0.2419004075429
 0.5839992446335
 0.2548120024675
 0.5748466666044
 0.2674371670630
 0.5654483815607
 0.2797722810546
 0.5558120620112
 0.2918138992486
 0.5459454062254
 0.3035587509221
 0.5358561349549
 0.3150037391684
 0.5255519881844
 0.3261459401977
 0.5150407219118
 0.3369826025931
 0.5043301049588
 0.3475111465233
 0.4934279158112
 0.3577291629122
 0.4823419394894
 0.3676344125664
 0.4710799644502
 0.3772248252605
 0.4596497795193
 0.3864984987813
 0.4480591708547
 0.3954536979314
 0.4363159189424
 0.4040888534929
 0.4244277956230
 0.4124025611509
 0.4124025611509
 0.4203935803792
 0.4002479612860
 0.4280608332865
 0.3879717244172
 0.4354034034252
 0.3755815587193
 0.4424205345633
 0.3630851493432
 0.4491116294190
 0.3504901556382
 0.4554762483596
 0.3378042084098
 0.4615141080643
 0.3250349072092
 0.4672250801528
 0.3121898176583
 0.4726091897783
 0.2992764688084
 0.4776666141871
 0.2863023505337
 0.4823976812451
 0.2732749109587
 0.4868028679308
 0.2602015539218
 0.4908827987961
 0.2470896364731
 0.4946382443956
 0.2339464664078
 0.4980701196841
 0.2207792998359
 0.5011794823838
 0.2075953387865
 0.5039675313211
 0.1944017288491
 0.5064356047337
 0.1812055568511
 0.5085851785484
 0.1680138485711
 0.5104178646306
 0.1548335664896
 0.5119354090055
 0.1416716075764
 0.5131396900515
 0.1285348011145
 0.5140327166670
 0.1154299065623
 0.5146166264103
 0.1023636114522
 0.5148936836137
 0.0893425293280
 0.5148662774723
 0.0763731977190
 0.5145369201069
 0.0634620761532
 0.5139082446040
 0.0506155442079
 0.5129830030307
 0.0378398995992
 0.5117640644265
 0.0251413563105
 0.5102544127727
 0.0125260427586
 0.5084571449388
 0.0000000000000
 0.5063754686078
-0.0124308200241
 0.5040127001797
-0.0247605562036
 0.5013722626545
-0.0369834399358
 0.4984576834950
-0.0490937967616
 0.4952725924700
-0.0610860479621
 0.4918207194779
-0.0729547121156
 0.4881058923529
-0.0846944066135
 0.4841320346513
-0.0962998491368
 0.4799031634222
-0.1077658590915
 0.4754233869598
-0.1190873590034
 0.4706969025399
-0.1302593758724
 0.4657279941406
-0.1412770424856
 0.4605210301472
-0.1521355986893
 0.4550804610426
-0.1628303926195
 0.4494108170838
-0.1733568818919
 0.4435167059636
-0.1837106347492
 0.4374028104606
-0.1938873311674
 0.4310738860754
-0.2038827639202
 0.4245347586555
-0.2136928396017
 0.4177903220086
-0.2233135796061
 0.4108455355047
-0.2327411210664
 0.4037054216686
-0.2419717177505
 0.3963750637614
-0.2510017409138
 0.3888596033545
-0.2598276801112
 0.3811642378934
-0.2684461439646
 0.3732942182548
-0.2768538608889
 0.3652548462952
-0.2850476797745
 0.3570514723936
-0.2930245706275
 0.3486894929870
-0.3007816251662
 0.3401743481015
-0.3083160573747
 0.3315115188769
-0.3156252040139
 0.3227065250880
-0.3227065250880
 0.3137649226617
-0.3295576042695
 0.3046923011904
-0.3361761492786
 0.2954942814439
-0.3425599922213
 0.2861765128778
-0.3487070898821
 0.2767446711422
-0.3546155239749
 0.2672044555882
-0.3602835013489
 0.2575615867750
-0.3657093541513
 0.2478218039776
-0.3708915399470
 0.2379908626954
-0.3758286417938
 0.2280745321625
-0.3805193682738
 0.2180785928608
-0.3849625534821
 0.2080088340358
-0.3891571569707
 0.1978710512164
-0.3931022636492
 0.1876710437391
-0.3967970836420
 0.1774146122771
-0.4002409521012
 0.1671075563752
-0.4034333289761
 0.1567556719912
-0.4063737987396
 0.1463647490440
-0.4090620700705
 0.1359405689701
-0.4114979754919
 0.1254889022877
-0.4136814709672
 0.1150155061707
-0.4156126354516
 0.1045261220319
-0.4172916704009
 0.0940264731168
-0.4187188992374
 0.0835222621088
-0.4198947667714
 0.0730191687463
-0.4208198385808
 0.0625228474519
-0.4214948003477
 0.0520389249751
-0.4219204571515
 0.0415729980495
-0.4220977327200
 0.0311306310638
-0.4220276686375
 0.0207173537489
-0.4217114235112
 0.0103386588807
-0.4211502720946
 0.0000000000000
-0.4203456043693
-0.0102932108503
-0.4192989245853
-0.0205356053695
-0.4180118502589
-0.0307218612245
-0.4164861111299
-0.0408467042554
-0.4147235480770
-0.0509049106608
-0.4127261119929
-0.0608913091619
-0.4104958626183
-0.0708007831445
-0.4080349673354
-0.0806282727785
-0.4053456999213
-0.0903687771141
-0.4024304392619
-0.1000173561535
-0.3992916680258
-0.1095691328985
-0.3959319712987
-0.1190192953718
-0.3923540351799
-0.1283630986120
-0.3885606453387
-0.1375958666425
-0.3845546855344
-0.1467129944112
-0.3803391360965
-0.1557099497029
-0.3759170723691
-0.1645822750216
-0.3712916631169
-0.1733255894435
-0.3664661688957
-0.1819355904390
-0.3614439403858
-0.1904080556628
-0.3562284166897
-0.1987388447128
-0.3508231235955
-0.2069239008555
-0.3452316718036
-0.2149592527177
-0.3394577551210
-0.2228410159442
-0.3335051486203
-0.2305653948205
-0.3273777067662
-0.2381286838598
-0.3210793615089
-0.2455272693528
-0.3146141203453
-0.2527576308815
-0.3079860643484
-0.2598163427947
-0.3011993461661
-0.2667000756446
-0.2942581879890
-0.2734055975844
-0.2871668794888
-0.2799297757269
-0.2799297757269
-0.2862695774610
-0.2725512950355
-0.2924220717283
-0.2650359168697
-0.2983844302570
-0.2573881796327
-0.3041539287540
-0.2496126784756
-0.3097279480532
-0.2417140630696
-0.3151039752207
-0.2336970353549
-0.3202796046146
-0.2255663472641
-0.3252525389013
-0.2173267984229
-0.3300205900247
-0.2089832338279
-0.3345816801301
-0.2005405415025
-0.3389338424411
-0.1920036501314
-0.3430752220894
-0.1833775266756
-0.3470040768962
-0.1746671739674
-0.3507187781059
-0.1658776282877
-0.3542178110702
-0.1570139569246
-0.3574997758832
-0.1480812557162
-0.3605633879665
-0.1390846465776
-0.3634074786039
-0.1300292750129
-0.3660309954246
-0.1209203076132
-0.3684330028365
-0.1117629295420
-0.3706126824062
-0.1025623420085
-0.3725693331877
-0.0933237597307
-0.3743023719983
-0.0840524083874
-0.3758113336417
-0.0747535220628
-0.3770958710777
-0.0654323406820
-0.3781557555380
-0.0560941074410
-0.3789908765884
-0.0467440662303
-0.3796012421370
-0.0373874590542
-0.3799869783868
-0.0280295234466
-0.3801483297348
-0.0186754898850
-0.3800856586152
-0.0093305792024
-0.3797994452876
-0.0000000000000
-0.3792902875699
 0.0093110539391
-0.3785589005156
 0.0185974062345
-0.3776061160352
 0.0278539004887
-0.3764328824618
 0.0370754028634
-0.3750402640609
 0.0462568046495
-0.3734294404842
 0.0553930248301
-0.3716017061670
 0.0644790126353
-0.3695584696703
 0.0735097500873
-0.3673012529658
 0.0824802545351
-0.3648316906661
 0.0913855811764
-0.3621515291980
 0.1002208255674
-0.3592626259207
 0.1089811261171
-0.3561669481877
 0.1176616665661
-0.3528665723534
 0.1262576784487
-0.3493636827250
 0.1347644435363
-0.3456605704581
 0.1431772962614
-0.3417596323980
 0.1514916261206
-0.3376633698669
 0.1597028800558
-0.3333743873960
 0.1678065648116
-0.3288953914037
 0.1757982492682
-0.3242291888211
 0.1836735667481
-0.3193786856632
 0.1914282172962
-0.3143468855481
 0.1990579699305
-0.3091368881638
 0.2065586648639
-0.3037518876825
 0.2139262156938
-0.2981951711254
 0.2211566115608
-0.2924701166744
 0.2282459192726
-0.2865801919362
 0.2351902853937
-0.2805289521550
 0.2419859382987
-0.2743200383776
 0.2486291901887
-0.2679571755697
 0.2551164390688
-0.2614441706857
 0.2614441706857
-0.2547849106910
 0.2676089604250
-0.2479833605386
 0.2736074751654
-0.2410435611020
 0.2794364750905
-0.2339696270619
 0.2850928154554
-0.2267657447517
 0.2905734483080
-0.2194361699593
 0.2958754241635
-0.2119852256886
 0.3009958936303
-0.2044172998797
 0.3059321089884
-0.1967368430907
 0.3106814257160
-0.1889483661409
 0.3152413039657
-0.1810564377163
 0.3196093099891
-0.1730656819403
 0.3237831175069
-0.1649807759082
 0.3277605090256
-0.1568064471887
 0.3315393770988
-0.1485474712931
 0.3351177255328
-0.1402086691125
 0.3384936705338
-0.1317949043256
 0.3416654417988
-0.1233110807775
 0.3446313835466
-0.1147621398313
 0.3473899554892
-0.1061530576934
 0.3499397337432
-0.0974888427149
 0.3522794116796
-0.0887745326683
 0.3544078007113
-0.0800151920038
 0.3563238310184
-0.0712159090849
 0.3580265522100
-0.0623817934040
 0.3595151339212
-0.0535179727824
 0.3607888663468
-0.0446295905528
 0.3618471607079
-0.0357218027285
 0.3626895496547
-0.0267997751591
 0.3633156876012
-0.0178686806756
 0.3637253509941
-0.0089336962256
 0.3639184385147
-0.0000000000000
 0.3638949712120
 0.0089272314455
 0.3636550925693
 0.0178428260747
 0.3631990685015
 0.0267416192579
 0.3625272872840
 0.0356184566601
 0.3616402594138
 0.0444681971293
 0.3605386174000
 0.0532857155824
 0.3592231154870
 0.0620659058877
 0.3576946293069
 0.0708036837420
 0.3559541554643
 0.0794939895407
 0.3540028110502
 0.0881317912383
 0.3518418330879
 0.0967120871996
 0.3494725779097
 0.1052299090376
 0.3468965204637
 0.1136803244375
 0.3441152535533
 0.1220584399656
 0.3411304870062
 0.1303594038599
 0.3379440467772
 0.1385784088017
 0.3345578739812
 0.1467106946668
 0.3309740238597
 0.1547515512531
 0.3271946646797
 0.1626963209842
 0.3232220765653
 0.1705404015877
 0.3190586502642
 0.1782792487437
 0.3147068858476
 0.1859083787063
 0.3101693913449
 0.1934233708917
 0.3054488813146
 0.2008198704348
 0.3005481753504
 0.2080935907109
 0.2954701965258
 0.2152403158212
 0.2902179697744
 0.2222559030406
 0.2847946202106
 0.2291362852262
 0.2792033713882
 0.2358774731848
 0.2734475435008
 0.2424755579980
 0.2675305515219
 0.2489267133030
 0.2614559032887
 0.2552271975285
 0.2552271975285
 0.2613733560826
 0.2488481218295
 0.2673616234932
 0.2423224505575
 0.2731885254979
 0.2356540427190
 0.2788506810827
 0.2288468397727
 0.2843448044680
 0.2219048633896
 0.2896677070408
 0.2148322131641
 0.2948162992311
 0.2076330642767
 0.2997875923325
 0.2003116651098
 0.3045787002636
 0.1928723348184
 0.3091868412720
 0.1853194608564
 0.3136093395767
 0.1776574964611
 0.3178436269501
 0.1698909580958
 0.3218872442368
 0.1620244228538
 0.3257378428100
 0.1540625258239
 0.3293931859620
 0.1460099574203
 0.3328511502308
 0.1378714606771
 0.3361097266590
 0.1296518285101
 0.3391670219866
 0.1213559009480
 0.3420212597748
 0.1129885623327
 0.3446707814620
 0.1045547384929
 0.3471140473492
 0.0960593938908
 0.3493496375158
 0.0875075287453
 0.3513762526645
 0.0789041761315
 0.3531927148945
 0.0702543990609
 0.3547979684030
 0.0615632875414
 0.3561910801135
 0.0528359556210
 0.3573712402322
 0.0440775384162
 0.3583377627305
 0.0352931891272
 0.3590900857533
 0.0264880760409
 0.3596277719547
 0.0176673795257
 0.3599505087583
 0.0088362890174
