 0.4608882568573
 0.0000000000000
 0.4608041862448
-0.0088368542672
 0.4605520042476
-0.0176705348302
 0.4601318003751
-0.0264978691130
 0.4595437237738
-0.0353156867944
 0.4587879831725
-0.0441208209353
 0.4578648468066
-0.0529101091034
 0.4567746423201
-0.0616803944969
 0.4555177566465
-0.0704285270658
 0.4540946358679
-0.0791513646304
 0.4525057850524
-0.0878457739974
 0.4507517680704
-0.0965086320715
 0.4488332073894
-0.1051368269642
 0.4467507838475
-0.1137272590971
 0.4445052364054
-0.1222768423019
 0.4420973618783
-0.1307825049139
 0.4395280146456
-0.1392411908603
 0.4367981063404
-0.1476498607433
 0.4339086055187
-0.1560054929153
 0.4308605373072
-0.1643050845485
 0.4276549830311
-0.1725456526968
 0.4242930798217
-0.1807242353500
 0.4207760202037
-0.1888378924800
 0.4171050516631
-0.1968837070785
 0.4132814761946
-0.2048587861862
 0.4093066498298
-0.2127602619125
 0.4051819821467
-0.2205852924453
 0.4009089357586
-0.2283310630515
 0.3964890257858
-0.2359947870666
 0.3919238193074
-0.2435737068737
 0.3872149347949
-0.2510650948719
 0.3823640415280
-0.2584662544323
 0.3773728589921
-0.2657745208430
 0.3722431562578
-0.2729872622415
 0.3669767513433
-0.2801018805353
 0.3615755105601
-0.2871158123085
 0.3560413478404
-0.2940265297164
 0.3503762240490
-0.3008315413660
 0.3445821462789
-0.3075283931829
 0.3386611671296
-0.3141146692640
 0.3326153839713
-0.3205879927160
 0.3264469381923
-0.3269460264790
 0.3201580144316
-0.3331864741354
 0.3137508397976
-0.3393070807029
 0.3072276830705
-0.3453056334128
 0.3005908538920
-0.3511799624719
 0.2938427019408
-0.3569279418084
 0.2869856160939
-0.3625474898018
 0.2800220235755
-0.3680365699960
 0.2729543890929
-0.3733931917955
 0.2657852139592
-0.3786154111446
 0.2585170352053
-0.3837013311897
 0.2511524246784
-0.3886491029237
 0.2436939881306
-0.3934569258126
 0.2361443642952
-0.3981230484051
 0.2285062239533
-0.4026457689228
 0.2207822689895
-0.4070234358337
 0.2129752314379
-0.4112544484055
 0.2050878725184
-0.4153372572421
 0.1971229816637
-0.4192703648002
 0.1890833755381
-0.4230523258870
 0.1809718970467
-0.4266817481399
 0.1727914143383
-0.4301572924855
 0.1645448197986
-0.4334776735808
 0.1562350290381
-0.4366416602339
 0.1478649798715
-0.4396480758058
 0.1394376312918
-0.4424957985923
 0.1309559624375
-0.4451837621860
 0.1224229715550
-0.4477109558194
 0.1138416749544
-0.4500764246868
 0.1052151059620
-0.4522792702476
 0.0965463138667
-0.4543186505084
 0.0878383628635
-0.4561937802861
 0.0790943309927
-0.4579039314503
 0.0703173090759
-0.4594484331455
 0.0615103996491
-0.4608266719939
 0.0526767158932
-0.4620380922770
 0.0438193805623
-0.4630821960983
 0.0349415249106
-0.4639585435242
 0.0260462876174
-0.4646667527064
 0.0171368137116
-0.4652064999833
 0.0082162534954
-0.4655775199608
-0.0007122385323
-0.4657796055746
-0.0096455047520
-0.4658126081306
-0.0185803854995
-0.4656764373265
-0.0275137201405
-0.4653710612530
-0.0364423481441
-0.4648965063756
-0.0453631101545
-0.4642528574955
-0.0542728490609
-0.4634402576920
-0.0631684110644
-0.4624589082444
-0.0720466467424
-0.4613090685345
-0.0809044121104
-0.4599910559304
-0.0897385696789
-0.4585052456491
-0.0985459895076
-0.4568520706022
-0.1073235502553
-0.4550320212204
-0.1160681402243
-0.4530456452601
-0.1247766584006
-0.4508935475912
-0.1334460154887
-0.4485763899650
-0.1420731349410
-0.4460948907651
-0.1506549539803
-0.4434498247384
-0.1591884246174
-0.4406420227090
-0.1676705146608
-0.4376723712728
-0.1760982087204
-0.4345418124751
-0.1844685092031
-0.4312513434698
-0.1927784373020
-0.4278020161612
-0.2010250339766
-0.4241949368287
-0.2092053609250
-0.4204312657333
-0.2173165015486
-0.4165122167080
-0.2253555619066
-0.4124390567309
-0.2333196716627
-0.4082131054819
-0.2412059850216
-0.4038357348825
-0.2490116816562
-0.3993083686198
-0.2567339676252
-0.3946324816543
-0.2643700762799
-0.3898095997120
-0.2719172691614
-0.3848412987611
-0.2793728368861
-0.3797292044727
-0.2867341000212
-0.3744749916673
-0.2939984099487
-0.3690803837456
-0.3011631497178
-0.3635471521056
-0.3082257348857
-0.3578771155445
-0.3151836143472
-0.3520721396468
-0.3220342711509
-0.3461341361586
-0.3287752233042
-0.3400650623483
-0.3354040245657
-0.3338669203538
-0.3419182652239
-0.3275417565164
-0.3483155728642
-0.3210916607029
-0.3545936131219
-0.3145187656134
-0.3607500904224
-0.3078252460786
-0.3667827487076
-0.3010133183439
-0.3726893721488
-0.2940852393420
-0.3784677858457
-0.2870433059545
-0.3841158565112
-0.2798898542617
-0.3896314931424
-0.2726272587817
-0.3950126476774
-0.2652579316991
-0.4002573156366
-0.2577843220830
-0.4053635367507
-0.2502089150949
-0.4103293955735
-0.2425342311873
-0.4151530220793
-0.2347628252925
-0.4198325922458
-0.2268972860017
-0.4243663286221
-0.2189402347361
-0.4287525008810
-0.2108943249090
-0.4329894263563
-0.2027622410788
-0.4370754705642
-0.1945466980953
-0.4410090477100
-0.1862504402374
-0.4447886211782
-0.1778762403430
-0.4484127040079
-0.1694268989327
-0.4518798593514
-0.1609052433260
-0.4551887009180
-0.1523141267507
-0.4583378934009
-0.1436564274466
-0.4613261528888
-0.1349350477626
-0.4641522472614
-0.1261529132484
-0.4668149965683
-0.1173129717406
-0.4693132733925
-0.1084181924440
-0.4716460031971
-0.0994715650072
-0.4738121646563
-0.0904760985948
-0.4758107899699
-0.0814348209542
-0.4776409651612
-0.0723507774790
-0.4793018303596
-0.0632270302686
-0.4807925800662
-0.0540666571843
-0.4821124634026
-0.0448727509021
-0.4832607843450
-0.0356484179631
-0.4842369019402
-0.0263967778206
-0.4850402305066
-0.0171209618854
-0.4856702398181
-0.0078241125690
-0.4861264552723
 0.0014906176752
-0.4864084580423
 0.0108200673117
-0.4865158852118
 0.0201610666850
-0.4864484298946
 0.0295104389810
-0.4862058413378
 0.0388650011908
-0.4857879250086
 0.0482215650736
-0.4851945426651
 0.0575769381204
-0.4844256124117
 0.0669279245178
-0.4834811087369
 0.0762713261107
-0.4823610625373
 0.0856039433649
-0.4810655611239
 0.0949225763289
-0.4795947482134
 0.1042240255941
-0.4779488239038
 0.1135050932541
-0.4761280446339
 0.1227625838620
-0.4741327231278
 0.1319933053862
-0.4719632283228
 0.1411940701638
-0.4696199852830
 0.1503616958516
-0.4671034750968
 0.1594930063749
-0.4644142347596
 0.1685848328728
-0.4615528570404
 0.1776340146412
-0.4585199903345
 0.1866374000722
-0.4553163385001
 0.1955918475893
-0.4519426606808
 0.2044942265804
-0.4483997711127
 0.2133414183251
-0.4446885389170
 0.2221303169191
-0.4408098878780
 0.2308578301938
-0.4367647962068
 0.2395208806306
-0.4325542962901
 0.2481164062720
-0.4281794744252
 0.2566413616258
-0.4236414705405
 0.2650927185652
-0.4189414779025
 0.2734674672235
-0.4140807428081
 0.2817626168825
-0.4090605642641
 0.2899751968557
-0.4038822936516
 0.2981022573650
-0.3985473343788
 0.3061408704116
-0.3930571415186
 0.3140881306403
-0.3874132214338
 0.3219411561972
-0.3816171313896
 0.3296970895807
-0.3756704791518
 0.3373530984854
-0.3695749225733
 0.3449063766393
-0.3633321691677
 0.3523541446333
-0.3569439756695
 0.3596936507435
-0.3504121475832
 0.3669221717456
-0.3437385387190
 0.3740370137220
-0.3369250507167
 0.3810355128602
-0.3299736325580
 0.3879150362441
-0.3228862800666
 0.3946729826364
-0.3156650353964
 0.4013067832526
-0.3083119865086
 0.4078139025264
-0.3008292666374
 0.4141918388674
-0.2932190537441
 0.4204381254080
-0.2854835699604
 0.4265503307438
-0.2776250810210
 0.4325260596624
-0.2696458956847
 0.4383629538653
-0.2615483651459
 0.4440586926783
-0.2533348824349
 0.4496109937542
-0.2450078818081
 0.4550176137647
-0.2365698381284
 0.4602763490829
-0.2280232662353
 0.4653850364566
-0.2193707203051
 0.4703415536702
-0.2106147932023
 0.4751438201982
-0.2017581158200
 0.4797897978471
-0.1928033564129
 0.4842774913877
-0.1837532199193
 0.4886049491773
-0.1746104472759
 0.4927702637703
-0.1653778147219
 0.4967715725195
-0.1560581330963
 0.5006070581658
-0.1466542471256
 0.5042749494172
-0.1371690347032
 0.5077735215177
-0.1276054061613
 0.5111010968039
-0.1179663035343
 0.5142560452520
-0.1082546998144
 0.5172367850123
-0.0984735981999
 0.5200417829338
-0.0886260313358
 0.5226695550762
-0.0787150605469
 0.5251186672117
-0.0687437750640
 0.5273877353143
-0.0587152912433
 0.5294754260387
-0.0486327517784
 0.5313804571864
-0.0384993249063
 0.5331015981613
-0.0283182036063
 0.5346376704128
-0.0180926047934
 0.5359875478672
-0.0078257685045
 0.5371501573480
 0.0024790429205
 0.5381244789831
 0.0128185456639
 0.5389095466012
 0.0231894352608
 0.5395044481155
 0.0335883874353
 0.5399083258955
 0.0440120589423
 0.5401203771270
 0.0544570884136
 0.5401398541593
 0.0649200972103
 0.5399660648414
 0.0753976902790
 0.5395983728441
 0.0858864570128
 0.5390361979720
 0.0963829721173
 0.5382790164614
 0.1068837964807
 0.5373263612669
 0.1173854780480
 0.5361778223353
 0.1278845526990
 0.5348330468669
 0.1383775451310
 0.5332917395647
 0.1488609697442
 0.5315536628710
 0.1593313315314
 0.5296186371912
 0.1697851269707
 0.5274865411057
 0.1802188449217
 0.5251573115688
 0.1906289675242
 0.5226309440948
 0.2010119711008
 0.5199074929324
 0.2113643270616
 0.5169870712254
 0.2216825028112
 0.5138698511618
 0.2319629626591
 0.5105560641091
 0.2422021687316
 0.5070460007385
 0.2523965818860
 0.5033400111347
 0.2625426626275
 0.4994385048941
 0.2726368720267
 0.4953419512106
 0.2826756726399
 0.4910508789473
 0.2926555294301
 0.4865658766970
 0.3025729106902
 0.4818875928291
 0.3124242889669
 0.4770167355241
 0.3222061419855
 0.4719540727952
 0.3319149535765
 0.4667004324978
 0.3415472146019
 0.4612567023249
 0.3510994238832
 0.4556238297915
 0.3605680891290
 0.4498028222050
 0.3699497278635
 0.4437947466237
 0.3792408683552
 0.4376007298018
 0.3884380505455
 0.4312219581224
 0.3975378269769
 0.4246596775176
 0.4065367637220
 0.4179151933755
 0.4154314413107
 0.4109898704356
 0.4242184556585
 0.4038851326698
 0.4328944189926
 0.3966024631528
 0.4414559607785
 0.3891434039179
 0.4498997286447
 0.3815095558018
 0.4582223893070
 0.3737025782756
 0.4664206294915
 0.3657241892638
 0.4744911568557
 0.3575761649506
 0.4824307009090
 0.3492603395737
 0.4902360139309
 0.3407786052052
 0.4979038718874
 0.3321329115204
 0.5054310753467
 0.3233252655538
 0.5128144503910
 0.3143577314430
 0.5200508495276
 0.3052324301593
 0.5271371525974
 0.2959515392269
 0.5340702676805
 0.2865172924288
 0.5408471319997
 0.2769319795008
 0.5474647128215
 0.2671979458131
 0.5539200083534
 0.2573175920391
 0.5602100486395
 0.2472933738124
 0.5663318964517
 0.2371278013712
 0.5722826481792
 0.2268234391905
 0.5780594347129
 0.2163829056019
 0.5836594223282
 0.2058088724016
 0.5890798135624
 0.1951040644458
 0.5943178480901
 0.1842712592339
 0.5993708035935
 0.1733132864797
 0.6042359966289
 0.1622330276709
 0.6089107834900
 0.1510334156156
 0.6133925610660
 0.1397174339778
 0.6176787676956
 0.1282881167999
 0.6217668840167
 0.1167485480140
 0.6256544338115
 0.1051018609410
 0.6293389848468
 0.0933512377773
 0.6328181497092
 0.0814999090706
 0.6360895866361
 0.0695511531830
 0.6391510003403
 0.0575082957428
 0.6420001428310
 0.0453747090839
 0.6446348142281
 0.0331538116746
 0.6470528635714
 0.0208490675334
 0.6492521896252
 0.0084639856339
 0.6512307416754
-0.0039978807020
 0.6529865203223
-0.0165329344226
 0.6545175782668
-0.0291375353764
 0.6558220210906
-0.0418080009540
 0.6568980080299
-0.0545406067404
 0.6577437527437
-0.0673315871802
 0.6583575240746
-0.0801771362529
 0.6587376468035
-0.0930734081604
 0.6588825023981
-0.1060165180253
 0.6587905297536
-0.1190025426008
 0.6584602259271
-0.1320275209916
 0.6578901468651
-0.1450874553860
 0.6570789081236
-0.1581783117996
 0.6560251855806
-0.1712960208292
 0.6547277161419
-0.1844364784185
 0.6531852984386
-0.1975955466347
 0.6513967935179
-0.2107690544558
 0.6493611255250
-0.2239527985690
 0.6470772823783
-0.2371425441800
 0.6445443164353
-0.2503340258330
 0.6417613451519
-0.2635229482414
 0.6387275517319
-0.2767049871300
 0.6354421857695
-0.2898757900865
 0.6319045638820
-0.3030309774250
 0.6281140703352
-0.3161661430595
 0.6240701576591
-0.3292768553876
 0.6197723472552
-0.3423586581855
 0.6152202299946
-0.3554070715128
 0.6104134668073
-0.3684175926280
 0.6053517892618
-0.3813856969144
 0.6000350001361
-0.3943068388161
 0.5944629739784
-0.4071764527842
 0.5886356576586
-0.4199899542336
 0.5825530709105
-0.4327427405096
 0.5762153068634
-0.4454301918645
 0.5696225325641
-0.4580476724448
 0.5627749894890
-0.4705905312876
 0.5556729940457
-0.4830541033277
 0.5483169380645
-0.4954337104141
 0.5407072892791
-0.5077246623363
 0.5328445917970
-0.5199222578608
 0.5247294665594
-0.5320217857769
 0.5163626117895
-0.5440185259523
 0.5077448034308
-0.5559077503983
 0.4988768955735
-0.5676847243445
 0.4897598208702
-0.5793447073234
 0.4803945909398
-0.5908829542633
 0.4707822967605
-0.6022947165921
 0.4609241090506
-0.6135752433492
 0.4508212786378
-0.6247197823070
 0.4404751368171
-0.6357235811021
 0.4298870956956
-0.6465818883746
 0.4190586485262
-0.6572899549175
 0.4079913700285
-0.6678430348344
 0.3966869166974
-0.6782363867063
 0.3851470270994
-0.6884652747675
 0.3733735221558
-0.6985249700900
 0.3613683054133
-0.7084107517768
 0.3491333633017
-0.7181179081636
 0.3366707653785
-0.7276417380298
 0.3239826645603
-0.7369775518168
 0.3110712973408
-0.7461206728563
 0.2979389839948
-0.7550664386055
 0.2845881287697
-0.7638102018917
 0.2710212200624
-0.7723473321645
 0.2572408305820
-0.7806732167564
 0.2432496174994
-0.7887832621518
 0.2290503225816
-0.7966728952632
 0.2146457723129
-0.8043375647161
 0.2000388779999
-0.8117727421416
 0.1852326358638
-0.8189739234765
 0.1702301271163
-0.8259366302713
 0.1550345180214
-0.8326564110058
 0.1396490599416
-0.8391288424125
 0.1240770893696
-0.8453495308067
 0.1083220279436
-0.8513141134249
 0.0923873824480
-0.8570182597697
 0.0762767447976
-0.8624576729627
 0.0599937920064
-0.8676280911037
 0.0435422861403
-0.8725252886372
 0.0269260742537
-0.8771450777264
 0.0101490883091
-0.8814833096328
-0.0067846549183
-0.8855358761042
-0.0238710539547
-0.8892987107676
-0.0411059227567
-0.8927677905299
-0.0584849908586
-0.8959391369847
-0.0760039035360
-0.8988088178251
-0.0936582219874
-0.9013729482633
-0.1114434235327
-0.9036276924559
-0.1293549018300
-0.9055692649357
-0.1473879671092
-0.9071939320489
-0.1655378464248
-0.9084980133986
-0.1837996839259
-0.9094778832937
-0.2021685411450
-0.9101299722036
-0.2206393973054
-0.9104507682184
-0.2392071496468
-0.9104368185144
-0.2578666137703
-0.9100847308248
-0.2766125240018
-0.9093911749156
-0.2954395337755
-0.9083528840668
-0.3143422160362
-0.9069666565582
-0.3333150636610
-0.9052293571599
-0.3523524899013
-0.9031379186275
-0.3714488288444
-0.9006893432024
-0.3905983358957
-0.8978807041155
-0.4097951882804
-0.8947091470961
-0.4290334855664
-0.8911718918842
-0.4483072502080
-0.8872662337471
-0.4676104281096
-0.8829895450001
-0.4869368892118
-0.8783392765303
-0.5062804280976
-0.8733129593245
-0.5256347646211
-0.8679082060003
-0.5449935445568
-0.8621227123403
-0.5643503402720
-0.8559542588299
-0.5836986514202
-0.8494007121971
-0.6030319056576
-0.8424600269566
-0.6223434593818
-0.8351302469546
-0.6416265984929
-0.8274095069181
-0.6608745391785
-0.8192960340049
-0.6800804287202
-0.8107881493565
-0.6992373463253
-0.8018842696527
-0.7183383039808
-0.7925829086683
-0.7373762473315
-0.7828826788311
-0.7563440565823
-0.7727822927812
-0.7752345474246
-0.7622805649320
-0.7940404719868
-0.7513764130318
-0.8127545198101
-0.7400688597267
-0.8313693188488
-0.7283570341233
-0.8498774364953
-0.7162401733533
-0.8682713806317
-0.7037176241367
-0.8865436007054
-0.6907888443464
-0.9046864888315
-0.6774534045718
-0.9226923809210
-0.6637109896822
-0.9405535578356
-0.6495614003904
-0.9582622465678
-0.6350045548138
-0.9758106214494
-0.6200404900361
-0.9931908053859
-0.6046693636672
-1.0103948711184
-0.5888914554009
-1.0274148425127
-0.5727071685719
-1.0442426958769
-0.5561170317100
-1.0608703613062
-0.5391217000928
-1.0772897240563
-0.5217219572950
-1.0934926259447
-0.5039187167358
-1.1094708667820
-0.4857130232231
-1.1252162058305
-0.4671060544936
-1.1407203632935
-0.4480991227508
-1.1559750218331
-0.4286936761978
-1.1709718281185
-0.4088913005670
-1.1857023944035
-0.3886937206445
-1.2001583001352
-0.3681028017909
-1.2143310935925
-0.3471205514562
-1.2282122935561
-0.3257491206897
-1.2417933910086
-0.3039908056442
-1.2550658508673
-0.2818480490750
-1.2680211137475
-0.2593234418313
-1.2806505977584
-0.2364197243426
-1.2929457003305
-0.2131397880969
-1.3048978000767
-0.1894866771123
-1.3164982586848
-0.1654635894013
-1.3277384228439
-0.1410738784263
-1.3386096262037
-0.1163210545477
-1.3491031913681
-0.0912087864627
-1.3592104319215
-0.0657409026356
-1.3689226544907
-0.0399213927184
-1.3782311608403
-0.0137544089615
-1.3871272500033
 0.0127557323855
-1.3956022204468
 0.0396045496838
-1.4036473722729
 0.0667873945259
-1.4112540094556
 0.0942994503683
-1.4184134421133
 0.1221357311758
-1.4251169888183
 0.1502910800770
-1.4313559789417
 0.1787601680344
-1.4371217550367
 0.2075374925258
-1.4424056752581
 0.2366173762408
-1.4471991158197
 0.2659939657900
-1.4514934734893
 0.2956612304300
-1.4552801681226
 0.3256129608026
-1.4585506452347
 0.3558427676896
-1.4612963786109
 0.3863440807842
-1.4635088729565
 0.4171101474781
-1.4651796665864
 0.4481340316663
-1.4663003341539
 0.4794086125690
-1.4668624894198
 0.5109265835722
-1.4668577880627
 0.5426804510861
-1.4662779305286
 0.5746625334236
-1.4651146649228
 0.6068649596981
-1.4633597899431
 0.6392796687420
-1.4610051578540
 0.6718984080455
-1.4580426775040
 0.7047127327178
-1.4544643173845
 0.7377140044701
-1.4502621087320
 0.7708933906215
-1.4454281486731
 0.8042418631279
-1.4399546034135
 0.8377501976360
-1.4338337114698
 0.8714089725610
-1.4270577869465
 0.9052085681904
-1.4196192228569
 0.9391391658139
-1.4115104944889
 0.9731907468794
-1.4027241628161
 1.0073530921780
-1.3932528779540
 1.0416157810557
-1.3830893826629
 1.0759681906552
-1.3722265158965
 1.1103994951869
-1.3606572163965
 1.1448986652306
-1.3483745263355
 1.1794544670690
-1.3353715950056
 1.2140554620523
-1.3216416825561
 1.2486900059970
-1.3071781637780
 1.2833462486171
-1.2919745319372
 1.3180121329915
-1.2760244026568
 1.3526753950652
-1.2593215178479
 1.3873235631884
-1.2418597496900
 1.4219439576919
-1.2236331046606
 1.4565236905008
-1.2046357276160
 1.4910496647876
-1.1848619059217
 1.5255085746655
-1.1643060736332
 1.5598869049218
-1.1429628157293
 1.5941709307945
-1.1208268723954
 1.6283467177913
-1.0978931433595
 1.6624001215522
-1.0741566922804
 1.6963167877583
-1.0496127511879
 1.7300821520855
-1.0242567249760
 1.7636814402066
-0.9980841959501
 1.7970996678406
-0.9710909284265
 1.8303216408523
-0.9432728733867
 1.8633319554021
-0.9146261731858
 1.8961149981477
-0.8851471663152
 1.9286549464984
-0.8548323922204
 1.9609357689244
-0.8236785961742
 1.9929412253203
-0.7916827342052
 2.0246548674265
-0.7588419780822
 2.0560600393074
-0.7251537203555
 2.0871398778899
-0.6906155794537
 2.1178773135619
-0.6552254048383
 2.1482550708326
-0.6189812822149
 2.1782556690565
-0.5818815388025
 2.2078614232223
-0.5439247486600
 2.2370544448072
-0.5051097380714
 2.2658166427001
-0.4654355909887
 2.2941297241924
-0.4249016545349
 2.3219751960410
-0.3835075445642
 2.3493343656024
-0.3412531512829
 2.3761883420413
-0.2981386449294
 2.4025180376144
-0.2541644815143
 2.4283041690312
-0.2093314086201
 2.4535272588933
-0.1636404712618
 2.4781676372154
-0.1170930178082
 2.5022054430265
-0.0696907059635
 2.5256206260572
-0.0214355088112
 2.5483929485110
 0.0276702790820
 2.5705019869249
 0.0776240354998
 2.5919271341178
 0.1284228043482
 2.6126476012322
 0.0776240354998
-2.5919271341178
 0.0276702790820
-2.5705019869249
-0.0214355088112
-2.5483929485110
-0.0696907059635
-2.5256206260572
-0.1170930178082
-2.5022054430265
-0.1636404712618
-2.4781676372154
-0.2093314086201
-2.4535272588933
-0.2541644815143
-2.4283041690312
-0.2981386449294
-2.4025180376144
-0.3412531512829
-2.3761883420413
-0.3835075445642
-2.3493343656024
-0.4249016545349
-2.3219751960410
-0.4654355909887
-2.2941297241924
-0.5051097380714
-2.2658166427001
-0.5439247486600
-2.2370544448072
-0.5818815388025
-2.2078614232223
-0.6189812822149
-2.1782556690565
-0.6552254048383
-2.1482550708326
-0.6906155794537
-2.1178773135619
-0.7251537203555
-2.0871398778899
-0.7588419780822
-2.0560600393074
-0.7916827342052
-2.0246548674265
-0.8236785961742
-1.9929412253203
-0.8548323922204
-1.9609357689244
-0.8851471663152
-1.9286549464984
-0.9146261731858
-1.8961149981477
-0.9432728733867
-1.8633319554021
-0.9710909284265
-1.8303216408523
-0.9980841959501
-1.7970996678406
-1.0242567249760
-1.7636814402066
-1.0496127511879
-1.7300821520855
-1.0741566922804
-1.6963167877583
-1.0978931433595
-1.6624001215522
-1.1208268723954
-1.6283467177913
-1.1429628157293
-1.5941709307945
-1.1643060736332
-1.5598869049218
-1.1848619059217
-1.5255085746655
-1.2046357276160
-1.4910496647876
-1.2236331046606
-1.4565236905008
-1.2418597496900
-1.4219439576919
-1.2593215178479
-1.3873235631884
-1.2760244026568
-1.3526753950652
-1.2919745319372
-1.3180121329915
-1.3071781637780
-1.2833462486171
-1.3216416825561
-1.2486900059970
-1.3353715950056
-1.2140554620523
-1.3483745263355
-1.1794544670690
-1.3606572163965
-1.1448986652306
-1.3722265158965
-1.1103994951869
-1.3830893826629
-1.0759681906552
-1.3932528779540
-1.0416157810557
-1.4027241628161
-1.0073530921780
-1.4115104944889
-0.9731907468794
-1.4196192228569
-0.9391391658139
-1.4270577869465
-0.9052085681904
-1.4338337114698
-0.8714089725610
-1.4399546034135
-0.8377501976360
-1.4454281486731
-0.8042418631279
-1.4502621087320
-0.7708933906215
-1.4544643173845
-0.7377140044701
-1.4580426775040
-0.7047127327178
-1.4610051578540
-0.6718984080455
-1.4633597899431
-0.6392796687420
-1.4651146649228
-0.6068649596981
-1.4662779305286
-0.5746625334236
-1.4668577880627
-0.5426804510861
-1.4668624894198
-0.5109265835722
-1.4663003341539
-0.4794086125690
-1.4651796665864
-0.4481340316663
-1.4635088729565
-0.4171101474781
-1.4612963786109
-0.3863440807842
-1.4585506452347
-0.3558427676896
-1.4552801681226
-0.3256129608026
-1.4514934734893
-0.2956612304300
-1.4471991158197
-0.2659939657900
-1.4424056752581
-0.2366173762408
-1.4371217550367
-0.2075374925258
-1.4313559789417
-0.1787601680344
-1.4251169888183
-0.1502910800770
-1.4184134421133
-0.1221357311758
-1.4112540094556
-0.0942994503683
-1.4036473722729
-0.0667873945259
-1.3956022204468
-0.0396045496838
-1.3871272500033
-0.0127557323855
-1.3782311608403
 0.0137544089615
-1.3689226544907
 0.0399213927184
-1.3592104319215
 0.0657409026356
-1.3491031913681
 0.0912087864627
-1.3386096262037
 0.1163210545477
-1.3277384228439
 0.1410738784263
-1.3164982586848
 0.1654635894013
-1.3048978000767
 0.1894866771123
-1.2929457003305
 0.2131397880969
-1.2806505977584
 0.2364197243426
-1.2680211137475
 0.2593234418313
-1.2550658508673
 0.2818480490750
-1.2417933910086
 0.3039908056442
-1.2282122935561
 0.3257491206897
-1.2143310935925
 0.3471205514562
-1.2001583001352
 0.3681028017909
-1.1857023944035
 0.3886937206445
-1.1709718281185
 0.4088913005670
-1.1559750218331
 0.4286936761978
-1.1407203632935
 0.4480991227508
-1.1252162058305
 0.4671060544936
-1.1094708667820
 0.4857130232231
-1.0934926259447
 0.5039187167358
-1.0772897240563
 0.5217219572950
-1.0608703613062
 0.5391217000928
-1.0442426958769
 0.5561170317100
-1.0274148425127
 0.5727071685719
-1.0103948711184
 0.5888914554009
-0.9931908053859
 0.6046693636672
-0.9758106214494
 0.6200404900361
-0.9582622465678
 0.6350045548138
-0.9405535578356
 0.6495614003904
-0.9226923809210
 0.6637109896822
-0.9046864888315
 0.6774534045718
-0.8865436007054
 0.6907888443464
-0.8682713806317
 0.7037176241367
-0.8498774364953
 0.7162401733533
-0.8313693188488
 0.7283570341233
-0.8127545198101
 0.7400688597267
-0.7940404719868
 0.7513764130318
-0.7752345474246
 0.7622805649320
-0.7563440565823
 0.7727822927812
-0.7373762473315
 0.7828826788311
-0.7183383039808
 0.7925829086683
-0.6992373463253
 0.8018842696527
-0.6800804287202
 0.8107881493565
-0.6608745391785
 0.8192960340049
-0.6416265984929
 0.8274095069181
-0.6223434593818
 0.8351302469546
-0.6030319056576
 0.8424600269566
-0.5836986514202
 0.8494007121971
-0.5643503402720
 0.8559542588299
-0.5449935445568
 0.8621227123403
-0.5256347646211
 0.8679082060003
-0.5062804280976
 0.8733129593245
-0.4869368892118
 0.8783392765303
-0.4676104281096
 0.8829895450001
-0.4483072502080
 0.8872662337471
-0.4290334855664
 0.8911718918842
-0.4097951882804
 0.8947091470961
-0.3905983358957
 0.8978807041155
-0.3714488288444
 0.9006893432024
-0.3523524899013
 0.9031379186275
-0.3333150636610
 0.9052293571599
-0.3143422160362
 0.9069666565582
-0.2954395337755
 0.9083528840668
-0.2766125240018
 0.9093911749156
-0.2578666137703
 0.9100847308248
-0.2392071496468
 0.9104368185144
-0.2206393973054
 0.9104507682184
-0.2021685411450
 0.9101299722036
-0.1837996839259
 0.9094778832937
-0.1655378464248
 0.9084980133986
-0.1473879671092
 0.9071939320489
-0.1293549018300
 0.9055692649357
-0.1114434235327
 0.9036276924559
-0.0936582219874
 0.9013729482633
-0.0760039035360
 0.8988088178251
-0.0584849908586
 0.8959391369847
-0.0411059227567
 0.8927677905299
-0.0238710539547
 0.8892987107676
-0.0067846549183
 0.8855358761042
 0.0101490883091
 0.8814833096328
 0.0269260742537
 0.8771450777264
 0.0435422861403
 0.8725252886372
 0.0599937920064
 0.8676280911037
 0.0762767447976
 0.8624576729627
 0.0923873824480
 0.8570182597697
 0.1083220279436
 0.8513141134249
 0.1240770893696
 0.8453495308067
 0.1396490599416
 0.8391288424125
 0.1550345180214
 0.8326564110058
 0.1702301271163
 0.8259366302713
 0.1852326358638
 0.8189739234765
 0.2000388779999
 0.8117727421416
 0.2146457723129
 0.8043375647161
 0.2290503225816
 0.7966728952632
 0.2432496174994
 0.7887832621518
 0.2572408305820
 0.7806732167564
 0.2710212200624
 0.7723473321645
 0.2845881287697
 0.7638102018917
 0.2979389839948
 0.7550664386055
 0.3110712973408
 0.7461206728563
 0.3239826645603
 0.7369775518168
 0.3366707653785
 0.7276417380298
 0.3491333633017
 0.7181179081636
 0.3613683054133
 0.7084107517768
 0.3733735221558
 0.6985249700900
 0.3851470270994
 0.6884652747675
 0.3966869166974
 0.6782363867063
 0.4079913700285
 0.6678430348344
 0.4190586485262
 0.6572899549175
 0.4298870956956
 0.6465818883746
 0.4404751368171
 0.6357235811021
 0.4508212786378
 0.6247197823070
 0.4609241090506
 0.6135752433492
 0.4707822967605
 0.6022947165921
 0.4803945909398
 0.5908829542633
 0.4897598208702
 0.5793447073234
 0.4988768955735
 0.5676847243445
 0.5077448034308
 0.5559077503983
 0.5163626117895
 0.5440185259523
 0.5247294665594
 0.5320217857769
 0.5328445917970
 0.5199222578608
 0.5407072892791
 0.5077246623363
 0.5483169380645
 0.4954337104141
 0.5556729940457
 0.4830541033277
 0.5627749894890
 0.4705905312876
 0.5696225325641
 0.4580476724448
 0.5762153068634
 0.4454301918645
 0.5825530709105
 0.4327427405096
 0.5886356576586
 0.4199899542336
 0.5944629739784
 0.4071764527842
 0.6000350001361
 0.3943068388161
 0.6053517892618
 0.3813856969144
 0.6104134668073
 0.3684175926280
 0.6152202299946
 0.3554070715128
 0.6197723472552
 0.3423586581855
 0.6240701576591
 0.3292768553876
 0.6281140703352
 0.3161661430595
 0.6319045638820
 0.3030309774250
 0.6354421857695
 0.2898757900865
 0.6387275517319
 0.2767049871300
 0.6417613451519
 0.2635229482414
 0.6445443164353
 0.2503340258330
 0.6470772823783
 0.2371425441800
 0.6493611255250
 0.2239527985690
 0.6513967935179
 0.2107690544558
 0.6531852984386
 0.1975955466347
 0.6547277161419
 0.1844364784185
 0.6560251855806
 0.1712960208292
 0.6570789081236
 0.1581783117996
 0.6578901468651
 0.1450874553860
 0.6584602259271
 0.1320275209916
 0.6587905297536
 0.1190025426008
 0.6588825023981
 0.1060165180253
 0.6587376468035
 0.0930734081604
 0.6583575240746
 0.0801771362529
 0.6577437527437
 0.0673315871802
 0.6568980080299
 0.0545406067404
 0.6558220210906
 0.0418080009540
 0.6545175782668
 0.0291375353764
 0.6529865203223
 0.0165329344226
 0.6512307416754
 0.0039978807020
 0.6492521896252
-0.0084639856339
 0.6470528635714
-0.0208490675334
 0.6446348142281
-0.0331538116746
 0.6420001428310
-0.0453747090839
 0.6391510003403
-0.0575082957428
 0.6360895866361
-0.0695511531830
 0.6328181497092
-0.0814999090706
 0.6293389848468
-0.0933512377773
 0.6256544338115
-0.1051018609410
 0.6217668840167
-0.1167485480140
 0.6176787676956
-0.1282881167999
 0.6133925610660
-0.1397174339778
 0.6089107834900
-0.1510334156156
 0.6042359966289
-0.1622330276709
 0.5993708035935
-0.1733132864797
 0.5943178480901
-0.1842712592339
 0.5890798135624
-0.1951040644458
 0.5836594223282
-0.2058088724016
 0.5780594347129
-0.2163829056019
 0.5722826481792
-0.2268234391905
 0.5663318964517
-0.2371278013712
 0.5602100486395
-0.2472933738124
 0.5539200083534
-0.2573175920391
 0.5474647128215
-0.2671979458131
 0.5408471319997
-0.2769319795008
 0.5340702676805
-0.2865172924288
 0.5271371525974
-0.2959515392269
 0.5200508495276
-0.3052324301593
 0.5128144503910
-0.3143577314430
 0.5054310753467
-0.3233252655538
 0.4979038718874
-0.3321329115204
 0.4902360139309
-0.3407786052052
 0.4824307009090
-0.3492603395737
 0.4744911568557
-0.3575761649506
 0.4664206294915
-0.3657241892638
 0.4582223893070
-0.3737025782756
 0.4498997286447
-0.3815095558018
 0.4414559607785
-0.3891434039179
 0.4328944189926
-0.3966024631528
 0.4242184556585
-0.4038851326698
 0.4154314413107
-0.4109898704356
 0.4065367637220
-0.4179151933755
 0.3975378269769
-0.4246596775176
 0.3884380505455
-0.4312219581224
 0.3792408683552
-0.4376007298018
 0.3699497278635
-0.4437947466237
 0.3605680891290
-0.4498028222050
 0.3510994238832
-0.4556238297915
 0.3415472146019
-0.4612567023249
 0.3319149535765
-0.4667004324978
 0.3222061419855
-0.4719540727952
 0.3124242889669
-0.4770167355241
 0.3025729106902
-0.4818875928291
 0.2926555294301
-0.4865658766970
 0.2826756726399
-0.4910508789473
 0.2726368720267
-0.4953419512106
 0.2625426626275
-0.4994385048941
 0.2523965818860
-0.5033400111347
 0.2422021687316
-0.5070460007385
 0.2319629626591
-0.5105560641091
 0.2216825028112
-0.5138698511618
 0.2113643270616
-0.5169870712254
 0.2010119711008
-0.5199074929324
 0.1906289675242
-0.5226309440948
 0.1802188449217
-0.5251573115688
 0.1697851269707
-0.5274865411057
 0.1593313315314
-0.5296186371912
 0.1488609697442
-0.5315536628710
 0.1383775451310
-0.5332917395647
 0.1278845526990
-0.5348330468669
 0.1173854780480
-0.5361778223353
 0.1068837964807
-0.5373263612669
 0.0963829721173
-0.5382790164614
 0.0858864570128
-0.5390361979720
 0.0753976902790
-0.5395983728441
 0.0649200972103
-0.5399660648414
 0.0544570884136
-0.5401398541593
 0.0440120589423
-0.5401203771270
 0.0335883874353
-0.5399083258955
 0.0231894352608
-0.5395044481155
 0.0128185456639
-0.5389095466012
 0.0024790429205
-0.5381244789831
-0.0078257685045
-0.5371501573480
-0.0180926047934
-0.5359875478672
-0.0283182036063
-0.5346376704128
-0.0384993249063
-0.5331015981613
-0.0486327517784
-0.5313804571864
-0.0587152912433
-0.5294754260387
-0.0687437750640
-0.5273877353143
-0.0787150605469
-0.5251186672117
-0.0886260313358
-0.5226695550762
-0.0984735981999
-0.5200417829338
-0.1082546998144
-0.5172367850123
-0.1179663035343
-0.5142560452520
-0.1276054061613
-0.5111010968039
-0.1371690347032
-0.5077735215177
-0.1466542471256
-0.5042749494172
-0.1560581330963
-0.5006070581658
-0.1653778147219
-0.4967715725195
-0.1746104472759
-0.4927702637703
-0.1837532199193
-0.4886049491773
-0.1928033564129
-0.4842774913877
-0.2017581158200
-0.4797897978471
-0.2106147932023
-0.4751438201982
-0.2193707203051
-0.4703415536702
-0.2280232662353
-0.4653850364566
-0.2365698381284
-0.4602763490829
-0.2450078818081
-0.4550176137647
-0.2533348824349
-0.4496109937542
-0.2615483651459
-0.4440586926783
-0.2696458956847
-0.4383629538653
-0.2776250810210
-0.4325260596624
-0.2854835699604
-0.4265503307438
-0.2932190537441
-0.4204381254080
-0.3008292666374
-0.4141918388674
-0.3083119865086
-0.4078139025264
-0.3156650353964
-0.4013067832526
-0.3228862800666
-0.3946729826364
-0.3299736325580
-0.3879150362441
-0.3369250507167
-0.3810355128602
-0.3437385387190
-0.3740370137220
-0.3504121475832
-0.3669221717456
-0.3569439756695
-0.3596936507435
-0.3633321691677
-0.3523541446333
-0.3695749225733
-0.3449063766393
-0.3756704791518
-0.3373530984854
-0.3816171313896
-0.3296970895807
-0.3874132214338
-0.3219411561972
-0.3930571415186
-0.3140881306403
-0.3985473343788
-0.3061408704116
-0.4038822936516
-0.2981022573650
-0.4090605642641
-0.2899751968557
-0.4140807428081
-0.2817626168825
-0.4189414779025
-0.2734674672235
-0.4236414705405
-0.2650927185652
-0.4281794744252
-0.2566413616258
-0.4325542962901
-0.2481164062720
-0.4367647962068
-0.2395208806306
-0.4408098878780
-0.2308578301938
-0.4446885389170
-0.2221303169191
-0.4483997711127
-0.2133414183251
-0.4519426606808
-0.2044942265804
-0.4553163385001
-0.1955918475893
-0.4585199903345
-0.1866374000722
-0.4615528570404
-0.1776340146412
-0.4644142347596
-0.1685848328728
-0.4671034750968
-0.1594930063749
-0.4696199852830
-0.1503616958516
-0.4719632283228
-0.1411940701638
-0.4741327231278
-0.1319933053862
-0.4761280446339
-0.1227625838620
-0.4779488239038
-0.1135050932541
-0.4795947482134
-0.1042240255941
-0.4810655611239
-0.0949225763289
-0.4823610625373
-0.0856039433649
-0.4834811087369
-0.0762713261107
-0.4844256124117
-0.0669279245178
-0.4851945426651
-0.0575769381204
-0.4857879250086
-0.0482215650736
-0.4862058413378
-0.0388650011908
-0.4864484298946
-0.0295104389810
-0.4865158852118
-0.0201610666850
-0.4864084580423
-0.0108200673117
-0.4861264552723
-0.0014906176752
-0.4856702398181
 0.0078241125690
-0.4850402305066
 0.0171209618854
-0.4842369019402
 0.0263967778206
-0.4832607843450
 0.0356484179631
-0.4821124634026
 0.0448727509021
-0.4807925800662
 0.0540666571843
-0.4793018303596
 0.0632270302686
-0.4776409651612
 0.0723507774790
-0.4758107899699
 0.0814348209542
-0.4738121646563
 0.0904760985948
-0.4716460031971
 0.0994715650072
-0.4693132733925
 0.1084181924440
-0.4668149965683
 0.1173129717406
-0.4641522472614
 0.1261529132484
-0.4613261528888
 0.1349350477626
-0.4583378934009
 0.1436564274466
-0.4551887009180
 0.1523141267507
-0.4518798593514
 0.1609052433260
-0.4484127040079
 0.1694268989327
-0.4447886211782
 0.1778762403430
-0.4410090477100
 0.1862504402374
-0.4370754705642
 0.1945466980953
-0.4329894263563
 0.2027622410788
-0.4287525008810
 0.2108943249090
-0.4243663286221
 0.2189402347361
-0.4198325922458
 0.2268972860017
-0.4151530220793
 0.2347628252925
-0.4103293955735
 0.2425342311873
-0.4053635367507
 0.2502089150949
-0.4002573156366
 0.2577843220830
-0.3950126476774
 0.2652579316991
-0.3896314931424
 0.2726272587817
-0.3841158565112
 0.2798898542617
-0.3784677858457
 0.2870433059545
-0.3726893721488
 0.2940852393420
-0.3667827487076
 0.3010133183439
-0.3607500904224
 0.3078252460786
-0.3545936131219
 0.3145187656134
-0.3483155728642
 0.3210916607029
-0.3419182652239
 0.3275417565164
-0.3354040245657
 0.3338669203538
-0.3287752233042
 0.3400650623483
-0.3220342711509
 0.3461341361586
-0.3151836143472
 0.3520721396468
-0.3082257348857
 0.3578771155445
-0.3011631497178
 0.3635471521056
-0.2939984099487
 0.3690803837456
-0.2867341000212
 0.3744749916673
-0.2793728368861
 0.3797292044727
-0.2719172691614
 0.3848412987611
-0.2643700762799
 0.3898095997120
-0.2567339676252
 0.3946324816543
-0.2490116816562
 0.3993083686198
-0.2412059850216
 0.4038357348825
-0.2333196716627
 0.4082131054819
-0.2253555619066
 0.4124390567309
-0.2173165015486
 0.4165122167080
-0.2092053609250
 0.4204312657333
-0.2010250339766
 0.4241949368287
-0.1927784373020
 0.4278020161612
-0.1844685092031
 0.4312513434698
-0.1760982087204
 0.4345418124751
-0.1676705146608
 0.4376723712728
-0.1591884246174
 0.4406420227090
-0.1506549539803
 0.4434498247384
-0.1420731349410
 0.4460948907651
-0.1334460154887
 0.4485763899650
-0.1247766584006
 0.4508935475912
-0.1160681402243
 0.4530456452601
-0.1073235502553
 0.4550320212204
-0.0985459895076
 0.4568520706022
-0.0897385696789
 0.4585052456491
-0.0809044121104
 0.4599910559304
-0.0720466467424
 0.4613090685345
-0.0631684110644
 0.4624589082444
-0.0542728490609
 0.4634402576920
-0.0453631101545
 0.4642528574955
-0.0364423481441
 0.4648965063756
-0.0275137201405
 0.4653710612530
-0.0185803854995
 0.4656764373265
-0.0096455047520
 0.4658126081306
-0.0007122385323
 0.4657796055746
 0.0082162534954
 0.4655775199608
 0.0171368137116
 0.4652064999833
 0.0260462876174
 0.4646667527064
 0.0349415249106
 0.4639585435242
 0.0438193805623
 0.4630821960983
 0.0526767158932
 0.4620380922770
 0.0615103996491
 0.4608266719939
 0.0703173090759
 0.4594484331455
 0.0790943309927
 0.4579039314503
 0.0878383628635
 0.4561937802861
 0.0965463138667
 0.4543186505084
 0.1052151059620
 0.4522792702476
 0.1138416749544
 0.4500764246868
 0.1224229715550
 0.4477109558194
 0.1309559624375
 0.4451837621860
 0.1394376312918
 0.4424957985923
 0.1478649798715
 0.4396480758058
 0.1562350290381
 0.4366416602339
 0.1645448197986
 0.4334776735808
 0.1727914143383
 0.4301572924855
 0.1809718970467
 0.4266817481399
 0.1890833755381
 0.4230523258870
 0.1971229816637
 0.4192703648002
 0.2050878725184
 0.4153372572421
 0.2129752314379
 0.4112544484055
 0.2207822689895
 0.4070234358337
 0.2285062239533
 0.4026457689228
 0.2361443642952
 0.3981230484051
 0.2436939881306
 0.3934569258126
 0.2511524246784
 0.3886491029237
 0.2585170352053
 0.3837013311897
 0.2657852139592
 0.3786154111446
 0.2729543890929
 0.3733931917955
 0.2800220235755
 0.3680365699960
 0.2869856160939
 0.3625474898018
 0.2938427019408
 0.3569279418084
 0.3005908538920
 0.3511799624719
 0.3072276830705
 0.3453056334128
 0.3137508397976
 0.3393070807029
 0.3201580144316
 0.3331864741354
 0.3264469381923
 0.3269460264790
 0.3326153839713
 0.3205879927160
 0.3386611671296
 0.3141146692640
 0.3445821462789
 0.3075283931829
 0.3503762240490
 0.3008315413660
 0.3560413478404
 0.2940265297164
 0.3615755105601
 0.2871158123085
 0.3669767513433
 0.2801018805353
 0.3722431562578
 0.2729872622415
 0.3773728589921
 0.2657745208430
 0.3823640415280
 0.2584662544323
 0.3872149347949
 0.2510650948719
 0.3919238193074
 0.2435737068737
 0.3964890257858
 0.2359947870666
 0.4009089357586
 0.2283310630515
 0.4051819821467
 0.2205852924453
 0.4093066498298
 0.2127602619125
 0.4132814761946
 0.2048587861862
 0.4171050516631
 0.1968837070785
 0.4207760202037
 0.1888378924800
 0.4242930798217
 0.1807242353500
 0.4276549830311
 0.1725456526968
 0.4308605373072
 0.1643050845485
 0.4339086055187
 0.1560054929153
 0.4367981063404
 0.1476498607433
 0.4395280146456
 0.1392411908603
 0.4420973618783
 0.1307825049139
 0.4445052364054
 0.1222768423019
 0.4467507838475
 0.1137272590971
 0.4488332073894
 0.1051368269642
 0.4507517680704
 0.0965086320715
 0.4525057850524
 0.0878457739974
 0.4540946358679
 0.0791513646304
 0.4555177566465
 0.0704285270658
 0.4567746423201
 0.0616803944969
 0.4578648468066
 0.0529101091034
 0.4587879831725
 0.0441208209353
 0.4595437237738
 0.0353156867944
 0.4601318003751
 0.0264978691130
 0.4605520042476
 0.0176705348302
 0.4608041862448
 0.0088368542672
