 0.4608882568573
 0.0000000000000
 0.3773728589921
-0.2657745208430
 0.1562350290381
-0.4366416602339
-0.1247766584006
-0.4508935475912
-0.3667827487076
-0.3010133183439
-0.4832607843450
-0.0356484179631
-0.4281794744252
 0.2566413616258
-0.2106147932023
 0.4751438201982
 0.1068837964807
 0.5373263612669
 0.4242184556585
 0.4038851326698
 0.6293389848468
 0.0933512377773
 0.6281140703352
-0.3161661430595
 0.3733735221558
-0.6985249700900
-0.1114434235327
-0.9036276924559
-0.7183383039808
-0.7925829086683
-1.2550658508673
-0.2818480490750
-1.4651146649228
 0.6068649596981
-1.0741566922804
 1.6963167877583
 0.1284228043482
 2.6126476012322
-1.0741566922804
-1.6963167877583
-1.4651146649228
-0.6068649596981
-1.2550658508673
 0.2818480490750
-0.7183383039808
 0.7925829086683
-0.1114434235327
 0.9036276924559
 0.3733735221558
 0.6985249700900
 0.6281140703352
 0.3161661430595
 0.6293389848468
-0.0933512377773
 0.4242184556585
-0.4038851326698
 0.1068837964807
-0.5373263612669
-0.2106147932023
-0.4751438201982
-0.4281794744252
-0.2566413616258
-0.4832607843450
 0.0356484179631
-0.3667827487076
 0.3010133183439
-0.1247766584006
 0.4508935475912
 0.1562350290381
 0.4366416602339
 0.3773728589921
 0.2657745208430
