 0.6145185100108
 0.0000000000000
 0.6135099065098
-0.0353303993705
 0.6104873171026
-0.0705466278190
 0.6054603945208
-0.1055348794482
 0.5984451915026
-0.1401820771406
 0.5894641082150
-0.1743762337791
 0.5785458189270
-0.2080068096805
 0.5657251782184
-0.2409650650061
 0.5510431070837
-0.2731444059352
 0.5345464593658
-0.3044407234154
 0.5162878690325
-0.3347527233373
 0.4963255788745
-0.3639822470166
 0.4747232512759
-0.3920345809113
 0.4515497617707
-0.4188187545481
 0.4268789761605
-0.4442478256811
 0.4007895120266
-0.4682391517639
 0.3733644855200
-0.4907146468720
 0.3446912443660
-0.5116010232742
 0.3148610880578
-0.5308300169179
 0.2839689762581
-0.5483385961563
 0.2521132264598
-0.5640691531180
 0.2193952019840
-0.5779696771865
 0.1859189914214
-0.5899939101306
 0.1517910806408
-0.6001014824985
 0.1171200185002
-0.6082580309605
 0.0820160774083
-0.6144352963593
 0.0465909098873
-0.6186112022987
 0.0109572022842
-0.6207699141732
-0.0247716732227
-0.6209018786130
-0.0604820071912
-0.6190038433867
-0.0960601009353
-0.6150788578746
-0.1313926128995
-0.6091362542883
-0.1663669023095
-0.6011916098791
-0.2008713690491
-0.5912666904371
-0.2347957887429
-0.5793893754422
-0.2680316420588
-0.5655935652848
-0.3004724372790
-0.5499190710247
-0.3320140252305
-0.5324114872087
-0.3625549057046
-0.5131220483123
-0.3919965245407
-0.4921074694130
-0.4202435605962
-0.4694297717440
-0.4472042018692
-0.4451560938105
-0.4727904100915
-0.4193584887851
-0.4969181731600
-0.3921137089245
-0.5195077448212
-0.3635029777789
-0.5404838710798
-0.3336117509807
-0.5597760028498
-0.3025294664240
-0.5773184944196
-0.2703492846545
-0.5930507873539
-0.2371678203040
-0.6069175795043
-0.2030848654110
-0.6188689788531
-0.1682031054725
-0.6288606419621
-0.1326278290739
-0.6368538968467
-0.0964666319436
-0.6428158501436
-0.0598291162738
-0.6467194784858
-0.0228265861430
-0.6485437040419
 0.0144282601346
-0.6482734542218
 0.0518216399160
-0.6458997055884
 0.0892389975942
-0.6414195120594
 0.1265653166313
-0.6348360175156
 0.1636854314951
-0.6261584529707
 0.2004843387455
-0.6154021184921
 0.2368475065439
-0.6025883500911
 0.2726611818750
-0.5877444718339
 0.3078126947974
-0.5709037334501
 0.3421907590591
-0.5521052337442
 0.3756857684419
-0.5313938301359
 0.4081900882209
-0.5088200346814
 0.4395983411524
-0.4844398969436
 0.4698076874301
-0.4583148741020
 0.4987180980733
-0.4305116887051
 0.5262326212402
-0.4011021744864
 0.5522576409842
-0.3701631106766
 0.5767031279963
-0.3377760452557
 0.5994828819066
-0.3040271075992
 0.6205147647399
-0.2690068109818
 0.6397209251481
-0.2328098454064
 0.6570280130673
-0.1955348612344
 0.6723673844717
-0.1572842440965
 0.6856752959197
-0.1181638815663
 0.6968930886143
-0.0782829220805
 0.7059673617186
-0.0377535265925
 0.7128501346930
 0.0033093865570
 0.7174989984401
 0.0447884030654
 0.7198772550653
 0.0865638799096
 0.7199540460807
 0.1285142179203
 0.7177044688987
 0.1705161392129
 0.7131096814818
 0.2124449690012
 0.7061569950300
 0.2541749213232
 0.6968399546073
 0.2955793882149
 0.6851584076218
 0.3365312318705
 0.6711185600926
 0.3769030793357
 0.6547330206469
 0.4165676192820
 0.6360208322088
 0.4553979004216
 0.6150074913514
 0.4932676311211
 0.5917249552965
 0.5300514797849
 0.5662116365596
 0.5656253755810
 0.5385123852451
 0.5998668090896
 0.5086784590110
 0.6326551324589
 0.4767674807290
 0.6638718586628
 0.4428433838748
 0.6934009594541
 0.4069763456939
 0.7211291616200
 0.3692427081943
 0.7469462411455
 0.3297248870242
 0.7707453148987
 0.2885112683015
 0.7924231294584
 0.2456960934663
 0.8118803467039
 0.2013793322351
 0.8290218257967
 0.1556665437388
 0.8437569011843
 0.1086687259342
 0.8559996562610
 0.0605021533817
 0.8656691923246
 0.0112882034867
 0.8726898924693
-0.0388468286929
 0.8769916800580
-0.0897719269670
 0.8785102714212
-0.1413515617524
 0.8771874224279
-0.1934459089153
 0.8729711685777
-0.2459110796024
 0.8658160582642
-0.2985993609382
 0.8556833788569
-0.3513594674644
 0.8425413752541
-0.4040368031953
 0.8263654605523
-0.4564737341568
 0.8071384184825
-0.5085098712738
 0.7848505972574
-0.5599823634703
 0.7595000944755
-0.6107262008375
 0.7310929327215
-0.6605745277251
 0.6996432255034
-0.7093589656056
 0.6651733331605
-0.7569099455574
 0.6277140083725
-0.8030570502065
 0.5873045308989
-0.8476293649631
 0.5439928311672
-0.8904558383844
 0.4978356023281
-0.9313656514863
 0.4488984003886
-0.9701885958240
 0.3972557320247
-1.0067554601531
 0.3429911296739
-1.0408984254745
 0.2861972134955
-1.0724514682617
 0.2269757397816
-1.1012507716579
 0.1654376353945
-1.1271351444217
 0.1017030177939
-1.1499464473926
 0.0359012002133
-1.1695300272345
-0.0318293184686
-1.1857351572056
-0.1013408796217
-1.1984154846906
-0.1724767069966
-1.2074294852180
-0.2450709655768
-1.2126409226724
-0.3189488376428
-1.2139193153953
-0.3939266165529
-1.2111404078540
-0.4698118187534
-1.2041866475390
-0.5464033145454
-1.1929476667349
-0.6234914781441
-1.1773207687888
-0.7008583575787
-1.1572114184798
-0.7782778649943
-1.1325337360741
-0.8555159879248
-1.1032109946229
-0.9323310221217
-1.0691761200423
-1.0084738265315
-1.0303721934814
-1.0836881010277
-0.9867529554665
-1.1577106875142
-0.9382833112726
-1.2302718950256
-0.8849398369511
-1.3010958494638
-0.8267112854061
-1.3699008686175
-0.7635990918837
-1.4363998631208
-0.6956178782005
-1.5003007640188
-0.6227959550074
-1.5613069776128
-0.5451758213429
-1.6191178682688
-0.4628146606980
-1.6734292698774
-0.3757848327702
-1.7239340266620
-0.2841743600496
-1.7703225640350
-0.1880874083339
-1.8122834902109
-0.0876447602321
-1.8495042292825
 0.0170157193304
-1.8816716864785
 0.1257386266323
-1.9084729463146
 0.2383505727753
-1.9295960043592
 0.3546597485152
-1.9447305333323
 0.4744555014655
-1.9535686842605
 0.5975079268738
-1.9558059234096
 0.7235674732136
-1.9511419057207
 0.8523645638764
-1.9392813854773
 0.9836092362855
-1.9199351649347
 1.1169907997891
-1.8928210816500
 1.2521775137282
-1.8576650352581
 1.3888162870974
-1.8142020544546
 1.5265324012520
-1.7621774049609
 1.6649292571271
-1.7013477392744
 1.8035881484581
-1.6314822890356
 1.9420680624973
-1.5523641008905
 2.0799055097250
-1.4637913167767
 2.2166143840498
-1.3655784996387
 2.3516858549776
-1.2575580056605
 2.4845882932078
-1.1395814042225
 2.6147672310808
-1.0115209469226
 2.7416453592569
-0.8732710871808
 2.8646225609561
-0.7247500521511
 2.9830759850149
-0.5659014689269
 3.0963601589470
-0.3966960473376
 3.2038071430984
-0.2171333220093
 3.3047267268939
-0.0272434568203
 3.3984066680605
 0.1729108845775
 3.4841129755993
-0.0272434568203
-3.3984066680605
-0.2171333220093
-3.3047267268939
-0.3966960473376
-3.2038071430984
-0.5659014689269
-3.0963601589470
-0.7247500521511
-2.9830759850149
-0.8732710871808
-2.8646225609561
-1.0115209469226
-2.7416453592569
-1.1395814042225
-2.6147672310808
-1.2575580056605
-2.4845882932078
-1.3655784996387
-2.3516858549776
-1.4637913167767
-2.2166143840498
-1.5523641008905
-2.0799055097250
-1.6314822890356
-1.9420680624973
-1.7013477392744
-1.8035881484581
-1.7621774049609
-1.6649292571271
-1.8142020544546
-1.5265324012520
-1.8576650352581
-1.3888162870974
-1.8928210816500
-1.2521775137282
-1.9199351649347
-1.1169907997891
-1.9392813854773
-0.9836092362855
-1.9511419057207
-0.8523645638764
-1.9558059234096
-0.7235674732136
-1.9535686842605
-0.5975079268738
-1.9447305333323
-0.4744555014655
-1.9295960043592
-0.3546597485152
-1.9084729463146
-0.2383505727753
-1.8816716864785
-0.1257386266323
-1.8495042292825
-0.0170157193304
-1.8122834902109
 0.0876447602321
-1.7703225640350
 0.1880874083339
-1.7239340266620
 0.2841743600496
-1.6734292698774
 0.3757848327702
-1.6191178682688
 0.4628146606980
-1.5613069776128
 0.5451758213429
-1.5003007640188
 0.6227959550074
-1.4363998631208
 0.6956178782005
-1.3699008686175
 0.7635990918837
-1.3010958494638
 0.8267112854061
-1.2302718950256
 0.8849398369511
-1.1577106875142
 0.9382833112726
-1.0836881010277
 0.9867529554665
-1.0084738265315
 1.0303721934814
-0.9323310221217
 1.0691761200423
-0.8555159879248
 1.1032109946229
-0.7782778649943
 1.1325337360741
-0.7008583575787
 1.1572114184798
-0.6234914781441
 1.1773207687888
-0.5464033145454
 1.1929476667349
-0.4698118187534
 1.2041866475390
-0.3939266165529
 1.2111404078540
-0.3189488376428
 1.2139193153953
-0.2450709655768
 1.2126409226724
-0.1724767069966
 1.2074294852180
-0.1013408796217
 1.1984154846906
-0.0318293184686
 1.1857351572056
 0.0359012002133
 1.1695300272345
 0.1017030177939
 1.1499464473926
 0.1654376353945
 1.1271351444217
 0.2269757397816
 1.1012507716579
 0.2861972134955
 1.0724514682617
 0.3429911296739
 1.0408984254745
 0.3972557320247
 1.0067554601531
 0.4488984003886
 0.9701885958240
 0.4978356023281
 0.9313656514863
 0.5439928311672
 0.8904558383844
 0.5873045308989
 0.8476293649631
 0.6277140083725
 0.8030570502065
 0.6651733331605
 0.7569099455574
 0.6996432255034
 0.7093589656056
 0.7310929327215
 0.6605745277251
 0.7595000944755
 0.6107262008375
 0.7848505972574
 0.5599823634703
 0.8071384184825
 0.5085098712738
 0.8263654605523
 0.4564737341568
 0.8425413752541
 0.4040368031953
 0.8556833788569
 0.3513594674644
 0.8658160582642
 0.2985993609382
 0.8729711685777
 0.2459110796024
 0.8771874224279
 0.1934459089153
 0.8785102714212
 0.1413515617524
 0.8769916800580
 0.0897719269670
 0.8726898924693
 0.0388468286929
 0.8656691923246
-0.0112882034867
 0.8559996562610
-0.0605021533817
 0.8437569011843
-0.1086687259342
 0.8290218257967
-0.1556665437388
 0.8118803467039
-0.2013793322351
 0.7924231294584
-0.2456960934663
 0.7707453148987
-0.2885112683015
 0.7469462411455
-0.3297248870242
 0.7211291616200
-0.3692427081943
 0.6934009594541
-0.4069763456939
 0.6638718586628
-0.4428433838748
 0.6326551324589
-0.4767674807290
 0.5998668090896
-0.5086784590110
 0.5656253755810
-0.5385123852451
 0.5300514797849
-0.5662116365596
 0.4932676311211
-0.5917249552965
 0.4553979004216
-0.6150074913514
 0.4165676192820
-0.6360208322088
 0.3769030793357
-0.6547330206469
 0.3365312318705
-0.6711185600926
 0.2955793882149
-0.6851584076218
 0.2541749213232
-0.6968399546073
 0.2124449690012
-0.7061569950300
 0.1705161392129
-0.7131096814818
 0.1285142179203
-0.7177044688987
 0.0865638799096
-0.7199540460807
 0.0447884030654
-0.7198772550653
 0.0033093865570
-0.7174989984401
-0.0377535265925
-0.7128501346930
-0.0782829220805
-0.7059673617186
-0.1181638815663
-0.6968930886143
-0.1572842440965
-0.6856752959197
-0.1955348612344
-0.6723673844717
-0.2328098454064
-0.6570280130673
-0.2690068109818
-0.6397209251481
-0.3040271075992
-0.6205147647399
-0.3377760452557
-0.5994828819066
-0.3701631106766
-0.5767031279963
-0.4011021744864
-0.5522576409842
-0.4305116887051
-0.5262326212402
-0.4583148741020
-0.4987180980733
-0.4844398969436
-0.4698076874301
-0.5088200346814
-0.4395983411524
-0.5313938301359
-0.4081900882209
-0.5521052337442
-0.3756857684419
-0.5709037334501
-0.3421907590591
-0.5877444718339
-0.3078126947974
-0.6025883500911
-0.2726611818750
-0.6154021184921
-0.2368475065439
-0.6261584529707
-0.2004843387455
-0.6348360175156
-0.1636854314951
-0.6414195120594
-0.1265653166313
-0.6458997055884
-0.0892389975942
-0.6482734542218
-0.0518216399160
-0.6485437040419
-0.0144282601346
-0.6467194784858
 0.0228265861430
-0.6428158501436
 0.0598291162738
-0.6368538968467
 0.0964666319436
-0.6288606419621
 0.1326278290739
-0.6188689788531
 0.1682031054725
-0.6069175795043
 0.2030848654110
-0.5930507873539
 0.2371678203040
-0.5773184944196
 0.2703492846545
-0.5597760028498
 0.3025294664240
-0.5404838710798
 0.3336117509807
-0.5195077448212
 0.3635029777789
-0.4969181731600
 0.3921137089245
-0.4727904100915
 0.4193584887851
-0.4472042018692
 0.4451560938105
-0.4202435605962
 0.4694297717440
-0.3919965245407
 0.4921074694130
-0.3625549057046
 0.5131220483123
-0.3320140252305
 0.5324114872087
-0.3004724372790
 0.5499190710247
-0.2680316420588
 0.5655935652848
-0.2347957887429
 0.5793893754422
-0.2008713690491
 0.5912666904371
-0.1663669023095
 0.6011916098791
-0.1313926128995
 0.6091362542883
-0.0960601009353
 0.6150788578746
-0.0604820071912
 0.6190038433867
-0.0247716732227
 0.6209018786130
 0.0109572022842
 0.6207699141732
 0.0465909098873
 0.6186112022987
 0.0820160774083
 0.6144352963593
 0.1171200185002
 0.6082580309605
 0.1517910806408
 0.6001014824985
 0.1859189914214
 0.5899939101306
 0.2193952019840
 0.5779696771865
 0.2521132264598
 0.5640691531180
 0.2839689762581
 0.5483385961563
 0.3148610880578
 0.5308300169179
 0.3446912443660
 0.5116010232742
 0.3733644855200
 0.4907146468720
 0.4007895120266
 0.4682391517639
 0.4268789761605
 0.4442478256811
 0.4515497617707
 0.4188187545481
 0.4747232512759
 0.3920345809113
 0.4963255788745
 0.3639822470166
 0.5162878690325
 0.3347527233373
 0.5345464593658
 0.3044407234154
 0.5510431070837
 0.2731444059352
 0.5657251782184
 0.2409650650061
 0.5785458189270
 0.2080068096805
 0.5894641082150
 0.1743762337791
 0.5984451915026
 0.1401820771406
 0.6054603945208
 0.1055348794482
 0.6104873171026
 0.0705466278190
 0.6135099065098
 0.0353303993705
