 0.3840420222881
 0.0000000000000
 0.3836385945966
-0.0176673006312
 0.3824291359111
-0.0352980648945
 0.3804161176716
-0.0528558311473
 0.3776036531905
-0.0703042870323
 0.3739974890363
-0.0876073437046
 0.3696049930005
-0.1047292095631
 0.3644351386772
-0.1216344633221
 0.3584984866934
-0.1382881262614
 0.3518071626354
-0.1546557334964
 0.3443748317269
-0.1707034041118
 0.3362166703189
-0.1863979100049
 0.3273493342615
-0.2017067432911
 0.3177909242345
-0.2165981821232
 0.3075609481215
-0.2310413547861
 0.2966802805160
-0.2450063019298
 0.2851711194598
-0.2584640368084
 0.2730569405152
-0.2713866034016
 0.2603624482805
-0.2837471322972
 0.2471135254657
-0.2955198942217
 0.2333371796460
-0.3066803511113
 0.2190614878200
-0.3172052046230
 0.2043155389011
-0.3270724419904
 0.1891293742759
-0.3362613791395
 0.1735339265660
-0.3447527009822
 0.1575609567339
-0.3525284988170
 0.1412429896762
-0.3595723047704
 0.1246132484479
-0.3658691232221
 0.1077055872665
-0.3714054591641
 0.0905544234442
-0.3761693434501
 0.0731946683972
-0.3801503549024
 0.0556616578830
-0.3833396392475
 0.0379910816164
-0.3857299248609
 0.0202189124144
-0.3873155353098
 0.0023813350195
-0.3880923986884
-0.0154853252484
-0.3880580537487
-0.0333446738660
-0.3872116528361
-0.0511603183581
-0.3855539616474
-0.0688959392854
-0.3830873558340
-0.0865153608242
-0.3798158144820
-0.1039826208022
-0.3757449105046
-0.1212620400522
-0.3708817979909
-0.1383182909523
-0.3652351965605
-0.1551164650237
-0.3588153727779
-0.1716221394603
-0.3516341186880
-0.1878014424695
-0.3437047275390
-0.2036211173073
-0.3350419667622
-0.2190485848946
-0.3256620482849
-0.2340520049082
-0.3155825962573
-0.2486003352420
-0.3048226122757
-0.2626633897415
-0.2934024381914
-0.2762118941176
-0.2813437165966
-0.2892175399524
-0.2686693490809
-0.3016530367147
-0.2554034523578
-0.3134921617059
-0.2415713123604
-0.3247098078675
-0.2271993364087
-0.3352820293797
-0.2123150035546
-0.3451860849930
-0.1969468132095
-0.3544004790351
-0.1811242321634
-0.3629050000432
-0.1648776401040
-0.3706807569761
-0.1482382737463
-0.3777102129666
-0.1312381696831
-0.3839772165794
-0.1139101060674
-0.3894670305444
-0.0962875432381
-0.3941663579415
-0.0784045633996
-0.3980633658174
-0.0602958094664
-0.4011477062196
-0.0419964231832
-0.4034105346372
-0.0235419826288
-0.4048445258446
-0.0049684392130
-0.4054438871456
 0.0136879457262
-0.4052043690231
 0.0323906646197
-0.4041232732016
 0.0511030275539
-0.4021994581340
 0.0697882262448
-0.3994333419297
 0.0884093979975
-0.3958269027419
 0.1069296895538
-0.3913836766400
 0.1253123207297
-0.3861087529904
 0.1435206477486
-0.3800087673788
 0.1615182261786
-0.3730918921051
 0.1792688733829
-0.3653678242878
 0.1967367303963
-0.3568477716166
 0.2138863231428
-0.3475444357944
 0.2306826229123
-0.3374719937130
 0.2470911060162
-0.3266460764087
 0.2630778125456
-0.3150837458457
 0.2786094041569
-0.3028034695780
 0.2936532208140
-0.2898250933425
 0.3081773364190
-0.2761698116360
 0.3221506132640
-0.2618601363322
 0.3355427552419
-0.2469198633959
 0.3483243597555
-0.2313740377518
 0.3604669682677
-0.2152489163662
 0.3719431154379
-0.1985719296048
 0.3827263767910
-0.1813716409233
 0.3927914148731
-0.1636777049567
 0.4021140238425
-0.1455208240663
 0.4106711724565
-0.1269327034099
 0.4184410454087
-0.1079460045969
 0.4254030829805
-0.0885942979921
 0.4315380189686
-0.0689120137329
 0.4368279168551
-0.0489343915233
 0.4412562041889
-0.0286974292678
 0.4448077051473
-0.0082378306115
 0.4474686712536
 0.0124070485522
 0.4492268102221
 0.0331992545415
 0.4500713129113
 0.0541002912491
 0.4499928783617
 0.0750711763479
 0.4489837369009
 0.0960724982732
 0.4470376712986
 0.1170644739218
 0.4441500359573
 0.1380070070043
 0.4403177741242
 0.1588597469896
 0.4355394331141
 0.1795821485812
 0.4298151775324
 0.2001335316634
 0.4231468004912
 0.2204731416594
 0.4155377328105
 0.2405602102402
 0.4069930502004
 0.2603540163269
 0.3975194784197
 0.2798139473277
 0.3871253964087
 0.2988995605523
 0.3758208373948
 0.3175706447473
 0.3636174879714
 0.3357872816953
 0.3505286851504
 0.3535099078240
 0.3365694113914
 0.3706993757688
 0.3217562876096
 0.3873170158357
 0.3061075641685
 0.4033246973103
 0.2896431098606
 0.4186848895606
 0.2723843988838
 0.4333607228804
 0.2543544958194
 0.4473160490228
 0.2355780386193
 0.4605155013708
 0.2160812196119
 0.4729245546968
 0.1958917645347
 0.4845095844581
 0.1750389096038
 0.4952379255815
 0.1535533766313
 0.5050779306865
 0.1314673462002
 0.5139990276980
 0.1088144289104
 0.5219717768022
 0.0856296347057
 0.5289679266961
 0.0619493402964
 0.5349604700841
 0.0378112546893
 0.5399236983747
 0.0132543828391
 0.5438332555300
-0.0116810125647
 0.5466661910224
-0.0369534511610
 0.5484010118515
-0.0625202768164
 0.5490177335761
-0.0883377013435
 0.5484979303140
-0.1143608500255
 0.5468247836661
-0.1405438089282
 0.5439831305174
-0.1668396739850
 0.5399595096700
-0.1932006018381
 0.5347422072629
-0.2195778624182
 0.5283213009331
-0.2459218932461
 0.5206887026720
-0.2721823554375
 0.5118382003321
-0.2983081913953
 0.5017654977372
-0.3242476841676
 0.4904682533521
-0.3499485184558
 0.4779461174637
-0.3753578432519
 0.4642007678278
-0.4004223360864
 0.4492359437357
-0.4250882688657
 0.4330574784527
-0.4493015752804
 0.4156733299810
-0.4730079197622
 0.3970936101005
-0.4961527679691
 0.3773306116376
-0.5186814587762
 0.3563988339145
-0.5405392777514
 0.3343150063291
-0.5616715320917
 0.3110981100165
-0.5820236269973
 0.2867693975400
-0.6015411434597
 0.2613524105624
-0.6201699174392
 0.2348729954450
-0.6378561204062
 0.2073593167207
-0.6545463412198
 0.1788418683900
-0.6701876693188
 0.1493534829843
-0.6847277791946
 0.1189293383410
-0.6981150161204
 0.0876069620368
-0.7102984831050
 0.0554262334194
-0.7212281290423
 0.0224293831823
-0.7308548380239
-0.0113390095778
-0.7391305197841
-0.0458320228802
-0.7460082012407
-0.0810004000168
-0.7514421190999
-0.1167925604095
-0.7553878134868
-0.1531546132294
-0.7578022225647
-0.1900303738455
-0.7586437781047
-0.2273613831652
-0.7578725019638
-0.2650869299369
-0.7554501034302
-0.3031440760808
-0.7513400773918
-0.3414676851189
-0.7455078032822
-0.3799904537753
-0.7379206447557
-0.4186429468186
-0.7285480500434
-0.4573536352215
-0.7173616529368
-0.4960489377127
-0.7043353743461
-0.5346532657985
-0.6894455243771
-0.5730890723326
-0.6726709048665
-0.6112769037140
-0.6539929123157
-0.6491354557964
-0.6333956411584
-0.6865816335914
-0.6108659872952
-0.7235306148504
-0.5863937518247
-0.7598959176146
-0.5599717448983
-0.7955894718193
-0.5315958896231
-0.8305216950439
-0.5012653259313
-0.8646015725013
-0.4689825143333
-0.8977367413586
-0.4347533394671
-0.9298335794865
-0.3985872133529
-0.9607972987354
-0.3604971782554
-0.9905320428365
-0.3205000090561
-1.0189409900316
-0.2786163150281
-1.0459264605325
-0.2348706409061
-1.0713900289173
-0.1892915671348
-1.0952326415702
-0.1419118091768
-1.1173547392733
-0.0927683157529
-1.1376563850622
-0.0419023658846
-1.1560373974573
 0.0106403354013
-1.1723974891864
 0.0648095628472
-1.1866364115138
 0.1205504783739
-1.1986541042961
 0.1778035402777
-1.2083508518818
 0.2365044143857
-1.2156274449792
 0.2965838873401
-1.2203853486146
 0.3579677821928
-1.2225268763057
 0.4205768765033
-1.2219553705769
 0.4843268231359
-1.2185753899452
 0.5491280739659
-1.2122929025047
 0.6148858067132
-1.2030154862418
 0.6814998551322
-1.1906525362121
 0.7488646427950
-1.1751154787120
 0.8168691207210
-1.1563179925796
 0.8853967091131
-1.1341762377587
 0.9543252434761
-1.1086090912621
 1.0235269254032
-1.0795383906694
 1.0928682783328
-1.0468891852959
 1.1622101085891
-1.0105899951684
 1.2314074720367
-0.9705730779444
 1.3003096466940
-0.9267747039098
 1.3687601116661
-0.8791354391906
 1.4365965327749
-0.8276004373121
 1.5036507552834
-0.7721197392389
 1.5697488041254
-0.7126485820256
 1.6347108920773
-0.6491477162085
 1.6983514363222
-0.5815837320634
 1.7604790838843
-0.5099293948546
 1.8208967464272
-0.4341639891939
 1.8794016449389
-0.3542736726259
 1.9357853648459
-0.2702518385530
 1.9898339221267
-0.1820994886036
 2.0413278410221
-0.0898256145476
 2.0900422439634
 0.0065524101495
 2.1357469543752
 0.1070084290454
 2.1782066130337
 0.0065524101495
-2.1357469543752
-0.0898256145476
-2.0900422439634
-0.1820994886036
-2.0413278410221
-0.2702518385530
-1.9898339221267
-0.3542736726259
-1.9357853648459
-0.4341639891939
-1.8794016449389
-0.5099293948546
-1.8208967464272
-0.5815837320634
-1.7604790838843
-0.6491477162085
-1.6983514363222
-0.7126485820256
-1.6347108920773
-0.7721197392389
-1.5697488041254
-0.8276004373121
-1.5036507552834
-0.8791354391906
-1.4365965327749
-0.9267747039098
-1.3687601116661
-0.9705730779444
-1.3003096466940
-1.0105899951684
-1.2314074720367
-1.0468891852959
-1.1622101085891
-1.0795383906694
-1.0928682783328
-1.1086090912621
-1.0235269254032
-1.1341762377587
-0.9543252434761
-1.1563179925796
-0.8853967091131
-1.1751154787120
-0.8168691207210
-1.1906525362121
-0.7488646427950
-1.2030154862418
-0.6814998551322
-1.2122929025047
-0.6148858067132
-1.2185753899452
-0.5491280739659
-1.2219553705769
-0.4843268231359
-1.2225268763057
-0.4205768765033
-1.2203853486146
-0.3579677821928
-1.2156274449792
-0.2965838873401
-1.2083508518818
-0.2365044143857
-1.1986541042961
-0.1778035402777
-1.1866364115138
-0.1205504783739
-1.1723974891864
-0.0648095628472
-1.1560373974573
-0.0106403354013
-1.1376563850622
 0.0419023658846
-1.1173547392733
 0.0927683157529
-1.0952326415702
 0.1419118091768
-1.0713900289173
 0.1892915671348
-1.0459264605325
 0.2348706409061
-1.0189409900316
 0.2786163150281
-0.9905320428365
 0.3205000090561
-0.9607972987354
 0.3604971782554
-0.9298335794865
 0.3985872133529
-0.8977367413586
 0.4347533394671
-0.8646015725013
 0.4689825143333
-0.8305216950439
 0.5012653259313
-0.7955894718193
 0.5315958896231
-0.7598959176146
 0.5599717448983
-0.7235306148504
 0.5863937518247
-0.6865816335914
 0.6108659872952
-0.6491354557964
 0.6333956411584
-0.6112769037140
 0.6539929123157
-0.5730890723326
 0.6726709048665
-0.5346532657985
 0.6894455243771
-0.4960489377127
 0.7043353743461
-0.4573536352215
 0.7173616529368
-0.4186429468186
 0.7285480500434
-0.3799904537753
 0.7379206447557
-0.3414676851189
 0.7455078032822
-0.3031440760808
 0.7513400773918
-0.2650869299369
 0.7554501034302
-0.2273613831652
 0.7578725019638
-0.1900303738455
 0.7586437781047
-0.1531546132294
 0.7578022225647
-0.1167925604095
 0.7553878134868
-0.0810004000168
 0.7514421190999
-0.0458320228802
 0.7460082012407
-0.0113390095778
 0.7391305197841
 0.0224293831823
 0.7308548380239
 0.0554262334194
 0.7212281290423
 0.0876069620368
 0.7102984831050
 0.1189293383410
 0.6981150161204
 0.1493534829843
 0.6847277791946
 0.1788418683900
 0.6701876693188
 0.2073593167207
 0.6545463412198
 0.2348729954450
 0.6378561204062
 0.2613524105624
 0.6201699174392
 0.2867693975400
 0.6015411434597
 0.3110981100165
 0.5820236269973
 0.3343150063291
 0.5616715320917
 0.3563988339145
 0.5405392777514
 0.3773306116376
 0.5186814587762
 0.3970936101005
 0.4961527679691
 0.4156733299810
 0.4730079197622
 0.4330574784527
 0.4493015752804
 0.4492359437357
 0.4250882688657
 0.4642007678278
 0.4004223360864
 0.4779461174637
 0.3753578432519
 0.4904682533521
 0.3499485184558
 0.5017654977372
 0.3242476841676
 0.5118382003321
 0.2983081913953
 0.5206887026720
 0.2721823554375
 0.5283213009331
 0.2459218932461
 0.5347422072629
 0.2195778624182
 0.5399595096700
 0.1932006018381
 0.5439831305174
 0.1668396739850
 0.5468247836661
 0.1405438089282
 0.5484979303140
 0.1143608500255
 0.5490177335761
 0.0883377013435
 0.5484010118515
 0.0625202768164
 0.5466661910224
 0.0369534511610
 0.5438332555300
 0.0116810125647
 0.5399236983747
-0.0132543828391
 0.5349604700841
-0.0378112546893
 0.5289679266961
-0.0619493402964
 0.5219717768022
-0.0856296347057
 0.5139990276980
-0.1088144289104
 0.5050779306865
-0.1314673462002
 0.4952379255815
-0.1535533766313
 0.4845095844581
-0.1750389096038
 0.4729245546968
-0.1958917645347
 0.4605155013708
-0.2160812196119
 0.4473160490228
-0.2355780386193
 0.4333607228804
-0.2543544958194
 0.4186848895606
-0.2723843988838
 0.4033246973103
-0.2896431098606
 0.3873170158357
-0.3061075641685
 0.3706993757688
-0.3217562876096
 0.3535099078240
-0.3365694113914
 0.3357872816953
-0.3505286851504
 0.3175706447473
-0.3636174879714
 0.2988995605523
-0.3758208373948
 0.2798139473277
-0.3871253964087
 0.2603540163269
-0.3975194784197
 0.2405602102402
-0.4069930502004
 0.2204731416594
-0.4155377328105
 0.2001335316634
-0.4231468004912
 0.1795821485812
-0.4298151775324
 0.1588597469896
-0.4355394331141
 0.1380070070043
-0.4403177741242
 0.1170644739218
-0.4441500359573
 0.0960724982732
-0.4470376712986
 0.0750711763479
-0.4489837369009
 0.0541002912491
-0.4499928783617
 0.0331992545415
-0.4500713129113
 0.0124070485522
-0.4492268102221
-0.0082378306115
-0.4474686712536
-0.0286974292678
-0.4448077051473
-0.0489343915233
-0.4412562041889
-0.0689120137329
-0.4368279168551
-0.0885942979921
-0.4315380189686
-0.1079460045969
-0.4254030829805
-0.1269327034099
-0.4184410454087
-0.1455208240663
-0.4106711724565
-0.1636777049567
-0.4021140238425
-0.1813716409233
-0.3927914148731
-0.1985719296048
-0.3827263767910
-0.2152489163662
-0.3719431154379
-0.2313740377518
-0.3604669682677
-0.2469198633959
-0.3483243597555
-0.2618601363322
-0.3355427552419
-0.2761698116360
-0.3221506132640
-0.2898250933425
-0.3081773364190
-0.3028034695780
-0.2936532208140
-0.3150837458457
-0.2786094041569
-0.3266460764087
-0.2630778125456
-0.3374719937130
-0.2470911060162
-0.3475444357944
-0.2306826229123
-0.3568477716166
-0.2138863231428
-0.3653678242878
-0.1967367303963
-0.3730918921051
-0.1792688733829
-0.3800087673788
-0.1615182261786
-0.3861087529904
-0.1435206477486
-0.3913836766400
-0.1253123207297
-0.3958269027419
-0.1069296895538
-0.3994333419297
-0.0884093979975
-0.4021994581340
-0.0697882262448
-0.4041232732016
-0.0511030275539
-0.4052043690231
-0.0323906646197
-0.4054438871456
-0.0136879457262
-0.4048445258446
 0.0049684392130
-0.4034105346372
 0.0235419826288
-0.4011477062196
 0.0419964231832
-0.3980633658174
 0.0602958094664
-0.3941663579415
 0.0784045633996
-0.3894670305444
 0.0962875432381
-0.3839772165794
 0.1139101060674
-0.3777102129666
 0.1312381696831
-0.3706807569761
 0.1482382737463
-0.3629050000432
 0.1648776401040
-0.3544004790351
 0.1811242321634
-0.3451860849930
 0.1969468132095
-0.3352820293797
 0.2123150035546
-0.3247098078675
 0.2271993364087
-0.3134921617059
 0.2415713123604
-0.3016530367147
 0.2554034523578
-0.2892175399524
 0.2686693490809
-0.2762118941176
 0.2813437165966
-0.2626633897415
 0.2934024381914
-0.2486003352420
 0.3048226122757
-0.2340520049082
 0.3155825962573
-0.2190485848946
 0.3256620482849
-0.2036211173073
 0.3350419667622
-0.1878014424695
 0.3437047275390
-0.1716221394603
 0.3516341186880
-0.1551164650237
 0.3588153727779
-0.1383182909523
 0.3652351965605
-0.1212620400522
 0.3708817979909
-0.1039826208022
 0.3757449105046
-0.0865153608242
 0.3798158144820
-0.0688959392854
 0.3830873558340
-0.0511603183581
 0.3855539616474
-0.0333446738660
 0.3872116528361
-0.0154853252484
 0.3880580537487
 0.0023813350195
 0.3880923986884
 0.0202189124144
 0.3873155353098
 0.0379910816164
 0.3857299248609
 0.0556616578830
 0.3833396392475
 0.0731946683972
 0.3801503549024
 0.0905544234442
 0.3761693434501
 0.1077055872665
 0.3714054591641
 0.1246132484479
 0.3658691232221
 0.1412429896762
 0.3595723047704
 0.1575609567339
 0.3525284988170
 0.1735339265660
 0.3447527009822
 0.1891293742759
 0.3362613791395
 0.2043155389011
 0.3270724419904
 0.2190614878200
 0.3172052046230
 0.2333371796460
 0.3066803511113
 0.2471135254657
 0.2955198942217
 0.2603624482805
 0.2837471322972
 0.2730569405152
 0.2713866034016
 0.2851711194598
 0.2584640368084
 0.2966802805160
 0.2450063019298
 0.3075609481215
 0.2310413547861
 0.3177909242345
 0.2165981821232
 0.3273493342615
 0.2017067432911
 0.3362166703189
 0.1863979100049
 0.3443748317269
 0.1707034041118
 0.3518071626354
 0.1546557334964
 0.3584984866934
 0.1382881262614
 0.3644351386772
 0.1216344633221
 0.3696049930005
 0.1047292095631
 0.3739974890363
 0.0876073437046
 0.3776036531905
 0.0703042870323
 0.3804161176716
 0.0528558311473
 0.3824291359111
 0.0352980648945
 0.3836385945966
 0.0176673006312
