 0.3840420222881
 0.0000000000000
 0.3584984866934
-0.1382881262614
 0.2851711194598
-0.2584640368084
 0.1735339265660
-0.3447527009822
 0.0379910816164
-0.3857299248609
-0.1039826208022
-0.3757449105046
-0.2340520049082
-0.3155825962573
-0.3352820293797
-0.2123150035546
-0.3941663579415
-0.0784045633996
-0.4021994581340
 0.0697882262448
-0.3568477716166
 0.2138863231428
-0.2618601363322
 0.3355427552419
-0.1269327034099
 0.4184410454087
 0.0331992545415
 0.4500713129113
 0.2001335316634
 0.4231468004912
 0.3535099078240
 0.3365694113914
 0.4729245546968
 0.1958917645347
 0.5399236983747
 0.0132543828391
 0.5399595096700
-0.1932006018381
 0.4642007678278
-0.4004223360864
 0.3110981100165
-0.5820236269973
 0.0876069620368
-0.7102984831050
-0.1900303738455
-0.7586437781047
-0.4960489377127
-0.7043353743461
-0.7955894718193
-0.5315958896231
-1.0459264605325
-0.2348706409061
-1.1986541042961
 0.1778035402777
-1.2030154862418
 0.6814998551322
-1.0105899951684
 1.2314074720367
-0.5815837320634
 1.7604790838843
 0.1070084290454
 2.1782066130337
-0.5815837320634
-1.7604790838843
-1.0105899951684
-1.2314074720367
-1.2030154862418
-0.6814998551322
-1.1986541042961
-0.1778035402777
-1.0459264605325
 0.2348706409061
-0.7955894718193
 0.5315958896231
-0.4960489377127
 0.7043353743461
-0.1900303738455
 0.7586437781047
 0.0876069620368
 0.7102984831050
 0.3110981100165
 0.5820236269973
 0.4642007678278
 0.4004223360864
 0.5399595096700
 0.1932006018381
 0.5399236983747
-0.0132543828391
 0.4729245546968
-0.1958917645347
 0.3535099078240
-0.3365694113914
 0.2001335316634
-0.4231468004912
 0.0331992545415
-0.4500713129113
-0.1269327034099
-0.4184410454087
-0.2618601363322
-0.3355427552419
-0.3568477716166
-0.2138863231428
-0.4021994581340
-0.0697882262448
-0.3941663579415
 0.0784045633996
-0.3352820293797
 0.2123150035546
-0.2340520049082
 0.3155825962573
-0.1039826208022
 0.3757449105046
 0.0379910816164
 0.3857299248609
 0.1735339265660
 0.3447527009822
 0.2851711194598
 0.2584640368084
 0.3584984866934
 0.1382881262614
