  1.03341489        -0.41482197
 -0.26381573        -0.76275581
  0.87740062        -0.76897330
 -0.36700438        -0.24789613
 -0.12836899         0.29015090
  0.60218298        -1.47800971
  0.99451117        -0.25738357
 -0.38739550         0.96581546
 -1.01584715        -0.32184242
  0.58979133         0.53475383
 -0.12620404         0.03446601
 -0.01194282        -1.09614789
 -1.26197086        -0.15740593
  0.78018587         0.91715826
  0.13317469         0.87648396
  1.37437916        -0.17461569
  0.70354317        -2.35393355
  0.54392566         0.19084424
 -0.18963096         0.14125108
  1.03956539         0.06141993
  0.28495009         1.74171981
 -0.96354211        -0.32257753
 -0.88449533        -0.05909614
 -0.14124958         1.19914412
 -1.31826122         0.64132797
 -0.25609593         1.44345659
  0.24872487        -0.63944690
 -0.66678527         1.12852752
  0.32129343         0.40040929
 -1.70903992        -1.49043115
  0.79028946        -0.19229938
 -0.04970816        -0.40198901
  0.75317493         0.80213863
  0.81698686        -0.38047923
  0.89823762        -0.74692240
 -0.63634067        -0.25481790
 -0.79424394         1.86205574
 -0.83315879         1.82534318
 -0.81629438        -0.77651857
 -1.46572680        -0.12561124
  0.75727241         0.17897546
  0.02207843        -0.97367641
  0.61842136         0.16761796
  0.46762321         0.32283099
  1.06184959        -0.16638286
 -0.19955341        -0.24309383
  2.45014528        -0.17175914
 -0.55388445         0.09132163
 -0.59976894         0.15555905
 -0.18778092         0.73175118
  0.37675864        -0.20504103
  0.21851837        -1.61057359
  0.33136071        -0.79305425
  0.13580202         1.03538833
  0.57043697         0.07685704
 -0.31040846         0.35814490
  0.96874503         1.58325292
 -0.66868366        -0.58819329
  0.48245013         0.08616114
 -0.85747050         0.01513936
  0.53651382         0.13105263
 -0.97681239         0.18505200
 -0.55163579        -0.14186205
 -0.05951299         1.26908663
 -0.42305622        -0.17622467
 -0.00277588         0.31417230
 -0.81931599        -0.69380463
 -0.60277961         0.88011554
  0.22080768         2.08635300
 -0.82725979        -1.44112231
 -0.29002596        -1.39730212
  0.60828659         0.34723771
 -0.62542923        -0.89491470
  0.28302140         0.70510182
  0.89748932        -0.45915915
  0.46583430        -1.08774593
 -0.77923786        -1.30700323
  0.62210015         0.44554541
 -0.81888566        -0.38269129
  1.46979797        -1.23284690
 -0.85416351         1.03702016
 -1.22934511         0.67855186
  0.64187370         0.55017937
 -0.48234830         0.35716564
  1.09027523        -0.24257713
  1.59744408        -1.37220750
  0.08532772         1.11003267
  0.15882012        -1.67835242
  0.74299070         0.64822920
  0.24480605         0.25967756
 -0.28900390         0.71026250
  1.85163623         1.67094900
  0.38379547        -0.06625383
  0.53453423        -0.29710266
  1.22424473         0.55744512
  1.23655720        -1.53695104
 -0.48903491         1.02282205
  1.19056861         0.42684391
 -0.42419727         0.92362317
 -0.06284692         0.20618928
  1.15931468        -1.48079829
 -0.29526119         0.56275901
  0.56710599         0.50738300
  0.82175902        -0.14999004
  0.91279561        -0.87978154
  0.25677426         1.25958616
 -0.98687553        -0.21513147
  0.47811713        -1.70110976
  0.85228172         0.39476680
 -0.36570066         0.50796187
 -1.06210549         0.07573413
  0.39092139         0.20686187
 -0.11604650         0.61163555
  1.29455444         0.34478857
  0.73993951        -1.10106498
  0.12863574        -0.58706998
 -1.06322117         0.48823584
 -0.02365038         0.10072034
 -1.08865997         0.80976694
 -0.20001533         0.65959554
 -0.00042270         0.01911548
  0.52972609         0.00667336
 -0.17926047         0.53503853
  0.18383150         0.08020311
 -0.62126344         0.28600706
 -0.17322163        -0.01675520
  0.38195910         1.39496476
 -0.12441465         1.11596005
  0.68665338        -0.70971625
 -1.79825577         0.51358983
  0.92199774         1.42110402
 -0.71235113        -0.93103594
  0.84325813        -0.64416766
 -0.43834692         0.31591724
 -0.74398303         0.89381570
 -1.43332729        -0.64358470
 -0.22003830         0.44713347
  1.29046303         1.33791811
 -0.03879182        -0.71883961
 -0.53438616         2.09923555
 -1.20261168         1.27453138
  1.45746259        -0.70190567
  0.81906136         1.55321524
  0.67980522        -0.00860410
  0.05017350        -1.24664866
  1.85588929         0.10916295
  1.53435028        -0.43001046
 -0.87121888        -1.11873864
 -1.21136214         1.08924523
 -0.96673163        -0.90951262
 -0.25917837         0.00848963
  0.12563708         0.24035043
 -1.70253233        -0.38733533
  0.28210377         0.38226056
 -0.29709909         0.41078282
  0.57328879         0.31573542
  1.22517353        -1.10879095
 -0.49791813         1.33891495
 -0.90789033        -0.55160948
  1.11813244        -1.05003118
  0.67252312        -0.49643873
  0.12397422         0.31186445
 -1.58647365         0.51702660
 -0.95886206        -0.50181946
  0.08764053        -0.16109147
  0.51818858         1.02598780
 -0.51684366        -0.23473651
 -1.22182653        -0.00064424
  1.68819150        -0.17131754
  0.14434695        -0.63094037
 -1.84031205        -0.43793381
  1.05352609        -2.79546887
  1.64610864        -0.52592556
  0.03027552        -1.55781591
 -0.56023209         1.15890359
  0.76591360         0.97310584
  0.70181465         0.59902505
 -0.96783758        -0.77202151
  0.56061839        -1.16002170
 -0.01730612         1.26144579
  0.64063715        -1.20438087
  0.05913809        -0.12755333
 -1.16707763        -1.87052923
  0.21869980         0.84116112
  1.19101085         1.70815439
 -0.51287346        -0.75908989
  1.23422338         0.00510475
  0.62243013         0.56580339
  0.06924083         0.53581762
  1.18301852        -0.73345550
  0.96122051         1.03234720
  0.46101834        -0.65261033
  0.26163354         0.02690478
 -1.65872715        -0.07747453
  1.78866707        -0.53749432
  1.25639092         0.21185701
  0.33935489        -0.86532991
  0.46319924        -1.08712836
 -1.27991920        -0.69901285
 -0.96834272         0.29527820
 -0.14408432        -0.09940816
  0.40320780        -0.37563643
 -0.75946208        -0.01138323
  2.06805337        -0.74461383
 -0.21035420        -0.63052315
 -0.49225511         0.26525585
 -0.08839935         0.63206873
 -0.76000243        -1.19320042
  0.96749154         0.21892619
  0.87140666        -0.60470604
  0.42239296        -0.21397875
 -0.96295010         0.62155290
 -0.28807995         0.53172999
 -0.08981125         0.46175638
 -1.62049873         0.11562653
  0.98013619        -0.16425329
 -0.12846808         0.03969982
  0.75478429         0.60450272
 -0.59678052        -0.87983750
  0.08131084        -0.34302233
  0.63039827         0.38957115
 -1.24894033        -0.24843442
  0.67743775        -0.51796469
  0.74429896         0.66569774
 -0.47077284        -1.90501531
 -0.85739312         0.34594501
  0.30115737        -0.90111685
 -0.52667331         0.24986260
  1.76470400        -0.52603690
 -0.91932171         1.55131780
  0.89348207         0.20960854
  0.62331855        -0.61452684
 -0.00162437         0.88771183
 -0.06390607         0.69890319
  0.10653581         0.55282116
 -0.71775497        -1.20312365
 -0.09157979         0.65391494
 -1.30672170         0.58859607
 -0.06380249         0.04327373
 -0.67263425        -1.97622216
  1.33316289        -0.62816117
 -1.25413854        -1.32294948
  0.00598793        -0.27210566
 -0.15588986        -0.89591582
 -0.56423555         1.03664018
  0.62665071         0.83414632
  0.28404759         1.55246685
  0.49780467        -0.46745366
  0.14874986         1.06469845
  1.75927927        -1.99449982
 -0.00007984        -0.50384123
 -0.26599525        -0.07874869
  0.10899278         0.15093863
 -0.75877366        -0.22869785
 -0.97024725        -1.07488670
  1.79243677         0.86741410
 -0.63748539        -1.55392780
  0.34230726        -0.33801779
  0.07400984        -0.33335641
  0.55871048         0.33541451
 -0.65231647         0.57650364
 -0.63269811         0.09396086
  0.60837908         0.43608606
  0.61397286        -0.10807697
 -0.22969601        -0.37699056
 -0.23163270         0.58443822
  0.22866798         0.48608748
 -0.80597953        -0.74868919
 -0.61136845         0.91772170
 -0.06015282        -1.62165860
 -1.28464423         0.39500324
  1.02458630        -0.83577077
  0.99319776        -1.53725423
  0.78896737         2.42182834
 -0.23083896        -0.81365641
 -0.90751897         0.40660013
  0.23033347         0.27832822
  0.63906254         1.75416128
  0.19339558        -0.94093203
  1.49617879        -0.05634488
 -0.65087212         0.58507684
 -0.54922340         0.68622051
  0.83041164        -0.64351575
  0.74662464        -1.01904492
  0.04515732        -2.08940918
 -0.67277979         0.48948376
 -1.34818218        -0.30390458
  0.92983214        -1.05481656
  0.45621600         0.19011929
 -0.90505336        -0.26106773
  0.11562171         0.62061375
  1.01033201         0.00256497
 -0.13257367         0.98698850
 -1.05401511        -0.19307216
 -1.24766610        -0.22538267
 -0.69594375        -0.70528538
 -0.93624353         0.08956726
  0.73577275         0.34289260
  0.18297313         0.05306927
  0.72090647         0.25257774
  0.84077033        -1.24090312
  1.19265065        -1.47889397
 -0.50857994         0.60494381
 -0.99590896         1.53719811
 -0.76627454         0.91191446
  0.69364121        -0.98895823
 -0.51861884         0.70156541
 -0.56800332         0.11696443
  0.43699476        -0.46235424
 -0.60011243        -0.15035600
 -0.36142429         2.50709127
  0.56099864        -0.82323195
 -0.49946975         0.34495811
 -0.19177698         0.82044854
 -0.00009759        -0.20158588
 -1.66656223        -1.50845665
  0.21707248        -0.25436375
  0.47447013         0.30633868
 -1.22770977         0.16507854
  0.36032661         0.09623343
 -0.22911134         0.70589028
  1.05025621        -0.53870735
 -0.51473188        -1.19656084
  0.14833554         0.29339389
  0.41574996        -0.18197462
 -1.96719201         0.25895410
 -1.35030510        -1.43912507
 -0.21372031         0.95627402
 -0.58706418        -0.44813869
 -0.37271174         0.27908022
 -1.54890261         0.81903237
  0.05380201         1.51052036
  0.90477417        -0.26643159
  0.22820708         0.49869372
  0.76082828         1.35663539
 -0.13635158        -0.16825959
 -0.34417238         0.37643807
  0.93636878         1.41206570
 -0.13349308        -0.12312418
 -0.23255096         0.96645362
  0.39024703         0.67437877
  0.79305332        -0.43486912
 -1.23286274        -0.66547597
  0.69469655        -0.64167718
 -1.43525424         0.02300952
  0.97179489        -1.41320372
  1.63559336        -0.44510869
 -0.40102080        -0.16399295
 -0.98149781        -0.65955166
 -1.13540108         0.13075264
 -0.68680232         0.74824203
 -0.48662451        -0.96445631
 -0.36495538         0.20995091
  1.01826301        -0.98717167
  1.10826895         0.59253455
 -0.64736975         1.38519316
  0.14089466        -0.10620376
 -1.20499857         0.91937033
  1.28956126         0.61470258
  0.19777845        -0.25493379
 -1.12741402         0.48907434
  0.48594598         0.79202774
 -0.48248445        -0.26907748
  1.20369909        -0.72201591
 -0.54201316        -0.72386978
  0.05614859        -0.29701266
 -2.29493655         0.63335370
 -0.17776236         0.75334942
 -1.72496628         0.13516710
  0.07231748        -0.08313172
  0.75872075         1.58723523
  0.05827792        -0.56624152
  0.07124206        -0.46715409
 -0.65525538        -0.52390160
 -0.28995676         0.38635705
 -1.11426327         0.74624746
  1.08983231         0.24330103
 -1.14892757         0.16930675
 -0.91579538         0.98219688
 -1.68698829         0.33221364
  1.35823958         0.08341944
 -0.08789038        -1.38090341
  0.85842776        -0.42923182
  0.10439588         1.47337609
  2.10629354        -0.33903685
 -1.57332292        -2.10683908
  0.97897524        -0.13350763
  0.43509393        -0.34610565
  0.80276952        -0.32361754
 -0.96141086        -0.71484067
  1.04037670        -0.52290072
  0.38903284         0.85200288
  0.11277359         0.13014114
  1.56374281        -1.28166734
 -0.08202493         1.64233529
  1.09789807         0.27581051
  0.05793956         0.37486156
  0.66396080        -0.47399573
 -0.25203562         1.32847610
  0.78695662        -0.14333167
  0.96453534        -0.91382442
  0.72601415        -1.26839207
  0.41515745        -0.08336082
  0.01235910        -0.72097113
  0.33676519        -0.07786711
  0.29993865        -0.95642216
  0.38482682         0.64183610
  0.75972295        -0.76138957
 -0.29588283        -0.97467971
  0.81668438         0.73984399
  0.69317479        -0.05695318
 -0.75136869         0.13913126
  0.79828598        -0.06847790
  1.47696195         1.02617270
  0.35013720         0.63649615
  0.14594733         0.74938246
  0.68217110        -0.04526737
 -0.19935434         0.45828814
 -0.60638234         1.05389535
 -0.55881304        -0.72989660
  0.19927586         0.07516253
 -0.43702660        -0.92175935
 -0.01559878        -0.40005370
 -1.67891673        -1.15029346
  0.49725120        -0.86134436
 -0.91042773        -0.16957518
  0.34432945        -1.03899486
 -0.44155940        -0.57574779
  0.81828283         1.17389244
  0.18998064        -0.85873263
 -0.31029470         1.05187433
 -0.82336792        -0.67826187
 -2.37502532         1.49299532
  0.42361725        -0.50283881
  1.62584768        -1.23807145
  1.05785984        -0.27085752
  0.13140822         1.86353562
 -0.27219340         0.85382587
 -0.86437960        -1.20355812
  0.82697996         0.59383448
 -0.12741396         0.64816287
 -0.57279985        -0.18913562
  0.26682502        -1.05807595
  0.42800448         0.49330251
  0.11683200         0.83531157
 -0.14860787         0.03059960
  0.10859740        -1.12455287
  1.17154888        -1.06279247
  0.27761032        -0.88650197
  0.25549868         1.56890290
  0.11424980         0.28913955
  0.89460040         0.37722895
 -0.24673314         1.14625119
  0.28468108        -1.52945822
 -0.91968467         0.23351980
  1.12564000        -0.96189520
  0.60986708         0.43611265
 -0.26178738         1.31277674
 -0.36716251        -0.64576464
  0.44936192         0.28570420
  0.36641819        -0.18122832
 -0.35159607         0.32569954
 -0.12091050         0.91830808
  0.32189357         0.57699442
  0.47985831        -0.25911564
 -0.42561435        -0.15699110
  1.46003983         0.21200665
 -0.26951302         0.10901394
 -1.41227053        -0.04194132
 -0.10772546        -0.66550528
 -0.32396768        -0.58778443
 -0.98563970        -0.35423150
 -1.34423260        -0.75296613
  0.82132216        -0.08689992
 -1.17312151        -0.46954860
 -0.29672328        -0.49503354
 -1.12406099         0.51429245
 -0.30074863        -0.00039127
  0.64343845         0.34453874
  0.28365179         0.18371908
 -0.05036140        -0.82806481
  0.35489547        -0.67536613
  0.11932681        -0.62200424
  0.69453732         0.61843371
 -0.20454608        -0.50813752
  1.27972604        -1.78665799
 -0.19321753         0.38248304
 -0.12539343        -0.07593343
  0.30334601         0.46516639
  0.16265374         1.64484562
 -0.72617289         0.39604567
  0.46121516        -1.15303302
  1.34564446        -0.59798113
 -0.05671269        -0.52755385
  0.03189797         0.52414409
  1.44508776        -0.56149691
 -0.71357338        -0.61905557
  0.41925417        -0.24090369
 -1.61374688        -0.04417078
  0.03204809         0.53308847
  0.56361083        -1.98535524
  0.00396318        -1.19786477
  0.54774610        -0.09774861
 -0.64468650        -0.02377770
  0.62777591         0.11968716
 -0.36838312        -1.35358465
 -0.02689874        -0.30491228
 -0.36278895        -0.25920624
  0.03286376        -0.18595077
  1.53844844         0.97061055
  0.50973763        -0.76521532
 -0.57564854         1.28282232
  1.15232797         0.13575363
 -0.09542755        -0.36826610
 -0.62600831        -0.64464659
  0.74157686        -0.93807540
 -0.10804325        -0.29325405
 -0.24856994         0.00338321
  0.62030018         1.40726683
  1.30261835        -0.39136301
 -0.05253812         0.47269747
  0.22530149        -0.44713847
 -0.42127707         0.59043872
  1.78272235         0.38668282
 -0.16800541        -0.11784259
 -0.07716557         0.02721341
 -0.17259325         0.09682039
 -1.09053537        -0.38065844
  1.17817459         1.40812366
  1.25396876         0.09359938
  1.72564567        -0.88877944
 -1.17685216        -0.73557997
 -0.24152288        -0.99909318
  0.97440946         0.83356845
 -0.30019673         0.76338902
  0.23579531        -0.37356039
  0.66002856        -0.47042153
 -0.00007012        -0.42984724
 -0.84445579        -0.08829189
 -0.08956913         1.47191085
  1.45712551        -0.51582333
  0.59988187        -0.03953356
 -2.14377066        -0.41955437
  0.88963619         0.35141047
 -0.69139792         0.10632023
 -1.87388391        -1.05689275
 -1.83285238        -0.05734453
 -1.15744357        -0.12850289
  0.06392634         0.42915500
 -0.11983294         1.38129473
  0.31699895        -0.22279502
 -0.68922752        -0.68912781
 -2.04242231         0.48955775
  1.53651913         0.29343055
 -0.48672153        -0.76498720
 -0.88180407        -0.32353425
 -0.00923413        -2.05614783
 -1.89113058        -0.07433187
  0.70739102         0.46594735
 -0.51003864        -0.10875621
 -1.10598594        -0.59914203
 -0.45501641        -0.16726356
  0.04472406        -0.84907532
 -2.53212196        -0.07834446
 -0.46404983        -0.97320499
 -0.11100688         0.97707961
  0.03576276        -0.24126464
 -0.28922820         0.94786428
  0.31526408        -0.55402654
  0.41038194         0.36654719
 -0.41033286         1.40549896
  0.87432581        -0.23815390
  0.20454014         0.43008942
  0.42400887        -1.42725597
  0.72623356         0.05416379
 -0.02030036        -0.00087344
  0.49196598        -0.49747080
 -0.06976825         0.12908101
 -0.44836102        -1.34455594
  0.52721420        -0.22983862
  0.16642204         0.81179961
 -1.99750392        -1.59926708
  1.27010127        -0.36734857
  0.17322534         0.26675087
  0.23185529        -0.06773571
  0.32579850         0.24799373
  0.97808506        -0.41257479
 -0.72185248         0.87228031
  0.49639480         0.37884884
 -0.07901116         0.35336195
  0.26483664        -0.28584065
 -0.55084523        -0.48841745
 -0.08306915        -0.22074629
  0.17712680        -0.97153692
  0.09970861         0.66588423
  1.38238411        -1.53035523
 -0.13411503         0.91123525
  0.41438421         0.99148840
 -0.59936760        -0.55991303
  0.69897624        -1.24688598
 -1.12685507         0.80807244
 -1.90971651        -0.21265041
 -0.72463496         0.59144368
 -0.59056168        -0.46255815
  0.37612591        -0.27403392
 -0.67885911        -1.51604508
  0.48548855        -0.91453153
 -0.94273879         0.70096835
 -0.28400172        -0.05424147
  0.42758491        -0.46180281
  1.04264649        -0.64398376
  0.84133805         0.04819081
 -0.10367693        -1.00865359
  0.04737827        -0.80513636
 -0.83778701        -1.25307116
  1.09318495         1.25340602
 -0.40482806        -1.12337228
 -2.46217440        -0.76895309
 -0.24224856        -0.44585675
 -0.07034411         1.65719850
 -0.02468632         1.47648839
 -0.83661503        -0.59536341
  0.60209848        -0.81813664
 -1.14993911        -0.10075134
 -0.16804333         1.74520731
 -0.98009218        -0.45235328
 -1.32243472        -0.61547829
 -1.32056742        -1.13934938
 -0.88664116         0.39581950
  0.22323940         0.01374938
 -0.40331789        -0.06295685
 -1.64647933        -0.09946137
  1.35228763        -1.27375197
  0.25043565         0.66340890
  0.96965427        -0.41650865
 -0.73348786        -0.50627845
  0.47563432         0.28116063
  0.86794248         0.56948479
  0.09212053        -0.15310900
 -0.86758913        -0.71282008
  0.34830575         0.22915112
  2.02408680         0.21896378
  0.71224026         1.15194518
  0.43637846        -0.44923389
  1.91505855         0.12231480
  0.68725982         0.48618345
  0.84547402        -0.15480195
  0.22753229         1.28868397
  0.06355255        -1.66268199
 -0.37179609         0.90999159
  0.68437642         0.87695541
 -0.68471380         0.44198550
  0.31926970         0.18787257
  1.01181008        -0.76294348
  1.60434853         0.02692153
 -0.44575062        -1.02144281
  0.98298915        -0.06194179
 -0.07106277        -1.03668950
  0.25501469        -0.87987408
  1.12100503         0.21163972
  0.98030739         0.67377179
 -0.18162856        -0.61083192
 -0.47752221        -1.19787966
 -0.29626505        -1.17991674
 -0.00107053         0.73228499
 -0.85961614        -0.10258418
 -0.40553300         0.35523865
  0.57237054         1.14213603
 -0.13850021        -0.11417044
 -0.22470999         0.79606639
  0.07903482        -0.52854895
 -0.70410328        -0.03396131
 -0.33569730        -0.34565112
 -1.53639071        -0.74746901
  0.07212734        -0.77818167
 -0.90089836        -0.21851994
  0.04374040        -0.00709117
 -0.35168918         0.89333929
  0.36671349         2.41686975
  0.59741451         1.37053035
 -0.06718664         0.47210829
  0.34729336         0.11579146
 -0.31828041        -1.40123661
  1.73967650         0.07418293
  0.28425480        -0.24896181
  0.98297803        -1.64256682
 -0.21832603        -0.04898609
 -0.24485137         0.50204366
  0.15311970         0.63801347
  0.19514445        -0.03333955
 -0.56321807        -0.15722053
  1.57279759         0.33871373
  0.35667353         0.66689230
 -0.15729442         0.10166119
 -0.60361760        -0.08189701
  0.33197926         0.42268014
 -0.19934545         0.48120422
 -0.83653726         0.85891721
 -1.58764536        -2.10164676
 -0.22069939        -0.80427566
  0.79450045        -1.87213905
  0.68375182        -0.80639979
 -0.53055605         0.53659413
 -0.13352101        -0.11405544
  0.60071285         1.37706497
  1.68403704        -2.00597460
 -0.12873642        -0.78312938
  1.03038649         0.13324919
 -0.74088301        -1.25612790
  0.80342823         0.74649659
  0.06442278         0.55094896
 -0.70788917        -0.32390104
  0.66440678        -0.51562062
 -0.79547307         1.40373496
 -0.56271186         0.75302270
 -0.09187170         0.71392128
  0.98245364         0.36948693
  0.91845107         0.85188533
  0.22960850         0.04878763
  0.22446494         0.21239585
  1.22806639        -0.09069953
 -0.12866864        -0.72544636
  0.51667080         0.00043910
 -0.10717465        -0.18227331
 -1.03978809         0.83151418
  0.04043234        -0.72792114
 -0.46183185        -0.34679061
 -0.96707159        -0.68801066
  0.52622081         1.81543160
 -0.55055337        -0.30157409
  0.73171681         0.93234156
  0.46051164         0.77585524
  1.10630715        -0.17216297
  0.47429658        -0.83874838
  1.04939008         1.12101483
 -1.25943481         0.84278779
 -0.09320277        -0.67488725
 -1.05347128         0.78593759
 -0.06489537        -0.72413783
 -0.06644810         0.74771476
  0.97811196        -0.56217054
 -0.70425127         1.85845778
  0.03921649        -1.15369514
  0.08955947         0.58316951
 -0.16735231        -1.24942933
 -0.16205905         0.86450435
  0.06445720         0.40479664
 -0.49131197        -0.09884274
 -1.11237458        -1.14636903
 -0.86309237         0.61579424
 -0.35599001         0.39938199
 -0.06527148         0.81099849
  0.64056712        -0.51952279
  0.30773348         0.97425005
 -0.08080577         0.78864288
  0.84938440         0.93861405
 -0.07783203         0.90432625
 -1.24679068         1.09971340
 -0.85539737         0.28504470
 -0.99098389        -0.10429471
  0.29190241        -1.47060754
  0.28985544         1.43240464
  0.93694148        -0.61833074
  1.47588780        -1.53108869
  0.68128933         1.79128407
 -0.75150732        -0.19135525
  0.07336605         0.10636801
  0.88460208        -1.04198041
  0.18962373         0.24213280
  0.49452174         0.33033883
 -0.19696386         0.30193426
  0.19459719        -1.21083206
  0.23013437        -0.30123638
  0.34732152        -1.52879429
 -0.21799236        -0.17525226
 -1.89253100        -0.27870108
 -0.62846046         0.57849523
 -0.14631134        -0.00266643
 -1.62324359         0.58777169
 -0.10376098         0.16784800
 -0.45993168        -0.14441761
 -0.84927994        -0.25733606
  0.62085075        -0.37134470
  0.14026839        -0.22247757
 -0.60797153        -0.18253617
  0.34908071         0.56559147
 -0.29054535         0.31846919
  0.17094487         0.09787618
  1.45575461        -0.88255942
 -0.99400691         0.57813294
  0.75468107        -0.37175886
  1.08681482         0.77410089
  0.18658007        -0.11857609
 -1.64159508         1.30658573
  0.05060878        -0.88256357
 -1.62742400         0.97477156
  0.31187347         0.72328551
 -0.20434471         0.48889915
 -0.92513879         0.79984409
  0.92142642        -0.11437979
  0.88133786         0.30968329
  0.92187229         0.10080417
  0.27937576        -0.65696053
  1.04828226        -1.31382422
  1.23914904         0.16734936
  0.82541542         0.61536821
  2.12527744         0.49317491
 -0.23865132         0.76479605
  0.13133144        -0.19314157
  0.94284276        -0.60409206
 -1.11082436         0.80578388
  1.00181362         1.09162564
 -0.12498868         1.17915240
  0.60445880         1.28358749
  0.11059234        -1.21733764
  0.45944125         0.32762681
  0.43209499         0.15305679
  0.53695209        -0.02882092
 -0.24635722        -1.40112167
  0.20512580        -1.29001242
  0.15903046        -0.39554629
  1.02869637         0.24867215
  0.20345681         0.65629590
 -0.11057975         0.26118982
  0.23111513        -0.76380239
 -1.06902217        -0.99549251
  0.17562140         0.71724480
 -0.20708279         0.25859274
  1.00968414        -0.03564876
  0.47271753        -0.63537270
  0.08065211         1.32961048
 -0.05734783        -0.30463376
 -0.13193491         0.25367949
 -1.11436425        -0.32410027
  0.40115834        -2.06443467
 -0.23845334        -0.17642267
 -0.85919051        -1.45443927
  0.10140283         0.22007027
 -0.05113172        -0.19929320
 -0.86988755        -0.01553021
  1.18569673        -0.73786781
  0.92833502        -0.47940349
 -0.33040212        -1.72083957
  0.81309462        -1.59989369
  0.16088258         0.06991926
 -0.63861941         0.62598322
 -1.75638648         0.29004124
  0.52860866        -0.39509247
 -1.61857777         0.40558541
 -0.85475572        -0.16524572
 -0.44683811        -0.63917539
 -1.35547642        -0.63454109
 -0.09652329         0.85724933
 -0.23341062        -0.14026891
 -0.23086729         0.44769733
  2.02994898        -1.70564237
  0.81059315         0.94545484
  0.21622039        -0.90508960
  1.12569005        -0.55301414
  0.38950567        -0.72717961
  0.07748138        -1.34296428
 -0.38355003         0.80870116
 -0.78109468         0.32743871
 -0.47392515         0.66810354
 -0.02938888         1.34492378
 -0.84849403         0.32488493
  0.20519415         0.17716282
 -0.76113288        -0.21282124
  1.06178923         0.10848537
 -1.37093487         0.47792895
 -0.00983576         0.24268329
  0.22522531        -1.26909533
 -2.50824676        -0.06392626
 -0.87839222        -0.56549805
  1.24878030         0.59397558
  1.27048618        -0.22874286
  0.58026261        -0.75465015
  0.85778284         1.23959443
 -0.61619393         0.35756332
 -0.56614963        -0.21094528
 -0.62209470        -0.65034090
  0.29661615        -0.59904704
 -1.85978018        -0.41740688
  1.19709497        -0.70090401
 -0.39020651         0.22602083
  1.47738914         2.16626000
 -0.04817456         0.45740848
 -0.93355745        -2.48579413
  0.86924691         1.92059730
  0.62642886        -0.88974320
  0.21982680         0.35713644
 -0.17948424        -0.54995181
  0.28635729        -0.06158384
 -0.56702029        -0.72670280
  0.47555328        -0.48704257
  0.81003609         1.65878742
  0.15506349        -0.33648570
  0.49801169         0.62590346
 -0.65120488        -0.98360108
 -0.07510200         0.23628630
  0.31181344        -1.56225480
 -0.79966131        -0.50586167
 -0.22233194        -0.00383606
  0.50618016        -1.79448090
  0.20796882         0.99471826
 -0.31729099        -0.08224995
 -1.28913517         0.24405666
 -0.39185225        -0.32137558
 -0.11880360         0.73762916
  0.56388887        -0.65659136
  0.08554680        -1.25802225
 -0.05811183         0.70346207
  0.21965761        -0.73671918
  0.86151309        -0.55598029
 -0.30900434         0.08890115
 -0.53299309        -0.54501716
  1.05488446         0.28624972
 -0.08276251        -1.81788362
 -0.08183593        -1.34478348
 -1.52323970         0.36491957
 -0.71500634         0.50932172
 -0.14430431        -0.18298997
 -0.59748709         0.78478911
 -1.14538673         0.21683990
  1.17740023        -0.26679048
 -0.90119841         1.46622825
 -0.96857010        -0.89728974
 -0.94944298         0.60918593
 -1.15409465         0.36470029
  0.71032826        -0.22006320
  0.88061544        -0.92847553
  1.39817446        -0.66573915
  0.91480176         0.64576067
 -1.56239679         0.28586860
  1.01200179        -0.09034357
  1.01335283         0.06446617
 -0.52421229         0.54673104
  0.54736178        -0.36428098
 -0.67521826         1.90334471
 -0.00187764         0.00334754
  0.23695121        -0.78435717
 -0.66096738         0.64361306
  1.69083947        -1.16708520
  0.25232175         0.00556657
  0.29469085         0.93329247
 -0.62394301         0.62706948
  0.88477584         0.59020096
  0.40470972        -1.37297548
  0.42400590        -0.51205263
  0.14314967         1.19011719
 -0.16689513         0.68670390
  0.83442925         0.49408974
  1.57128205        -0.13834301
 -0.11240253         0.22925947
  0.91794295         0.57377090
 -0.50084340        -0.15397387
  1.22044151        -0.88722761
 -0.05976536        -0.95626621
 -0.60950532        -0.04815195
 -0.22900414         1.24450312
  1.06085630        -0.59046474
  1.55049558         1.21498676
  2.16021529        -1.19358246
  0.11557034        -0.92632653
 -0.82878912        -1.24010348
  1.28566399         0.69612175
  0.26040685        -0.25731637
  0.52447450         0.09283904
  0.50931630        -0.83775884
 -0.70163369        -0.79748840
 -0.42532939        -0.29747188
  0.46060749         1.10965842
 -1.12652411        -0.00731164
  0.19288103        -0.80636229
  0.23385233         1.53863717
 -0.19663300         0.79164973
 -0.38863940         0.82589095
 -0.01851074         0.71603595
  0.03949557        -0.07221231
  1.54872022         1.05987558
 -0.23975052         0.86057342
  0.77061090         0.75813021
 -0.19148458         0.04476149
 -0.38679831        -0.09617340
 -0.10126897        -0.59669283
  0.66035185         0.01584584
 -0.35852057        -0.93668614
  1.46605404        -1.57308797
 -0.64627747        -0.49266174
  1.14347018         0.07176562
  1.12646547         0.46396436
  1.50426149         0.76086535
 -0.39310363         0.73126122
  0.18177543        -0.70024280
  1.24481699         0.06338741
 -1.01109243         0.27119052
  2.06020423        -0.90775962
 -0.19794960         0.18513658
  0.17618111         1.24461939
 -1.22259112         0.18303964
  0.47853471        -0.64626864
 -0.17773267         0.41383472
 -0.86699859         0.90797555
 -0.31241663         0.08740568
 -1.38989647         0.63214693
  1.50861449         0.38208933
  0.70619410         0.39389172
  0.72186755         1.96264257
  0.01732806        -0.04176872
 -0.64403248        -0.44409170
  0.45934471        -0.56139600
 -0.63551174        -0.60820097
 -0.15059811        -0.99091417
  0.26103206         0.88805663
  0.62856854        -0.68049897
  0.22163058         0.02910511
 -0.31931931         0.72386730
  0.14959244         1.03311083
 -0.76230441         1.37661750
 -0.07776244         0.06466164
  0.58332499         0.05953130
 -0.92432994        -0.60932314
 -0.05120830         0.42220568
 -0.64833331        -0.58071061
 -1.28779600         0.89095481
 -0.72388724        -1.69868283
 -0.40916535        -1.02964763
  0.51700174        -0.21686830
 -0.11191104        -0.56634824
 -0.00646469         0.19207678
 -0.46794506        -0.51802984
 -0.15744994         0.48182238
 -0.21169093        -0.09896256
  0.09452585         1.13596542
  0.10312005        -1.04866994
 -0.23136094         1.81991242
 -0.12764497         0.41419677
  0.80698952         1.14458242
 -0.26301912         0.31919708
  0.20820766        -0.14068813
 -0.72190123         0.80195830
  0.65251412         0.43427883
 -0.69669886        -0.05688080
  0.90708313        -1.20964391
 -0.16898147         0.71502144
 -0.48229654         0.04172478
 -0.90018094        -0.40381562
 -0.28374049        -1.54523678
 -0.06200141         1.32288280
 -0.39996629        -1.24757492
  0.80081455         0.21137049
 -0.13719464         0.99109804
 -0.07041736        -0.14913965
  1.64505327         0.15015997
 -0.08205337        -0.96763605
 -0.67478875        -0.12095062
 -0.09153780        -0.06457543
  0.11255543         0.21803861
 -0.53693931        -0.54434889
  0.84522886         1.50530283
  0.55182054        -1.25037715
 -0.10465494        -0.75987674
 -0.16259655        -0.32611168
 -0.41169474        -0.57296464
  0.21594708        -0.72036879
  0.01733424        -0.67776024
  1.07393648        -1.14310579
  0.26910754         0.23186667
 -0.31790533        -0.01385381
  1.64753077        -0.42644152
 -1.84398653         0.62943285
 -1.92667158         0.47111113
  0.86642830         0.51268160
 -1.06270445         0.64102788
 -0.41052320         0.21575590
 -0.68481236         0.20616145
  0.39871799        -1.11903364
 -0.32417768        -0.46994114
 -0.85148427        -0.62643630
  1.20150440         1.22419748
  0.79385212         0.09303631
  0.98951456         0.68226121
  0.24374653         0.52156543
  0.54986415        -0.37882459
 -0.75574186         0.11187087
 -0.10118412         0.24767734
  0.32385598        -0.29671614
 -2.16299901        -0.57140469
 -0.16434393        -0.57307959
  0.13169515         0.73041479
 -0.99950085         0.53512659
  0.79570129         1.99035496
 -0.85598929        -0.81671817
  0.04007320        -0.66851623
 -0.36584521         0.07607882
  0.41849754         2.28062469
 -1.55536277         0.78640292
  1.78936631         0.79826718
  0.39569836         0.61477705
  0.03270951        -0.63428431
 -1.19707669         0.40550803
 -0.21983970         0.25904473
  1.49570132        -0.17470313
 -1.33559864        -1.93351706
 -1.90258106         1.85014755
 -0.81375572         0.08465662
  0.15704921         0.20435099
 -0.23577892        -1.03380694
  0.09918728         1.31660576
  0.48556833         0.67753810
  1.30197240         0.25377347
 -1.02066885        -1.01883813
  0.44714936         0.61326302
  0.33725299        -1.44523056
  0.08516927         0.58689328
  0.54077669         0.24576381
 -0.08299747         1.01232613
 -0.24448715        -0.18529570
 -0.63214895        -0.48033482
  0.13204861         0.11594729
 -0.26434919         1.63917468
 -0.99721453        -0.74644205
 -0.15261314         1.16374397
 -0.85731165        -0.39252919
  0.19929573        -0.18715576
 -0.83617124         0.19916987
 -0.08490167         0.08661485
 -0.98307151         0.50132010
  0.53508652         0.43298295
 -0.53468305        -0.59194049
 -0.82480636         0.18275917
 -1.05019543         0.50061782
 -0.84002254        -0.85259127
 -0.29319360         0.55375317
 -0.64042854         0.77939161
 -0.64953927         0.37976471
 -0.40509836         0.79712899
 -0.20691038        -0.52606628
  0.09408702        -0.48776132
  0.17390759         0.20278894
  0.04482087        -1.06673672
 -1.17280652        -0.80355496
  0.57486475         0.09345147
 -0.01885234         0.23192232
 -0.56191903        -0.73984922
  1.61505680        -0.19383939
 -1.39731807         0.96838381
  1.47427060        -0.23432984
  0.63072578        -0.59806060
 -1.23515507         0.59463572
  1.40796877        -0.75967291
  0.50516559         0.24396127
 -0.76472121        -1.30025748
  0.95096722        -0.25628764
  0.06086961         0.41083839
  0.90861277         0.26672927
  0.07533007        -0.37975361
  0.17177875        -0.78264812
  0.10185848        -0.43665371
 -0.87798775         0.01406134
 -1.73055731         0.13650333
 -0.54210129        -2.24665337
 -1.06492206        -0.12623485
  0.57611426         1.88150657
 -0.10638842        -0.00119325
  1.15273972        -0.25180082
 -0.30387542        -0.29528343
 -0.58150162        -0.83446656
 -0.28272887        -0.23842337
  1.09085141         2.04182465
  1.23985809        -0.61551186
 -0.12578597         0.28811976
 -1.05433852        -0.70854255
  0.96916501         0.70904820
  0.55954723         0.64871344
  0.24558062        -0.94650561
 -0.76072387         1.00839762
 -1.05076198        -0.12990946
  1.25926533         0.22354254
 -0.06863869         1.07538718
 -0.18142463        -0.83432577
 -1.48971397         0.31157120
  0.33894641        -1.63731478
  1.02264655        -0.64090505
 -0.10722678         0.82140744
  0.25652899         0.78276877
 -0.55114523         0.16187189
  1.01615939         0.02110646
 -0.54741727         0.32748245
  1.57204901        -0.55248931
  0.39071989        -0.17098582
 -0.21695387         1.12435273
  0.12960875        -0.25625799
  0.24843780        -1.04122991
  1.18326365        -0.50712870
 -0.22528053        -1.52457145
  0.17124352        -1.82329726
 -0.05801055        -0.43686362
  1.71488252         0.16553171
 -0.40315623        -0.71261586
 -0.36038657        -0.90166383
 -1.17462077        -0.10395785
  0.04256516         0.22806541
  0.19733510        -1.07335761
  0.48964212         1.38690732
  0.36160520         0.53078908
  0.44233450        -1.02552192
  0.74767307         1.14847055
 -0.08027424         0.29717552
 -0.94634247         0.08312954
 -0.48914283        -0.48759063
  1.34095859         0.09162023
 -1.08477211         1.19260532
 -0.29367274         0.52366228
 -0.50672773         0.08920503
 -0.10707826        -0.38382787
  0.04263869        -0.22941097
  1.22116908         0.01523922
  1.72990124        -0.96389554
 -0.76170093         0.34810404
 -0.71872350         0.08481522
 -0.13773074         0.30865595
 -0.65637057         1.25881679
 -0.07112555         1.04043366
  1.72656558         0.75670743
  0.22458217         1.33703055
 -0.10128412        -0.50080611
 -1.07014914        -0.46358001
  0.17604933        -0.35343070
 -0.80866727         0.77312364
  0.82152310        -0.27879735
 -0.87063989        -0.27940619
  0.23033451         0.57298366
  0.02976872        -0.78546494
 -0.02654622         0.90916949
  0.87114572         0.24913033
  1.28248000        -0.14996826
 -0.37671903         0.87055885
 -1.56935075         0.12343645
 -0.62007832        -0.83578689
  1.57976849         1.45870745
  1.38865411        -1.16359793
 -0.69390524         0.42093715
 -0.87786115        -0.46595111
  0.29961690        -0.46991553
  0.10662605         1.14539862
 -0.19552040         0.59801847
 -0.37032722        -0.66997232
  0.28572759        -1.24862840
  1.28672254        -0.81369030
  0.38955425         1.80570864
 -0.57759927         0.90948203
 -0.34410486        -0.58287036
  1.00192949         0.03080523
 -0.46915348         0.59541102
  0.76441407        -0.63605178
 -1.75125069        -0.97195230
 -1.52696084        -0.28407697
  0.35212189         0.40581165
  0.64820985         0.48030702
  1.06207045        -0.05326171
 -0.98598273         0.56136230
 -0.98985243        -0.86468602
 -0.27565322         0.40580704
 -1.04734554        -0.06119627
 -1.17643457         0.31107856
  0.45023773         1.08386907
  0.97764782         0.26926073
 -0.22610773        -0.15003273
  0.55601268         0.46148122
  0.59764890         1.16819160
 -0.94136846         0.87758313
  0.57286190        -0.92534486
 -1.08416266         0.66526036
 -0.66893942        -1.04137742
 -0.08430018        -0.20481632
  1.91303173        -0.28987277
 -0.53835456        -0.28563173
  0.12802291         0.44877729
 -0.77793017        -0.23846720
 -0.61363499        -0.44874390
  0.20212355        -1.41129701
  1.20410017        -0.72471360
  1.44690655        -0.25231285
 -0.36948672        -0.45641971
 -1.70744534         0.81223890
  0.88522389         0.60429328
  0.45339217        -1.46469955
 -0.27292406        -1.43005407
 -0.83668267        -0.28095755
  0.37262069        -0.22805378
 -0.53055793         0.52795645
  0.31054055        -0.82921207
  0.31011456        -0.48877625
  1.21326516         0.02942558
  0.40710393        -0.33061149
  0.16602210        -0.49282204
  0.35418975         1.83425686
  0.17223853        -0.73738914
 -1.08821249         0.36994062
 -0.69119701         1.12582641
 -0.29964494        -0.47746087
 -1.03709112        -0.55081167
  0.31001132        -0.63311852
  0.83796907         0.63867544
  0.27345850        -0.31064892
 -0.20148933        -0.83646514
 -0.91173565        -0.00375837
 -0.42269470        -0.73875327
  0.49660914        -1.29890684
  0.25626352        -0.67451993
 -0.91582829        -0.43501396
  0.48988239        -0.35964099
  0.46991543         0.45024107
 -0.81341085        -0.06472785
  0.00652551         1.56784491
 -0.34112430        -1.12828048
  0.11790345        -0.35533093
 -1.10363305         0.39211968
 -0.72554687        -0.50060299
 -1.30322686        -0.45823378
 -0.17200115         0.32069420
 -1.69784088         0.86090546
 -1.64522933         0.30798601
  0.49334424         0.52769839
 -0.87181676         0.56776545
 -0.83900531        -0.06352955
 -0.02574335         0.40108058
  0.51021067        -0.97222174
 -0.05772725         0.08343477
 -1.77283963         0.66354723
 -0.63607229        -1.33250132
 -0.40251739         0.34918227
 -0.20022085         0.87040138
  0.03813778        -0.34507784
 -0.90417471        -1.55146651
 -0.06690606        -0.08360898
 -1.42480299        -2.93221130
  1.36176686        -0.45373445
 -0.85971508        -0.37796065
  0.23227296        -0.45201378
  1.34533387         0.17627678
 -0.10940951        -0.63638982
  0.87051424         0.34966443
  1.40463040         0.30498701
 -0.11340138         0.13890996
  1.68817620        -0.95595835
 -0.66134912        -0.57076438
 -0.13901708         1.01469248
  0.67449654         1.39175230
  0.01933602         0.66351361
 -0.16025424        -0.19292458
 -1.20802608         1.38823773
 -1.18262278         1.15981284
  0.52489587         0.07308779
  0.22311618        -0.72364553
  0.37140856        -0.68965555
  0.15533518         0.03970334
 -1.63292946         0.55356871
  0.11473294        -0.50523807
  0.28963197         1.43733948
 -0.83611457         1.12423467
 -1.04881865        -0.21209561
  0.39685001         1.02287379
 -0.16378193         0.09970356
  0.42906419        -0.58246540
 -0.64270065        -0.23940806
 -0.31731427        -0.57692229
  1.03033716         1.48948592
 -1.20989832        -0.26178201
  0.50024593         0.22708307
 -0.04510810         0.17168448
  1.42737690         0.63612891
 -0.48781628        -0.47631603
 -1.04557834        -0.77637707
  0.82512265         0.64468711
 -0.81598698         0.89771618
  0.27245196         0.31420220
 -0.23556370        -0.55152039
 -1.34763305         0.64838046
 -0.14593066         0.36888972
 -0.03787902         0.65817766
 -0.09095478         0.56138215
 -1.69267257         0.12371010
  0.82515777         0.62405116
  0.17413998         0.72877602
 -0.25558662         0.16670600
 -0.94123335        -0.86703657
  0.80495206         0.34359133
 -1.34873760         0.11730469
  0.47442742         0.22797864
 -0.02061741         1.13938655
 -0.54109289        -1.51208745
 -0.56894939        -0.23606841
 -0.89831986         0.10075112
 -0.98604210        -0.04307711
  0.98681311         0.15404916
  1.01069954        -0.08376443
 -0.32835429         0.56012742
 -0.47540381        -1.41917741
 -0.23877687        -0.82051661
 -0.20996745         0.53716270
  0.78757092        -1.22354180
  0.46533806         0.36716193
 -0.13063181        -0.64411526
 -1.29384550         1.32546095
  0.77496155         0.10677444
 -1.17896668        -0.93986374
  0.44555909        -0.50598144
 -0.66919540         2.20582773
  1.23647409        -0.52460427
  0.11763504         0.77912796
  0.05144151        -1.84936138
 -0.28254969        -0.33624027
 -0.00534894        -0.07653045
  0.05543425        -0.28073648
 -0.54599068        -1.86582146
  0.67253605        -0.86234819
  0.92609079        -0.38454014
  0.10212451        -0.26902608
 -0.00360632         0.49282155
 -1.39089865        -1.24894594
  0.53070928         1.30053696
 -0.13561817        -0.51799365
 -1.55651412        -0.18234178
  0.00274315        -0.63848089
  0.15887796        -0.35328959
  0.15310767         1.48692337
 -0.06430109        -1.33256875
  0.11496149         0.49741309
  1.14259164        -0.54593239
  0.28106273        -0.13246039
  0.21914673         0.22791768
  1.46718205         0.16601812
  0.81082410        -0.11929550
 -0.62246998        -1.15887209
  0.39164203         1.08083067
 -0.88300823        -0.17876231
  0.48159509        -0.02029086
  0.57448563        -0.43630428
 -0.18503355         0.41163091
 -0.91677267        -1.19446358
 -1.16864232        -0.49671024
 -0.03312171        -0.58695810
  0.01822793         1.44752532
 -0.19846168        -1.06656912
 -0.32095106        -0.55982265
 -1.40984156        -0.70332809
 -0.50553086         0.32248348
 -0.33446046         0.11611881
 -1.37487218        -0.87895868
  0.17582091        -0.06626242
  0.78846287        -0.72456839
  0.26312844         0.10322637
 -0.24869858         0.85443650
 -0.34297426         0.07446687
  0.24936133         0.72931634
  0.25319896         0.08495403
 -0.75664874        -0.59284418
  0.13258712        -0.44003296
 -0.55919558         0.00351063
  1.09586579        -0.23806896
  0.88267828        -0.33266217
  0.05799220         1.32117606
 -0.21850426         0.34800651
 -1.02441530         1.07639097
 -0.30420696         0.16894007
  0.01196826         0.06410044
 -0.52178946         0.84553717
  0.04148855         0.59542242
 -1.19502613        -0.31641183
 -0.27887694         1.19713235
 -0.57569601         0.43816702
 -0.04133149         0.30493536
 -0.61686832        -0.13128038
  0.71718852         0.03883567
 -0.81707038         0.26545458
  0.25551103        -0.30241402
 -0.58033847         1.00508340
 -1.82965616        -1.37136527
  0.36022612         0.03070295
  1.42861785         0.53686972
  0.03028172        -0.22496701
 -0.61093676        -0.64814318
  0.04111978        -1.04586881
 -0.03602309         0.06408486
 -0.51723737         0.17571356
  0.85552791         1.89170040
  0.37273561        -0.57034792
 -0.63443605        -0.56859395
  1.08497054        -0.24415675
 -1.05614801        -0.06098826
 -0.47656618        -0.62224771
 -0.16377132        -0.88498496
 -0.23724320         1.22233046
 -0.87750231         0.63689930
 -1.04363557         0.28192403
 -0.40884620         0.09861831
  0.45685425        -0.14774894
 -0.45770268        -0.92185759
 -0.38256812         0.29854605
  0.59045966         0.55131287
 -0.42741278         0.46745318
  1.38473644         0.74209638
  0.27037088         1.24204126
 -0.40655802         0.04981181
  0.32677141         0.03550316
  1.07638174         1.32467565
 -0.17339787         1.35694001
  0.15891392         0.72266274
 -1.08058534        -0.45501276
 -0.03045907         0.80792146
 -0.01980165        -0.79937449
  0.79372408         0.74772747
 -0.39813237         0.57010741
  1.21279525        -0.23608712
 -0.51574979         0.06056504
  0.59261528        -0.23714888
  0.20887543        -0.77764530
 -1.01004608        -1.05343097
  0.83138438        -0.55939808
  1.45841876        -0.57955814
  0.14798209         0.45180817
  0.14446633        -0.45176368
  0.28151922        -0.77301337
  0.60238766        -0.32688126
 -0.98542445         1.07706014
  0.35851045        -0.30044064
 -0.47043604         0.12962176
  0.02812284         1.04613206
  0.24354903         2.16645152
 -1.06246129        -0.86799737
 -0.51910618         0.90557407
 -0.31358818        -0.14602828
  0.66012931        -1.31878195
  1.20172543        -0.31868148
 -0.46987441         0.06485462
 -0.50856907         0.19542846
  0.28695655        -0.00613191
  1.60192195        -0.60509521
 -0.20663301        -0.03406260
  0.24949212        -0.52407347
  0.99894139         0.49985423
 -0.18418231         0.10362420
 -0.15059722         0.21769946
  0.72505870         0.47942516
 -0.15681469        -0.24385546
 -1.08813173         0.22311334
  2.63185079        -0.26916578
  0.39429539        -0.53377997
 -0.40756851        -0.21582159
  0.63614049        -0.55730457
 -0.09221248         0.19866531
 -0.21291877         1.26172883
  0.75889719         0.50972759
  0.71453388        -0.53695787
 -1.24169611        -0.33589365
  0.01713145         1.12397929
  0.52500211         0.45823495
  0.98539531        -1.01702801
  0.92001277        -1.01576597
 -0.81547006        -0.02589930
 -0.35377194        -0.21962573
  0.32296656        -1.40842600
  0.75184232        -0.82368683
 -0.38726255         0.78377271
 -0.63912556         0.95534138
 -0.16767640         0.14606133
 -1.42963294        -0.12885852
  0.34458062        -0.16671797
  0.68438770         0.33962732
 -0.51418682        -1.05176865
  0.14851771        -1.56542693
 -0.18755462         0.97190026
  0.00285544         1.09967623
 -0.50305303         0.80724712
 -0.19522503        -0.54917673
  1.50101061         0.34415484
  0.16687259         0.30129849
  0.97432317         1.09438863
 -0.93547070        -0.82334154
 -1.42110485        -0.15769945
  1.52041243        -0.48750754
  0.67156636        -0.66106119
  0.50436464        -0.18726296
  0.07938288        -0.09983229
  0.56111604        -0.56750523
  0.16430397         0.28290443
  0.45704183         0.68193272
 -0.02679062        -0.02486719
 -0.05092698         0.95445147
  1.47304104        -2.48902841
  1.72951963         0.38876368
 -1.40750580        -0.58601850
 -0.70850922         0.23510092
 -0.30522762         0.67104977
 -0.93739553        -0.12146282
 -0.49381161         0.89459611
  1.16871875         1.29470919
  1.05782522        -0.30923849
  0.46840485        -0.39425213
  0.29578495        -0.07723420
  0.82215100         0.74126365
 -0.45041068        -0.10143180
  0.78293565         0.56036243
  0.48766181         0.99443631
 -0.59614546         0.36192912
  0.86694755        -0.58374040
  0.02844429        -1.20278355
  0.95769037         0.04198963
  0.39916631         1.04400408
 -0.83781880        -1.52107940
 -0.62550702         0.81183357
 -0.83802321         0.94975895
 -0.92757168        -0.80788624
 -0.26532117        -1.11557999
  0.30426558        -0.59480605
  0.85486391         0.68298251
  1.43837057        -0.07547934
 -0.28310091         0.47422743
 -0.01821727        -0.39542490
 -0.34247083        -0.38138485
  1.00070580         0.80477980
  0.79328101         0.52554407
 -1.09382510         0.51547059
  0.28103974        -0.95046057
 -0.18341448        -0.13094342
  0.64043604        -1.07817981
  0.71385569         0.86922016
  0.87534834        -0.25045561
 -0.09527411        -0.19274537
  0.73057423         0.63686094
  0.14114481         1.27223348
  0.58120524         0.68971130
  0.93425330         0.39092440
  0.55498027        -2.31263500
 -0.83550298        -0.43012797
  0.90219769        -0.33427911
  0.06360597        -1.09087020
  0.12216557         0.03081908
  1.22968372         0.93582466
  0.29195526        -0.69046067
  1.41805071        -1.16984934
 -1.53085255         0.82853076
 -0.28029236        -0.17253747
  0.20589609         0.83068368
  0.21935846         0.81225900
  0.07858944        -0.91997800
  0.46065277        -0.03186616
 -0.54392079        -0.45725046
 -0.76550625         0.20693806
 -0.46524296        -0.00589052
 -0.62059919         0.61106677
 -1.15154349         0.04720830
 -0.93251333        -0.18784507
  0.25219897        -0.39837888
  0.18262233         0.28489709
  2.48683260        -0.20296501
  0.43594041         0.45875296
  0.17534680        -0.52381621
  0.49591152        -0.42499668
 -0.73841722         0.41387664
 -1.35125876        -0.03386641
  0.62745577        -0.23540162
  0.31203050         0.11760031
 -0.55818927        -0.61062448
 -0.22722384        -0.48438176
  0.23566411        -1.00254730
  0.37637304         0.48400325
 -0.27122487        -0.74230078
 -0.04647590         1.04162673
  0.32492264        -0.38393467
 -0.64905303         0.29991698
  0.99335580         0.79196939
  0.22806375        -0.55414403
 -0.45243862        -0.08817216
  0.93357965        -0.71573753
 -0.40085521        -0.13110705
  0.40599791         0.52400313
 -1.62863412        -0.86740929
  0.68523994        -0.01929891
  0.45900132         0.21335476
 -0.54988545         0.10582809
  0.72857785        -0.64393366
 -0.41469801         0.80976279
  0.07077719        -0.10084907
  0.45230238        -1.27459503
  0.95975768        -0.07852103
 -2.34646082         0.13530383
 -0.56857751         0.27673772
  0.34045698         0.32923986
  0.93188143         1.77150850
 -1.62796789        -0.31963096
  0.37897978        -0.82973443
 -0.13432558         1.26492719
 -0.53088670        -1.67619629
 -0.73033891        -0.24278811
 -0.38535956        -1.88616766
 -0.71680080        -0.57952808
  0.22661951        -0.62625225
 -0.66034160        -0.76497870
 -0.02529530        -0.07955300
  1.10335289         0.68302117
  0.32498512        -0.91562330
 -0.74439561         1.33585685
 -0.65943226         0.11728394
  0.48918830         0.54015948
  0.87072975         0.83733055
 -0.02855700        -0.45684207
 -0.36193298        -0.48600627
 -0.04032788         0.29782345
  1.68553314         1.07616031
  0.32036751        -0.14811810
  0.33133186        -0.13143803
  0.12237377        -0.85748870
 -1.20975835        -1.71280853
  0.52488887         0.73364282
  0.33363684        -0.67364904
 -0.38112430        -0.48435637
  0.48966862         0.53718011
  1.06346518         0.15574218
  0.27934143        -0.85608689
 -0.19821625         0.16684953
  0.65216260        -0.64853777
 -0.04131699         0.46160216
 -0.41212618         0.61935582
 -0.73162964         0.58071606
  1.77611252        -1.51966866
 -0.37111667        -0.82605687
  1.15453968         0.24749040
  0.34323404         1.42016238
 -0.10626953        -0.45101318
  0.15699488         0.81334785
 -0.27531829        -1.19961742
  0.49212283        -0.19218423
 -0.47871351         1.28789824
  0.37524003         1.35420419
 -0.86435023        -0.46158602
  0.80460647         0.49308654
 -0.92773283        -0.46030436
  0.88655001        -0.04781102
  0.14780609         0.37474608
 -0.46693898        -0.90823860
 -0.75756982         0.30114788
 -0.09796056         0.13214986
  0.55996452         0.32854216
 -1.13540681         0.35270289
  1.93237805         0.60468753
 -0.24045246         0.11893128
  1.08591336        -0.23397198
  1.13519191        -0.10234519
  0.40556871        -0.24635891
 -0.03440161         0.50973907
  1.23546326        -0.14750925
  1.19197719         0.32345003
 -1.64185995        -0.63154708
  1.45016421        -0.41905139
  2.07399149         0.46793246
 -0.29808212        -0.31423095
 -0.71162720        -0.62419241
 -0.53765013        -0.33859861
 -0.18410675         0.80839511
  1.64330884         0.80915544
 -0.40039346        -0.11218771
 -0.98783574         0.98497474
 -0.08151242         0.66231100
  0.05149010        -0.01852021
  1.44537683        -0.55443568
 -0.66754241         1.14215447
 -1.40200595        -0.66419853
  0.20907777         0.29218660
  0.06297156         0.77008511
 -1.34624006         0.63991881
 -0.85698791        -0.34366201
 -0.56806437        -0.00480875
  0.28089965        -0.89439047
  0.34615203        -1.16909618
 -0.86436900        -0.30824216
 -0.62161094        -0.53299073
 -0.72161174        -0.64520689
  0.12489539         0.29319630
  0.32616170         1.22057690
 -0.03323708         0.50982966
 -0.31293736         0.61318373
  0.65263225        -1.84597798
 -0.18493942         0.78606677
  0.24616398        -0.47179471
  1.05745633        -1.45920516
  0.72138846         0.22923608
  0.64569144        -0.83809020
 -1.11879969        -1.25255975
  0.62552442         0.30857574
 -0.71577760         0.00641023
 -0.62943417        -0.73665162
 -0.05310327         0.48961696
 -0.88580238         0.20479057
  0.17955373         0.16262594
  0.70357500         0.24361070
 -2.09027718         0.80890872
 -0.27017772        -1.05614614
  0.76360048        -0.03852203
 -0.19827978        -1.09616295
 -0.72501909         0.67837945
 -0.55159351        -0.56506222
 -0.42018153         0.90543236
 -0.14630199        -0.25796157
 -0.02288933        -0.09797899
  0.12070609         0.69130574
 -0.20811604         0.83701820
 -0.52323460        -0.39725410
 -1.31419413        -0.21986962
  0.28658284        -1.08105347
  0.16452670         0.03286026
 -2.37543589         0.43014249
 -0.26487437        -0.60997772
 -0.40207650        -0.85405404
 -0.08834670         0.44449660
  0.53197599         0.34221836
  0.59796508        -0.11497429
  0.06939700         2.52615010
 -0.48184491         0.81492079
 -0.60691956        -0.74286682
  0.96577230         0.40461222
 -0.42207789        -0.34456169
 -0.31100828         0.12713079
 -0.98678736         0.48627544
  0.65508395        -0.51892282
  0.75488413        -1.40305378
 -0.41904479        -0.59258219
 -0.95948358         0.61531171
  0.49013588        -0.28200070
  0.19680939         0.67209822
  0.47188622         0.14927398
  0.27466703         0.93035751
  0.52889374         0.25769326
  0.62949520        -1.01576970
  0.09971355         0.18085946
 -0.72820846        -1.45510536
 -0.51381336         1.12503890
  0.67106587        -0.49359267
 -0.74420537         0.59819989
  1.22186609         1.47356987
 -0.68492196         0.63424578
  0.42463192         0.46685506
 -1.78067469         0.09327319
 -0.92506155         0.92575023
 -0.66154620        -0.24413137
 -0.32939936        -0.44293538
 -0.57107125        -0.22238816
  0.21789240         2.02127480
 -1.29206712         1.15711702
  0.38617815        -0.47447875
 -0.92344210        -0.69629965
 -0.14981779        -0.08240516
 -0.03031965        -0.43111201
 -0.53222086         0.19208777
 -0.09254101        -0.87239799
 -0.65511207         1.98300837
  1.88993458        -0.22855383
 -0.69936877         0.37347737
  1.65413501         1.51795859
 -1.28931948        -0.59809424
  0.61632149         1.01348989
 -0.30599706        -1.02981109
  0.74054102         0.35092634
  1.21082739         0.04853683
  0.94500705         0.02640021
 -0.46743719         0.06337783
 -1.87481907         0.89485922
  0.63580030        -0.23996532
  0.33082229         0.48385354
 -0.11401666         0.49627788
 -0.22931427        -0.83520304
  0.17736322        -0.03490055
 -1.17779756         0.24346913
  0.13714423        -0.57163183
  0.46556420        -0.33642140
 -0.44047613         0.26620477
  0.14319210         0.03160672
  1.43760335         0.16378066
 -0.06129396         1.25443371
  1.45174329         0.15144801
  1.25896224        -0.54721927
  0.83221215         0.46655203
  0.13813591         0.27174030
 -1.31949049         0.93695908
  0.15648479        -0.97781772
 -0.89369691        -0.56998574
  1.06879886        -0.21695923
 -0.24661916         0.75190999
 -0.70715569         1.11811820
  1.07479131         1.34108806
  0.80249542        -0.67290995
  0.95766420        -0.15584754
 -0.23711895         1.24313716
 -1.63948243        -0.28132537
  0.66070972         0.33110870
  1.34562333         0.78219263
  0.47353381         0.06153611
  0.06623819         0.68812655
  0.12835243         0.04740288
  0.43145686        -1.64757402
  0.74187572        -0.70469209
 -0.35672816        -0.69135626
 -0.01354255         0.94378062
 -0.12209454        -0.32346655
  0.55742736         1.50103145
 -0.42622439        -1.11838379
 -0.52839728        -0.14052661
 -0.48735255        -0.07497898
 -0.02431329         0.02878165
 -1.14067339        -0.12081240
 -0.76816768        -1.19940571
 -2.37397679         0.09394940
  0.15698514        -0.42243482
 -0.18045468        -1.04894663
  0.09692532         1.66666636
  0.70173001         0.38875580
 -0.43272851        -1.20863377
 -1.24296282         1.35689860
 -0.60746712         0.12145477
  0.21763270        -1.16714928
  0.61610877         0.80971863
 -1.93903528         0.02396248
  0.10358338         0.89814656
 -0.81074009         1.10734330
  0.15849820         0.60708818
  0.60375659         0.56410246
  0.99219193        -0.74867928
  0.52416430         1.13903803
 -0.26634571         0.48650786
  0.63854707         0.55898295
 -0.28260961        -0.19891284
  0.53571822        -1.03045498
 -0.70943292         0.03282846
  0.56919532        -0.40011598
  0.65072456         1.44045831
  0.35649198         0.14000292
 -0.20879258         0.78318244
  2.05700030         0.49373639
  0.43210017        -0.37687712
  1.37240908        -0.95641063
 -0.48356361        -0.73458619
 -0.22038822         0.97952232
 -0.17780033         0.84122828
  0.36850947         1.15099975
 -0.04050390        -0.56868621
  0.24249904        -1.70886739
  0.01894293        -0.23465276
  0.59418906        -0.64830738
 -0.21873856         0.17987676
  0.43318563        -1.18705398
  1.14425085         0.32949028
 -0.69176046         1.06691188
  0.50464907         0.14702461
 -0.10065343        -1.29529075
 -0.16702023         0.59370173
  0.04438622         0.78350532
 -0.93077787        -0.01513440
  0.60242531        -0.51996013
  0.69506363         0.95314744
  0.28980566         1.02119326
 -0.05447856         0.13012131
 -1.78369153         0.11693582
 -0.01018395         0.00831303
  0.44005894        -0.29685001
  1.09308954         0.06133745
 -0.73091539        -1.45123440
 -1.22875591         0.33694937
  0.53885833        -0.82744691
 -0.45002221         0.55420028
 -0.92513038         0.08936612
 -0.63827579         0.25837270
  0.68817580         1.45008380
 -0.12748878         0.22590687
 -0.38214514        -0.40628997
 -1.14757808         0.86392694
 -0.58166131         0.61159881
  0.48861136        -1.32766454
  0.88818854        -1.74047579
  0.58679177        -0.90133535
  0.26324187         0.43138875
 -0.56552847         0.36490610
 -0.16736828         1.24169992
 -1.08229770        -0.76897889
 -0.24082468         0.34044611
  0.70240279        -0.08555837
 -1.80934331         0.71361775
 -0.25129461         0.16534898
  0.66044081        -0.48821877
  1.16501216        -0.08247074
  0.64619956        -1.50391584
  0.84296525        -0.71582925
  1.98768306        -0.58195152
  0.23952775         0.13133822
 -0.17366640         0.75162647
 -1.44602901        -0.38129815
  0.45805893         0.70764105
 -0.43830637        -0.61590285
  0.38111993         0.85586681
 -0.79735826        -1.14216870
 -0.34972075         1.17801498
  1.38273605        -0.29008436
  0.34880465         0.83606406
 -0.49623259         0.10630364
 -0.77914719         0.65523647
 -0.04629681         0.35949169
 -0.86493121        -0.42762869
  0.84055467         0.09484148
 -1.30361656        -0.51600922
  0.39986935        -0.05933211
 -0.60623561         0.16432842
  0.56219990        -0.74308862
  0.41336377         0.39027145
  0.53139567         0.55691858
 -0.15897728         0.43754117
  1.07281662        -0.15688575
  0.08076149        -0.93445515
  0.24684780         1.52423950
  0.67453575        -1.25795059
 -0.17233066         0.70124616
 -0.27617948         0.01228016
 -1.64488802        -0.74991211
  0.04566759        -0.01401870
  0.70950673        -0.59087897
 -0.48391043        -0.64894272
 -0.25175511         1.57139326
 -0.12415201         0.28687317
 -0.50653782        -0.18145346
  0.76795550        -1.58065539
  0.20548401        -1.27366208
  0.70424415         0.72786758
 -0.56314104        -0.83014165
 -0.49691661         0.12861623
  0.65874486        -0.00919633
 -0.69719909         0.26888312
  1.07865096        -0.90834076
  0.16462973        -0.52664891
 -0.48999321        -0.90057381
  0.55980051        -0.81160717
 -0.42467223        -0.20595561
  0.09296015        -1.17057433
  0.02830372        -0.40443094
 -0.77931152        -0.01852640
  0.34760790        -1.23370956
 -0.13446686         0.11974749
 -1.00090085         0.84863524
 -0.48495011        -1.46269726
