 0.3841112179589
 0.0000000000000
 0.3840599168760
-0.0063249900778
 0.3839060267288
-0.0126483415138
 0.3836495868177
-0.0189684161011
 0.3832906626302
-0.0252835765029
 0.3828293458211
-0.0315921866870
 0.3822657541847
-0.0378926123597
 0.3816000316193
-0.0441832213995
 0.3808323480833
-0.0504623842893
 0.3799628995444
-0.0567284745485
 0.3789919079200
-0.0629798691629
 0.3779196210103
-0.0692149490141
 0.3767463124235
-0.0754320993070
 0.3754722814935
-0.0816297099958
 0.3740978531893
-0.0878061762081
 0.3726233780176
-0.0939598986671
 0.3710492319172
-0.1000892841119
 0.3693758161460
-0.1061927457147
 0.3676035571606
-0.1122687034967
 0.3657329064885
-0.1183155847406
 0.3637643405929
-0.1243318244006
 0.3616983607302
-0.1303158655096
 0.3595354928002
-0.1362661595830
 0.3572762871893
-0.1421811670200
 0.3549213186067
-0.1480593575008
 0.3524711859136
-0.1538992103808
 0.3499265119451
-0.1596992150813
 0.3472879433259
-0.1654578714756
 0.3445561502790
-0.1711736902725
 0.3417318264277
-0.1768451933950
 0.3388156885913
-0.1824709143544
 0.3358084765742
-0.1880493986216
 0.3327109529489
-0.1935792039923
 0.3295239028325
-0.1990589009493
 0.3262481336571
-0.2044870730186
 0.3228844749349
-0.2098623171220
 0.3194337780163
-0.2151832439245
 0.3158969158431
-0.2204484781761
 0.3122747826960
-0.2256566590495
 0.3085682939359
-0.2308064404717
 0.3047783857410
-0.2358964914515
 0.3009060148369
-0.2409254964001
 0.2969521582236
-0.2458921554477
 0.2929178128958
-0.2507951847535
 0.2888039955594
-0.2556333168107
 0.2846117423424
-0.2604053007454
 0.2803421085018
-0.2651099026100
 0.2759961681260
-0.2697459056706
 0.2715750138323
-0.2743121106882
 0.2670797564611
-0.2788073361943
 0.2625115247647
-0.2832304187603
 0.2578714650937
-0.2875802132606
 0.2531607410784
-0.2918555931296
 0.2483805333071
-0.2960554506126
 0.2435320390009
-0.3001786970103
 0.2386164716850
-0.3042242629167
 0.2336350608566
-0.3081910984509
 0.2285890516500
-0.3120781734826
 0.2234797044989
-0.3158844778507
 0.2183082947953
-0.3196090215759
 0.2130761125463
-0.3232508350664
 0.2077844620280
-0.3268089693170
 0.2024346614378
-0.3302824961021
 0.1970280425430
-0.3336705081617
 0.1915659503291
-0.3369721193811
 0.1860497426448
-0.3401864649632
 0.1804807898455
-0.3433127015957
 0.1748604744361
-0.3463500076100
 0.1691901907105
-0.3492975831346
 0.1634713443917
-0.3521546502413
 0.1577053522689
-0.3549204530854
 0.1518936418348
-0.3575942580383
 0.1460376509212
-0.3601753538146
 0.1401388273343
-0.3626630515920
 0.1341986284883
-0.3650566851244
 0.1282185210402
-0.3673556108493
 0.1221999805222
-0.3695592079880
 0.1161444909754
-0.3716668786393
 0.1100535445820
-0.3736780478674
 0.1039286412989
-0.3755921637827
 0.0977712884900
-0.3774086976161
 0.0915830005597
-0.3791271437882
 0.0853652985862
-0.3807470199702
 0.0791197099555
-0.3822678671405
 0.0728477679958
-0.3836892496339
 0.0665510116128
-0.3850107551849
 0.0602309849257
-0.3862319949651
 0.0538892369042
-0.3873526036140
 0.0475273210062
-0.3883722392649
 0.0411467948172
-0.3892905835634
 0.0347492196906
-0.3901073416812
 0.0283361603892
-0.3908222423237
 0.0219091847286
-0.3914350377311
 0.0154698632219
-0.3919455036756
 0.0090197687262
-0.3923534394507
 0.0025604760902
-0.3926586678571
-0.0039064381949
-0.3928610351814
-0.0103793963443
-0.3929604111708
-0.0168568196252
-0.3929566890012
-0.0233371287010
-0.3928497852410
-0.0298187439724
-0.3926396398094
-0.0363000859179
-0.3923262159294
-0.0427795754298
-0.3919095000761
-0.0492556341497
-0.3913895019200
-0.0557266848001
-0.3907662542653
-0.0621911515142
-0.3900398129835
-0.0686474601628
-0.3892102569423
-0.0750940386784
-0.3882776879304
-0.0815293173766
-0.3872422305767
-0.0879517292748
-0.3861040322661
-0.0943597104079
-0.3848632630505
-0.1007517001407
-0.3835201155559
-0.1071261414779
-0.3820748048848
-0.1134814813706
-0.3805275685147
-0.1198161710198
-0.3788786661935
-0.1261286661767
-0.3771283798294
-0.1324174274400
-0.3752770133785
-0.1386809205498
-0.3733248927279
-0.1449176166779
-0.3712723655753
-0.1511259927156
-0.3691198013054
-0.1573045315570
-0.3668675908625
-0.1634517223802
-0.3645161466199
-0.1695660609239
-0.3620659022463
-0.1756460497614
-0.3595173125685
-0.1816901985708
-0.3568708534315
-0.1876970244012
-0.3541270215557
-0.1936650519368
-0.3512863343908
-0.1995928137557
-0.3483493299672
-0.2054788505865
-0.3453165667447
-0.2113217115608
-0.3421886234583
-0.2171199544620
-0.3389660989621
-0.2228721459708
-0.3356496120702
-0.2285768619071
-0.3322398013953
-0.2342326874679
-0.3287373251853
-0.2398382174623
-0.3251428611578
-0.2453920565422
-0.3214571063320
-0.2508928194300
-0.3176807768592
-0.2563391311419
-0.3138146078511
-0.2617296272088
-0.3098593532062
-0.2670629538922
-0.3058157854344
-0.2723377683979
-0.3016846954804
-0.2775527390850
-0.2974668925452
-0.2827065456721
-0.2931632039056
-0.2877978794393
-0.2887744747334
-0.2928254434278
-0.2843015679120
-0.2977879526342
-0.2797453638529
-0.3026841342033
-0.2751067603100
-0.3075127276157
-0.2703866721934
-0.3122724848734
-0.2655860313820
-0.3169621706805
-0.2607057865348
-0.3215805626220
-0.2557469029020
-0.3261264513381
-0.2507103621343
-0.3305986406955
-0.2455971620926
-0.3349959479555
-0.2404083166558
-0.3393172039388
-0.2351448555285
-0.3435612531867
-0.2298078240488
-0.3477269541197
-0.2243982829940
-0.3518131791919
-0.2189173083874
-0.3558188150434
-0.2133659913041
-0.3597427626488
-0.2077454376759
-0.3635839374626
-0.2020567680970
-0.3673412695619
-0.1963011176289
-0.3710137037861
-0.1904796356048
-0.3746001998732
-0.1845934854348
-0.3780997325933
-0.1786438444101
-0.3815112918794
-0.1726319035080
-0.3848338829556
-0.1665588671963
-0.3880665264612
-0.1604259532380
-0.3912082585739
-0.1542343924966
-0.3942581311287
-0.1479854287406
-0.3972152117346
-0.1416803184492
-0.4000785838895
-0.1353203306179
-0.4028473470907
-0.1289067465639
-0.4055206169447
-0.1224408597330
-0.4080975252735
-0.1159239755057
-0.4105772202183
-0.1093574110043
-0.4129588663415
-0.1027424949007
-0.4152416447257
-0.0960805672239
-0.4174247530708
-0.0893729791689
-0.4195074057884
-0.0826210929057
-0.4214888340946
-0.0758262813887
-0.4233682860998
-0.0689899281671
-0.4251450268972
-0.0621134271958
-0.4268183386486
-0.0551981826471
-0.4283875206686
-0.0482456087225
-0.4298518895066
-0.0412571294663
-0.4312107790269
-0.0342341785785
-0.4324635404868
-0.0271781992301
-0.4336095426132
-0.0200906438776
-0.4346481716773
-0.0129729740793
-0.4355788315673
-0.0058266603120
-0.4364009438599
 0.0013468182110
-0.4371139478893
 0.0085459737221
-0.4377173008162
 0.0157693100796
-0.4382104776933
 0.0230153229477
-0.4385929715311
 0.0302824999756
-0.4388642933611
 0.0375693209754
-0.4390239722979
 0.0448742580993
-0.4390715556004
 0.0521957760162
-0.4390066087312
 0.0595323320870
-0.4388287154152
 0.0668823765391
-0.4385374776965
 0.0742443526400
-0.4381325159944
 0.0816166968701
-0.4376134691589
 0.0889978390948
-0.4369799945240
 0.0963862027350
-0.4362317679611
 0.1037802049373
-0.4353684839305
 0.1111782567435
-0.4343898555332
 0.1185787632583
-0.4332956145605
 0.1259801238169
-0.4320855115437
 0.1333807321518
-0.4307593158031
 0.1407789765580
-0.4293168154953
 0.1481732400578
-0.4277578176612
 0.1555619005649
-0.4260821482723
 0.1629433310475
-0.4242896522769
 0.1703158996900
-0.4223801936459
 0.1776779700553
-0.4203536554176
 0.1850279012444
-0.4182099397425
 0.1923640480569
-0.4159489679277
 0.1996847611498
-0.4135706804806
 0.2069883871958
-0.4110750371526
 0.2142732690406
-0.4084620169825
 0.2215377458599
-0.4057316183392
 0.2287801533155
-0.4028838589653
 0.2359988237106
-0.3999187760192
 0.2431920861445
-0.3968364261177
 0.2503582666666
-0.3936368853793
 0.2574956884301
-0.3903202494660
 0.2646026718445
-0.3868866336259
 0.2716775347283
-0.3833361727361
 0.2787185924601
-0.3796690213453
 0.2857241581305
-0.3758853537162
 0.2926925426920
-0.3719853638687
 0.2996220551099
-0.3679692656230
 0.3065110025115
-0.3638372926429
 0.3133576903360
-0.3595896984792
 0.3201604224828
-0.3552267566139
 0.3269175014605
-0.3507487605041
 0.3336272285351
-0.3461560236267
 0.3402879038778
-0.3414488795232
 0.3468978267129
-0.3366276818452
 0.3534552954649
-0.3316928044003
 0.3599586079063
-0.3266446411981
 0.3664060613039
-0.3214836064971
 0.3727959525667
-0.3162101348524
 0.3791265783920
-0.3108246811629
 0.3853962354123
-0.3053277207206
 0.3916032203426
-0.2997197492592
 0.3977458301264
-0.2940012830041
 0.4038223620833
-0.2881728587229
 0.4098311140553
-0.2822350337765
 0.4157703845542
-0.2761883861711
 0.4216384729089
-0.2700335146108
 0.4274336794125
-0.2637710385511
 0.4331543054702
-0.2574015982531
 0.4387986537473
-0.2509258548386
 0.4443650283176
-0.2443444903462
 0.4498517348119
-0.2376582077879
 0.4552570805670
-0.2308677312069
 0.4605793747758
-0.2239738057362
 0.4658169286369
-0.2169771976582
 0.4709680555055
-0.2098786944653
 0.4760310710448
-0.2026791049209
 0.4810042933774
-0.1953792591227
 0.4858860432385
-0.1879800085654
 0.4906746441289
-0.1804822262058
 0.4953684224691
-0.1728868065280
 0.4999657077548
-0.1651946656100
 0.5044648327120
-0.1574067411920
 0.5088641334546
-0.1495239927443
 0.5131619496417
-0.1415474015378
 0.5173566246367
-0.1334779707150
 0.5214465056670
-0.1253167253618
 0.5254299439857
-0.1170647125812
 0.5293052950333
-0.1087230015675
 0.5330709186015
-0.1002926836821
 0.5367251789981
-0.0917748725301
 0.5402664452135
-0.0831707040386
 0.5436930910877
-0.0744813365354
 0.5470034954803
-0.0657079508302
 0.5501960424406
-0.0568517502953
 0.5532691213801
-0.0479139609493
 0.5562211272464
-0.0388958315407
 0.5590504606988
-0.0297986336332
 0.5617555282860
-0.0206236616925
 0.5643347426250
-0.0113722331742
 0.5667865225824
-0.0020456886126
 0.5691092934574
 0.0073546082888
 0.5713014871672
 0.0168272705657
 0.5733615424340
 0.0263708879002
 0.5752879049741
 0.0359840265265
 0.5770790276901
 0.0456652291356
 0.5787333708641
 0.0554130147784
 0.5802494023540
 0.0652258787683
 0.5816255977924
 0.0751022925812
 0.5828604407873
 0.0850407037556
 0.5839524231259
 0.0950395357905
 0.5849000449805
 0.1050971880425
 0.5857018151177
 0.1152120356213
 0.5863562511101
 0.1253824292845
 0.5868618795502
 0.1356066953304
 0.5872172362684
 0.1458831354902
 0.5874208665531
 0.1562100268182
 0.5874713253738
 0.1665856215822
 0.5873671776078
 0.1770081471506
 0.5871069982701
 0.1874758058801
 0.5866893727459
 0.1979867750012
 0.5861128970272
 0.2085392065029
 0.5853761779526
 0.2191312270160
 0.5844778334500
 0.2297609376952
 0.5834164927841
 0.2404264141004
 0.5821907968065
 0.2511257060763
 0.5807993982099
 0.2618568376310
 0.5792409617864
 0.2726178068140
 0.5775141646893
 0.2834065855924
 0.5756176966993
 0.2942211197264
 0.5735502604943
 0.3050593286433
 0.5713105719237
 0.3159191053111
 0.5688973602873
 0.3267983161105
 0.5663093686179
 0.3376948007061
 0.5635453539685
 0.3486063719163
 0.5606040877045
 0.3595308155831
 0.5574843558001
 0.3704658904395
 0.5541849591394
 0.3814093279775
 0.5507047138226
 0.3923588323139
 0.5470424514772
 0.4033120800561
 0.5431970195736
 0.4142667201668
 0.5391672817465
 0.4252203738272
 0.5349521181212
 0.4361706343009
 0.5305504256454
 0.4471150667954
 0.5259611184263
 0.4580512083236
 0.5211831280729
 0.4689765675652
 0.5162154040448
 0.4798886247261
 0.5110569140060
 0.4907848313980
 0.5057066441850
 0.5016626104177
 0.5001635997401
 0.5125193557249
 0.4944268051324
 0.5233524322200
 0.4884953045029
 0.5341591756218
 0.4823681620576
 0.5449368923239
 0.4760444624584
 0.5556828592512
 0.4695233112205
 0.5663943237164
 0.4628038351161
 0.5770685032751
 0.4558851825864
 0.5877025855818
 0.4487665241582
 0.5982937282452
 0.4414470528699
 0.6088390586831
 0.4339259847030
 0.6193356739775
 0.4262025590217
 0.6297806407297
 0.4182760390196
 0.6401709949153
 0.4101457121744
 0.6505037417389
 0.4018108907099
 0.6607758554898
 0.3932709120660
 0.6709842793968
 0.3845251393764
 0.6811259254842
 0.3755729619554
 0.6911976744274
 0.3664137957915
 0.7011963754093
 0.3570470840509
 0.7111188459772
 0.3474722975883
 0.7209618718995
 0.3376889354676
 0.7307222070241
 0.3276965254906
 0.7403965731367
 0.3174946247347
 0.7499816598196
 0.3070828201010
 0.7594741243126
 0.2964607288700
 0.7688705913732
 0.2856279992682
 0.7781676531389
 0.2745843110440
 0.7873618689903
 0.2633293760528
 0.7964497654151
 0.2518629388532
 0.8054278358739
 0.2401847773126
 0.8142925406664
 0.2282947032238
 0.8230403068007
 0.2161925629313
 0.8316675278621
 0.2038782379691
 0.8401705638854
 0.1913516457094
 0.8485457412278
 0.1786127400218
 0.8567893524442
 0.1656615119445
 0.8648976561644
 0.1524979903665
 0.8728668769725
 0.1391222427217
 0.8806932052881
 0.1255343756951
 0.8883727972505
 0.1117345359409
 0.8959017746052
 0.0977229108123
 0.9032762245923
 0.0834997291055
 0.9104921998390
 0.0690652618143
 0.9175457182537
 0.0544198228994
 0.9244327629241
 0.0395637700700
 0.9311492820177
 0.0244975055789
 0.9376911886864
 0.0092214770316
 0.9440543609737
-0.0062638217914
 0.9502346417265
-0.0219578500974
 0.9562278385102
-0.0378600192306
 0.9620297235277
-0.0539696918065
 0.9676360335427
-0.0702861808309
 0.9730424698075
-0.0868087488047
 0.9782446979952
-0.1035366068127
 0.9832383481364
-0.1204689135972
 0.9880190145611
-0.1376047746151
 0.9925822558457
-0.1549432410799
 0.9969235947652
-0.1724833089861
 1.0010385182508
-0.1902239181181
 1.0049224773533
-0.2081639510407
 1.0085708872131
-0.2263022320740
 1.0119791270354
-0.2446375262493
 1.0151425400722
-0.2631685382479
 1.0180564336116
-0.2818939113213
 1.0207160789729
-0.3008122261937
 1.0231167115101
-0.3199219999447
 1.0252535306218
-0.3392216848734
 1.0271216997694
-0.3587096673433
 1.0287163465034
-0.3783842666068
 1.0300325624975
-0.3982437336103
 1.0310654035916
-0.4182862497784
 1.0318098898441
-0.4385099257770
 1.0322610055923
-0.4589128002564
 1.0324136995237
-0.4794928385716
 1.0322628847559
-0.5002479314815
 1.0318034389279
-0.5211758938253
 1.0310302043006
-0.5422744631771
 1.0299379878698
-0.5635412984768
 1.0285215614892
-0.5849739786373
 1.0267756620053
-0.6065700011292
 1.0246949914053
-0.6283267805395
 1.0222742169762
-0.6502416471075
 1.0195079714775
-0.6723118452340
 1.0163908533271
-0.6945345319664
 1.0129174268009
-0.7169067754569
 1.0090822222468
-0.7394255533945
 1.0048797363127
-0.7620877514112
 1.0003044321907
-0.7848901614593
 0.9953507398760
-0.8078294801621
 0.9900130564423
-0.8309023071362
 0.9842857463342
-0.8541051432850
 0.9781631416762
-0.8774343890627
 0.9716395425995
-0.9008863427094
 0.9647092175881
-0.9244571984549
 0.9573664038421
-0.9481430446932
 0.9496053076621
-0.9719398621244
 0.9414201048528
-0.9958435218657
 0.9328049411477
-1.0198497835296
 0.9237539326548
-1.0439542932695
 0.9142611663253
-1.0681525817920
 0.9043207004435
-1.0924400623347
 0.8939265651423
-1.1168120286098
 0.8830727629405
-1.1412636527123
 0.8717532693074
-1.1657899829927
 0.8599620332511
-1.1903859418927
 0.8476929779350
-1.2150463237450
 0.8349400013204
-1.2397657925337
 0.8216969768380
-1.2645388796181
 0.8079577540884
-1.2893599814167
 0.7937161595722
-1.3142233570513
 0.7789659974515
-1.3391231259515
 0.7637010503427
-1.3640532654176
 0.7479150801426
-1.3890076081418
 0.7316018288878
-1.4139798396878
 0.7147550196496
-1.4389634959256
 0.6973683574638
-1.4639519604244
 0.6794355302989
-1.4889384617987
 0.6609502100612
-1.5139160710112
 0.6419060536394
-1.5388776986271
 0.6222967039905
-1.5638160920238
 0.6021157912665
-1.5887238325508
 0.5813569339843
-1.6135933326421
 0.5600137402402
-1.6384168328788
 0.5380798089699
-1.6631863990015
 0.5155487312551
-1.6878939188712
 0.4924140916789
-1.7125310993784
 0.4686694697314
-1.7370894632995
 0.4443084412658
-1.7615603460988
 0.4193245800085
-1.7859348926759
 0.3937114591229
-1.8102040540582
 0.3674626528299
-1.8343585840350
 0.3405717380862
-1.8583890357360
 0.3130322963221
-1.8822857581496
 0.2848379152411
-1.9060388925825
 0.2559821906822
-1.9296383690586
 0.2264587285482
-1.9530739026555
 0.1962611468005
-1.9763349897795
 0.1653830775238
-1.9994109043760
 0.1338181690611
-2.0222906940753
 0.1015600882235
-2.0449631762726
 0.0686025225743
-2.0674169341406
 0.0349391827925
-2.0896403125748
 0.0005638051152
-2.1116214140682
-0.0345298461365
-2.1333480945169
-0.0703479759458
-2.1548079589528
-0.1068967559021
-2.1759883572046
-0.0703479759458
 2.1548079589528
-0.0345298461365
 2.1333480945169
 0.0005638051152
 2.1116214140682
 0.0349391827925
 2.0896403125748
 0.0686025225743
 2.0674169341406
 0.1015600882235
 2.0449631762726
 0.1338181690611
 2.0222906940753
 0.1653830775238
 1.9994109043760
 0.1962611468005
 1.9763349897795
 0.2264587285482
 1.9530739026555
 0.2559821906822
 1.9296383690586
 0.2848379152411
 1.9060388925825
 0.3130322963221
 1.8822857581496
 0.3405717380862
 1.8583890357360
 0.3674626528299
 1.8343585840350
 0.3937114591229
 1.8102040540582
 0.4193245800085
 1.7859348926759
 0.4443084412658
 1.7615603460988
 0.4686694697314
 1.7370894632995
 0.4924140916789
 1.7125310993784
 0.5155487312551
 1.6878939188712
 0.5380798089699
 1.6631863990015
 0.5600137402402
 1.6384168328788
 0.5813569339843
 1.6135933326421
 0.6021157912665
 1.5887238325508
 0.6222967039905
 1.5638160920238
 0.6419060536394
 1.5388776986271
 0.6609502100612
 1.5139160710112
 0.6794355302989
 1.4889384617987
 0.6973683574638
 1.4639519604244
 0.7147550196496
 1.4389634959256
 0.7316018288878
 1.4139798396878
 0.7479150801426
 1.3890076081418
 0.7637010503427
 1.3640532654176
 0.7789659974515
 1.3391231259515
 0.7937161595722
 1.3142233570513
 0.8079577540884
 1.2893599814167
 0.8216969768380
 1.2645388796181
 0.8349400013204
 1.2397657925337
 0.8476929779350
 1.2150463237450
 0.8599620332511
 1.1903859418927
 0.8717532693074
 1.1657899829927
 0.8830727629405
 1.1412636527123
 0.8939265651423
 1.1168120286098
 0.9043207004435
 1.0924400623347
 0.9142611663253
 1.0681525817920
 0.9237539326548
 1.0439542932695
 0.9328049411477
 1.0198497835296
 0.9414201048528
 0.9958435218657
 0.9496053076621
 0.9719398621244
 0.9573664038421
 0.9481430446932
 0.9647092175881
 0.9244571984549
 0.9716395425995
 0.9008863427094
 0.9781631416762
 0.8774343890627
 0.9842857463342
 0.8541051432850
 0.9900130564423
 0.8309023071362
 0.9953507398760
 0.8078294801621
 1.0003044321907
 0.7848901614593
 1.0048797363127
 0.7620877514112
 1.0090822222468
 0.7394255533945
 1.0129174268009
 0.7169067754569
 1.0163908533271
 0.6945345319664
 1.0195079714775
 0.6723118452340
 1.0222742169762
 0.6502416471075
 1.0246949914053
 0.6283267805395
 1.0267756620053
 0.6065700011292
 1.0285215614892
 0.5849739786373
 1.0299379878698
 0.5635412984768
 1.0310302043006
 0.5422744631771
 1.0318034389279
 0.5211758938253
 1.0322628847559
 0.5002479314815
 1.0324136995237
 0.4794928385716
 1.0322610055923
 0.4589128002564
 1.0318098898441
 0.4385099257770
 1.0310654035916
 0.4182862497784
 1.0300325624975
 0.3982437336103
 1.0287163465034
 0.3783842666068
 1.0271216997694
 0.3587096673433
 1.0252535306218
 0.3392216848734
 1.0231167115101
 0.3199219999447
 1.0207160789729
 0.3008122261937
 1.0180564336116
 0.2818939113213
 1.0151425400722
 0.2631685382479
 1.0119791270354
 0.2446375262493
 1.0085708872131
 0.2263022320740
 1.0049224773533
 0.2081639510407
 1.0010385182508
 0.1902239181181
 0.9969235947652
 0.1724833089861
 0.9925822558457
 0.1549432410799
 0.9880190145611
 0.1376047746151
 0.9832383481364
 0.1204689135972
 0.9782446979952
 0.1035366068127
 0.9730424698075
 0.0868087488047
 0.9676360335427
 0.0702861808309
 0.9620297235277
 0.0539696918065
 0.9562278385102
 0.0378600192306
 0.9502346417265
 0.0219578500974
 0.9440543609737
 0.0062638217914
 0.9376911886864
-0.0092214770316
 0.9311492820177
-0.0244975055789
 0.9244327629241
-0.0395637700700
 0.9175457182537
-0.0544198228994
 0.9104921998390
-0.0690652618143
 0.9032762245923
-0.0834997291055
 0.8959017746052
-0.0977229108123
 0.8883727972505
-0.1117345359409
 0.8806932052881
-0.1255343756951
 0.8728668769725
-0.1391222427217
 0.8648976561644
-0.1524979903665
 0.8567893524442
-0.1656615119445
 0.8485457412278
-0.1786127400218
 0.8401705638854
-0.1913516457094
 0.8316675278621
-0.2038782379691
 0.8230403068007
-0.2161925629313
 0.8142925406664
-0.2282947032238
 0.8054278358739
-0.2401847773126
 0.7964497654151
-0.2518629388532
 0.7873618689903
-0.2633293760528
 0.7781676531389
-0.2745843110440
 0.7688705913732
-0.2856279992682
 0.7594741243126
-0.2964607288700
 0.7499816598196
-0.3070828201010
 0.7403965731367
-0.3174946247347
 0.7307222070241
-0.3276965254906
 0.7209618718995
-0.3376889354676
 0.7111188459772
-0.3474722975883
 0.7011963754093
-0.3570470840509
 0.6911976744274
-0.3664137957915
 0.6811259254842
-0.3755729619554
 0.6709842793968
-0.3845251393764
 0.6607758554898
-0.3932709120660
 0.6505037417389
-0.4018108907099
 0.6401709949153
-0.4101457121744
 0.6297806407297
-0.4182760390196
 0.6193356739775
-0.4262025590217
 0.6088390586831
-0.4339259847030
 0.5982937282452
-0.4414470528699
 0.5877025855818
-0.4487665241582
 0.5770685032751
-0.4558851825864
 0.5663943237164
-0.4628038351161
 0.5556828592512
-0.4695233112205
 0.5449368923239
-0.4760444624584
 0.5341591756218
-0.4823681620576
 0.5233524322200
-0.4884953045029
 0.5125193557249
-0.4944268051324
 0.5016626104177
-0.5001635997401
 0.4907848313980
-0.5057066441850
 0.4798886247261
-0.5110569140060
 0.4689765675652
-0.5162154040448
 0.4580512083236
-0.5211831280729
 0.4471150667954
-0.5259611184263
 0.4361706343009
-0.5305504256454
 0.4252203738272
-0.5349521181212
 0.4142667201668
-0.5391672817465
 0.4033120800561
-0.5431970195736
 0.3923588323139
-0.5470424514772
 0.3814093279775
-0.5507047138226
 0.3704658904395
-0.5541849591394
 0.3595308155831
-0.5574843558001
 0.3486063719163
-0.5606040877045
 0.3376948007061
-0.5635453539685
 0.3267983161105
-0.5663093686179
 0.3159191053111
-0.5688973602873
 0.3050593286433
-0.5713105719237
 0.2942211197264
-0.5735502604943
 0.2834065855924
-0.5756176966993
 0.2726178068140
-0.5775141646893
 0.2618568376310
-0.5792409617864
 0.2511257060763
-0.5807993982099
 0.2404264141004
-0.5821907968065
 0.2297609376952
-0.5834164927841
 0.2191312270160
-0.5844778334500
 0.2085392065029
-0.5853761779526
 0.1979867750012
-0.5861128970272
 0.1874758058801
-0.5866893727459
 0.1770081471506
-0.5871069982701
 0.1665856215822
-0.5873671776078
 0.1562100268182
-0.5874713253738
 0.1458831354902
-0.5874208665531
 0.1356066953304
-0.5872172362684
 0.1253824292845
-0.5868618795502
 0.1152120356213
-0.5863562511101
 0.1050971880425
-0.5857018151177
 0.0950395357905
-0.5849000449805
 0.0850407037556
-0.5839524231259
 0.0751022925812
-0.5828604407873
 0.0652258787683
-0.5816255977924
 0.0554130147784
-0.5802494023540
 0.0456652291356
-0.5787333708641
 0.0359840265265
-0.5770790276901
 0.0263708879002
-0.5752879049741
 0.0168272705657
-0.5733615424340
 0.0073546082888
-0.5713014871672
-0.0020456886126
-0.5691092934574
-0.0113722331742
-0.5667865225824
-0.0206236616925
-0.5643347426250
-0.0297986336332
-0.5617555282860
-0.0388958315407
-0.5590504606988
-0.0479139609493
-0.5562211272464
-0.0568517502953
-0.5532691213801
-0.0657079508302
-0.5501960424406
-0.0744813365354
-0.5470034954803
-0.0831707040386
-0.5436930910877
-0.0917748725301
-0.5402664452135
-0.1002926836821
-0.5367251789981
-0.1087230015675
-0.5330709186015
-0.1170647125812
-0.5293052950333
-0.1253167253618
-0.5254299439857
-0.1334779707150
-0.5214465056670
-0.1415474015378
-0.5173566246367
-0.1495239927443
-0.5131619496417
-0.1574067411920
-0.5088641334546
-0.1651946656100
-0.5044648327120
-0.1728868065280
-0.4999657077548
-0.1804822262058
-0.4953684224691
-0.1879800085654
-0.4906746441289
-0.1953792591227
-0.4858860432385
-0.2026791049209
-0.4810042933774
-0.2098786944653
-0.4760310710448
-0.2169771976582
-0.4709680555055
-0.2239738057362
-0.4658169286369
-0.2308677312069
-0.4605793747758
-0.2376582077879
-0.4552570805670
-0.2443444903462
-0.4498517348119
-0.2509258548386
-0.4443650283176
-0.2574015982531
-0.4387986537473
-0.2637710385511
-0.4331543054702
-0.2700335146108
-0.4274336794125
-0.2761883861711
-0.4216384729089
-0.2822350337765
-0.4157703845542
-0.2881728587229
-0.4098311140553
-0.2940012830041
-0.4038223620833
-0.2997197492592
-0.3977458301264
-0.3053277207206
-0.3916032203426
-0.3108246811629
-0.3853962354123
-0.3162101348524
-0.3791265783920
-0.3214836064971
-0.3727959525667
-0.3266446411981
-0.3664060613039
-0.3316928044003
-0.3599586079063
-0.3366276818452
-0.3534552954649
-0.3414488795232
-0.3468978267129
-0.3461560236267
-0.3402879038778
-0.3507487605041
-0.3336272285351
-0.3552267566139
-0.3269175014605
-0.3595896984792
-0.3201604224828
-0.3638372926429
-0.3133576903360
-0.3679692656230
-0.3065110025115
-0.3719853638687
-0.2996220551099
-0.3758853537162
-0.2926925426920
-0.3796690213453
-0.2857241581305
-0.3833361727361
-0.2787185924601
-0.3868866336259
-0.2716775347283
-0.3903202494660
-0.2646026718445
-0.3936368853793
-0.2574956884301
-0.3968364261177
-0.2503582666666
-0.3999187760192
-0.2431920861445
-0.4028838589653
-0.2359988237106
-0.4057316183392
-0.2287801533155
-0.4084620169825
-0.2215377458599
-0.4110750371526
-0.2142732690406
-0.4135706804806
-0.2069883871958
-0.4159489679277
-0.1996847611498
-0.4182099397425
-0.1923640480569
-0.4203536554176
-0.1850279012444
-0.4223801936459
-0.1776779700553
-0.4242896522769
-0.1703158996900
-0.4260821482723
-0.1629433310475
-0.4277578176612
-0.1555619005649
-0.4293168154953
-0.1481732400578
-0.4307593158031
-0.1407789765580
-0.4320855115437
-0.1333807321518
-0.4332956145605
-0.1259801238169
-0.4343898555332
-0.1185787632583
-0.4353684839305
-0.1111782567435
-0.4362317679611
-0.1037802049373
-0.4369799945240
-0.0963862027350
-0.4376134691589
-0.0889978390948
-0.4381325159944
-0.0816166968701
-0.4385374776965
-0.0742443526400
-0.4388287154152
-0.0668823765391
-0.4390066087312
-0.0595323320870
-0.4390715556004
-0.0521957760162
-0.4390239722979
-0.0448742580993
-0.4388642933611
-0.0375693209754
-0.4385929715311
-0.0302824999756
-0.4382104776933
-0.0230153229477
-0.4377173008162
-0.0157693100796
-0.4371139478893
-0.0085459737221
-0.4364009438599
-0.0013468182110
-0.4355788315673
 0.0058266603120
-0.4346481716773
 0.0129729740793
-0.4336095426132
 0.0200906438776
-0.4324635404868
 0.0271781992301
-0.4312107790269
 0.0342341785785
-0.4298518895066
 0.0412571294663
-0.4283875206686
 0.0482456087225
-0.4268183386486
 0.0551981826471
-0.4251450268972
 0.0621134271958
-0.4233682860998
 0.0689899281671
-0.4214888340946
 0.0758262813887
-0.4195074057884
 0.0826210929057
-0.4174247530708
 0.0893729791689
-0.4152416447257
 0.0960805672239
-0.4129588663415
 0.1027424949007
-0.4105772202183
 0.1093574110043
-0.4080975252735
 0.1159239755057
-0.4055206169447
 0.1224408597330
-0.4028473470907
 0.1289067465639
-0.4000785838895
 0.1353203306179
-0.3972152117346
 0.1416803184492
-0.3942581311287
 0.1479854287406
-0.3912082585739
 0.1542343924966
-0.3880665264612
 0.1604259532380
-0.3848338829556
 0.1665588671963
-0.3815112918794
 0.1726319035080
-0.3780997325933
 0.1786438444101
-0.3746001998732
 0.1845934854348
-0.3710137037861
 0.1904796356048
-0.3673412695619
 0.1963011176289
-0.3635839374626
 0.2020567680970
-0.3597427626488
 0.2077454376759
-0.3558188150434
 0.2133659913041
-0.3518131791919
 0.2189173083874
-0.3477269541197
 0.2243982829940
-0.3435612531867
 0.2298078240488
-0.3393172039388
 0.2351448555285
-0.3349959479555
 0.2404083166558
-0.3305986406955
 0.2455971620926
-0.3261264513381
 0.2507103621343
-0.3215805626220
 0.2557469029020
-0.3169621706805
 0.2607057865348
-0.3122724848734
 0.2655860313820
-0.3075127276157
 0.2703866721934
-0.3026841342033
 0.2751067603100
-0.2977879526342
 0.2797453638529
-0.2928254434278
 0.2843015679120
-0.2877978794393
 0.2887744747334
-0.2827065456721
 0.2931632039056
-0.2775527390850
 0.2974668925452
-0.2723377683979
 0.3016846954804
-0.2670629538922
 0.3058157854344
-0.2617296272088
 0.3098593532062
-0.2563391311419
 0.3138146078511
-0.2508928194300
 0.3176807768592
-0.2453920565422
 0.3214571063320
-0.2398382174623
 0.3251428611578
-0.2342326874679
 0.3287373251853
-0.2285768619071
 0.3322398013953
-0.2228721459708
 0.3356496120702
-0.2171199544620
 0.3389660989621
-0.2113217115608
 0.3421886234583
-0.2054788505865
 0.3453165667447
-0.1995928137557
 0.3483493299672
-0.1936650519368
 0.3512863343908
-0.1876970244012
 0.3541270215557
-0.1816901985708
 0.3568708534315
-0.1756460497614
 0.3595173125685
-0.1695660609239
 0.3620659022463
-0.1634517223802
 0.3645161466199
-0.1573045315570
 0.3668675908625
-0.1511259927156
 0.3691198013054
-0.1449176166779
 0.3712723655753
-0.1386809205498
 0.3733248927279
-0.1324174274400
 0.3752770133785
-0.1261286661767
 0.3771283798294
-0.1198161710198
 0.3788786661935
-0.1134814813706
 0.3805275685147
-0.1071261414779
 0.3820748048848
-0.1007517001407
 0.3835201155559
-0.0943597104079
 0.3848632630505
-0.0879517292748
 0.3861040322661
-0.0815293173766
 0.3872422305767
-0.0750940386784
 0.3882776879304
-0.0686474601628
 0.3892102569423
-0.0621911515142
 0.3900398129835
-0.0557266848001
 0.3907662542653
-0.0492556341497
 0.3913895019200
-0.0427795754298
 0.3919095000761
-0.0363000859179
 0.3923262159294
-0.0298187439724
 0.3926396398094
-0.0233371287010
 0.3928497852410
-0.0168568196252
 0.3929566890012
-0.0103793963443
 0.3929604111708
-0.0039064381949
 0.3928610351814
 0.0025604760902
 0.3926586678571
 0.0090197687262
 0.3923534394507
 0.0154698632219
 0.3919455036756
 0.0219091847286
 0.3914350377311
 0.0283361603892
 0.3908222423237
 0.0347492196906
 0.3901073416812
 0.0411467948172
 0.3892905835634
 0.0475273210062
 0.3883722392649
 0.0538892369042
 0.3873526036140
 0.0602309849257
 0.3862319949651
 0.0665510116128
 0.3850107551849
 0.0728477679958
 0.3836892496339
 0.0791197099555
 0.3822678671405
 0.0853652985862
 0.3807470199702
 0.0915830005597
 0.3791271437882
 0.0977712884900
 0.3774086976161
 0.1039286412989
 0.3755921637827
 0.1100535445820
 0.3736780478674
 0.1161444909754
 0.3716668786393
 0.1221999805222
 0.3695592079880
 0.1282185210402
 0.3673556108493
 0.1341986284883
 0.3650566851244
 0.1401388273343
 0.3626630515920
 0.1460376509212
 0.3601753538146
 0.1518936418348
 0.3575942580383
 0.1577053522689
 0.3549204530854
 0.1634713443917
 0.3521546502413
 0.1691901907105
 0.3492975831346
 0.1748604744361
 0.3463500076100
 0.1804807898455
 0.3433127015957
 0.1860497426448
 0.3401864649632
 0.1915659503291
 0.3369721193811
 0.1970280425430
 0.3336705081617
 0.2024346614378
 0.3302824961021
 0.2077844620280
 0.3268089693170
 0.2130761125463
 0.3232508350664
 0.2183082947953
 0.3196090215759
 0.2234797044989
 0.3158844778507
 0.2285890516500
 0.3120781734826
 0.2336350608566
 0.3081910984509
 0.2386164716850
 0.3042242629167
 0.2435320390009
 0.3001786970103
 0.2483805333071
 0.2960554506126
 0.2531607410784
 0.2918555931296
 0.2578714650937
 0.2875802132606
 0.2625115247647
 0.2832304187603
 0.2670797564611
 0.2788073361943
 0.2715750138323
 0.2743121106882
 0.2759961681260
 0.2697459056706
 0.2803421085018
 0.2651099026100
 0.2846117423424
 0.2604053007454
 0.2888039955594
 0.2556333168107
 0.2929178128958
 0.2507951847535
 0.2969521582236
 0.2458921554477
 0.3009060148369
 0.2409254964001
 0.3047783857410
 0.2358964914515
 0.3085682939359
 0.2308064404717
 0.3122747826960
 0.2256566590495
 0.3158969158431
 0.2204484781761
 0.3194337780163
 0.2151832439245
 0.3228844749349
 0.2098623171220
 0.3262481336571
 0.2044870730186
 0.3295239028325
 0.1990589009493
 0.3327109529489
 0.1935792039923
 0.3358084765742
 0.1880493986216
 0.3388156885913
 0.1824709143544
 0.3417318264277
 0.1768451933950
 0.3445561502790
 0.1711736902725
 0.3472879433259
 0.1654578714756
 0.3499265119451
 0.1596992150813
 0.3524711859136
 0.1538992103808
 0.3549213186067
 0.1480593575008
 0.3572762871893
 0.1421811670200
 0.3595354928002
 0.1362661595830
 0.3616983607302
 0.1303158655096
 0.3637643405929
 0.1243318244006
 0.3657329064885
 0.1183155847406
 0.3676035571606
 0.1122687034967
 0.3693758161460
 0.1061927457147
 0.3710492319172
 0.1000892841119
 0.3726233780176
 0.0939598986671
 0.3740978531893
 0.0878061762081
 0.3754722814935
 0.0816297099958
 0.3767463124235
 0.0754320993070
 0.3779196210103
 0.0692149490141
 0.3789919079200
 0.0629798691629
 0.3799628995444
 0.0567284745485
 0.3808323480833
 0.0504623842893
 0.3816000316193
 0.0441832213995
 0.3822657541847
 0.0378926123597
 0.3828293458211
 0.0315921866870
 0.3832906626302
 0.0252835765029
 0.3836495868177
 0.0189684161011
 0.3839060267288
 0.0126483415138
 0.3840599168760
 0.0063249900778
