 0.5184119566368
 0.0000000000000
 0.5183739856566
-0.0063224040898
 0.5182600780232
-0.0126439104910
 0.5180702496569
-0.0189636216449
 0.5178045270887
-0.0252806402531
 0.5174629474558
-0.0315940694074
 0.5170455584958
-0.0379030127195
 0.5165524185385
-0.0442065744511
 0.5159835964963
-0.0505038596435
 0.5153391718534
-0.0567939742470
 0.5146192346519
-0.0630760252505
 0.5138238854779
-0.0693491208104
 0.5129532354443
-0.0756123703793
 0.5120074061728
-0.0818648848352
 0.5109865297742
-0.0881057766093
 0.5098907488262
-0.0943341598140
 0.5087202163505
-0.1005491503709
 0.5074750957876
-0.1067498661379
 0.5061555609699
-0.1129354270358
 0.5047617960933
-0.1191049551754
 0.5032939956873
-0.1252575749827
 0.5017523645829
-0.1313924133250
 0.5001371178794
-0.1375085996360
 0.4984484809091
-0.1436052660396
 0.4966866892006
-0.1496815474746
 0.4948519884407
-0.1557365818178
 0.4929446344340
-0.1617695100067
 0.4909648930615
-0.1677794761617
 0.4889130402374
-0.1737656277076
 0.4867893618643
-0.1797271154944
 0.4845941537869
-0.1856630939175
 0.4823277217439
-0.1915727210373
 0.4799903813188
-0.1974551586973
 0.4775824578885
-0.2033095726426
 0.4751042865712
-0.2091351326367
 0.4725562121722
-0.2149310125779
 0.4699385891283
-0.2206963906149
 0.4672517814506
-0.2264304492612
 0.4644961626667
-0.2321323755089
 0.4616721157601
-0.2378013609416
 0.4587800331091
-0.2434366018465
 0.4558203164241
-0.2490372993251
 0.4527933766833
-0.2546026594034
 0.4496996340675
-0.2601318931410
 0.4465395178926
-0.2656242167391
 0.4433134665418
-0.2710788516476
 0.4400219273959
-0.2764950246711
 0.4366653567625
-0.2818719680738
 0.4332442198035
-0.2872089196835
 0.4297589904621
-0.2925051229945
 0.4262101513875
-0.2977598272689
 0.4225981938597
-0.3029722876377
 0.4189236177115
-0.3081417651999
 0.4151869312508
-0.3132675271209
 0.4113886511808
-0.3183488467297
 0.4075293025193
-0.3233850036145
 0.4036094185169
-0.3283752837178
 0.3996295405739
-0.3333189794300
 0.3955902181567
-0.3382153896810
 0.3914920087122
-0.3430638200322
 0.3873354775819
-0.3478635827653
 0.3831211979146
-0.3526139969717
 0.3788497505782
-0.3573143886391
 0.3745217240708
-0.3619640907377
 0.3701377144301
-0.3665624433050
 0.3656983251426
-0.3711087935286
 0.3612041670514
-0.3756024958286
 0.3566558582634
-0.3800429119384
 0.3520540240557
-0.3844294109834
 0.3473992967807
-0.3887613695595
 0.3426923157704
-0.3930381718092
 0.3379337272408
-0.3972592094975
 0.3331241841942
-0.4014238820848
 0.3282643463218
-0.4055315968000
 0.3233548799049
-0.4095817687114
 0.3183964577155
-0.4135738207960
 0.3133897589169
-0.4175071840081
 0.3083354689624
-0.4213812973458
 0.3032342794942
-0.4251956079166
 0.2980868882420
-0.4289495710011
 0.2928939989196
-0.4326426501155
 0.2876563211225
-0.4362743170729
 0.2823745702241
-0.4398440520426
 0.2770494672713
-0.4433513436085
 0.2716817388801
-0.4467956888258
 0.2662721171303
-0.4501765932761
 0.2608213394599
-0.4534935711211
 0.2553301485592
-0.4567461451554
 0.2497992922638
-0.4599338468570
 0.2442295234485
-0.4630562164369
 0.2386215999193
-0.4661128028870
 0.2329762843066
-0.4691031640265
 0.2272943439564
-0.4720268665473
 0.2215765508229
-0.4748834860571
 0.2158236813596
-0.4776726071220
 0.2100365164106
-0.4803938233067
 0.2042158411015
-0.4830467372142
 0.1983624447306
-0.4856309605232
 0.1924771206592
-0.4881461140243
 0.1865606662021
-0.4905918276556
 0.1806138825180
-0.4929677405350
 0.1746375744995
-0.4952735009931
 0.1686325506635
-0.4975087666032
 0.1625996230408
-0.4996732042106
 0.1565396070663
-0.5017664899603
 0.1504533214690
-0.5037883093231
 0.1443415881615
-0.5057383571204
 0.1382052321301
-0.5076163375478
 0.1320450813249
-0.5094219641968
 0.1258619665494
-0.5111549600757
 0.1196567213506
-0.5128150576286
 0.1134301819092
-0.5144019987534
 0.1071831869297
-0.5159155348178
 0.1009165775309
-0.5173554266748
 0.0946311971360
-0.5187214446763
 0.0883278913635
-0.5200133686853
 0.0820075079179
-0.5212309880867
 0.0756708964806
-0.5223741017975
 0.0693189086014
-0.5234425182745
 0.0629523975895
-0.5244360555218
 0.0565722184055
-0.5253545410958
 0.0501792275533
-0.5261978121105
 0.0437742829723
-0.5269657152395
 0.0373582439298
-0.5276581067188
 0.0309319709142
-0.5282748523464
 0.0244963255279
-0.5288158274823
 0.0180521703808
-0.5292809170460
 0.0116003689847
-0.5296700155134
 0.0051417856470
-0.5299830269126
-0.0013227146344
-0.5302198648177
-0.0077922662757
-0.5303804523421
-0.0142660032122
-0.5304647221308
-0.0207430590018
-0.5304726163505
-0.0272225669289
-0.5304040866796
-0.0337036601074
-0.5302590942963
-0.0401854715832
-0.5300376098661
-0.0466671344365
-0.5297396135278
-0.0531477818832
-0.5293650948785
-0.0596265473761
-0.5289140529574
-0.0661025647054
-0.5283864962290
-0.0725749680989
-0.5277824425643
-0.0790428923210
-0.5271019192216
-0.0855054727717
-0.5263449628265
-0.0919618455853
-0.5255116193499
-0.0984111477274
-0.5246019440858
-0.1048525170925
-0.5236160016282
-0.1112850926001
-0.5225538658457
-0.1177080142910
-0.5214156198571
-0.1241204234219
-0.5202013560042
-0.1305214625602
-0.5189111758249
-0.1369102756783
-0.5175451900246
-0.1432860082461
-0.5161035184471
-0.1496478073242
-0.5145862900447
-0.1559948216552
-0.5129936428465
-0.1623262017556
-0.5113257239270
-0.1686411000055
-0.5095826893734
-0.1749386707392
-0.5077647042516
-0.1812180703336
-0.5058719425717
-0.1874784572968
-0.5039045872531
-0.1937189923560
-0.5018628300881
-0.1999388385441
-0.4997468717050
-0.2061371612859
-0.4975569215306
-0.2123131284836
-0.4952931977515
-0.2184659106016
-0.4929559272752
-0.2245946807503
-0.4905453456898
-0.2306986147691
-0.4880616972238
-0.2367768913092
-0.4855052347044
-0.2428286919149
-0.4828762195159
-0.2488532011047
-0.4801749215562
-0.2548496064514
-0.4774016191945
-0.2608170986612
-0.4745565992263
-0.2667548716523
-0.4716401568293
-0.2726621226330
-0.4686525955182
-0.2785380521783
-0.4655942270984
-0.2843818643060
-0.4624653716202
-0.2901927665527
-0.4592663573310
-0.2959699700475
-0.4559975206285
-0.3017126895868
-0.4526592060120
-0.3074201437063
-0.4492517660341
-0.3130915547540
-0.4457755612515
-0.3187261489614
-0.4422309601752
-0.3243231565137
-0.4386183392205
-0.3298818116202
-0.4349380826562
-0.3354013525830
-0.4311905825539
-0.3408810218653
-0.4273762387361
-0.3463200661587
-0.4234954587244
-0.3517177364500
-0.4195486576872
-0.3570732880870
-0.4155362583868
-0.3623859808432
-0.4114586911265
-0.3676550789825
-0.4073163936966
-0.3728798513223
-0.4031098113210
-0.3780595712964
-0.3988393966028
-0.3831935170165
-0.3945056094696
-0.3882809713336
-0.3901089171185
-0.3933212218981
-0.3856497939613
-0.3983135612193
-0.3811287215687
-0.4032572867241
-0.3765461886144
-0.4081517008150
-0.3719026908192
-0.4129961109272
-0.3671987308946
-0.4177898295849
-0.3624348184863
-0.4225321744573
-0.3576114701172
-0.4272224684127
-0.3527292091305
-0.4318600395733
-0.3477885656324
-0.4364442213681
-0.3427900764346
-0.4409743525858
-0.3377342849965
-0.4454497774262
-0.3326217413676
-0.4498698455516
-0.3274530021296
-0.4542339121371
-0.3222286303377
-0.4585413379200
-0.3169491954627
-0.4627914892487
-0.3116152733326
-0.4669837381313
-0.3062274460737
-0.4711174622821
-0.3007863020522
-0.4751920451692
-0.2952924358153
-0.4792068760601
-0.2897464480321
-0.4831613500667
-0.2841489454349
-0.4870548681904
-0.2785005407603
-0.4908868373657
-0.2728018526893
-0.4946566705035
-0.2670535057892
-0.4983637865335
-0.2612561304534
-0.5020076104460
-0.2554103628427
-0.5055875733333
-0.2495168448258
-0.5091031124300
-0.2435762239202
-0.5125536711529
-0.2375891532324
-0.5159386991404
-0.2315562913991
-0.5192576522904
-0.2254783025274
-0.5225099927991
-0.2193558561360
-0.5256951891977
-0.2131896270953
-0.5288127163891
-0.2069802955687
-0.5318620556842
-0.2007285469528
-0.5348426948371
-0.1944350718187
-0.5377541280799
-0.1881005658526
-0.5405958561571
-0.1817257297967
-0.5433673863594
-0.1753112693903
-0.5460682325563
-0.1688578953109
-0.5486979152288
-0.1623663231149
-0.5512559615015
-0.1558372731793
-0.5537419051737
-0.1492714706428
-0.5561552867504
-0.1426696453471
-0.5584956534726
-0.1360325317787
-0.5607625593469
-0.1293608690099
-0.5629555651745
-0.1226554006413
-0.5650742385806
-0.1159168747429
-0.5671181540418
-0.1091460437966
-0.5690868929141
-0.1023436646379
-0.5709800434603
-0.0955104983983
-0.5727972008764
-0.0886473104477
-0.5745379673176
-0.0817548703369
-0.5762019519248
-0.0748339517397
-0.5777887708490
-0.0678853323968
-0.5792980472766
-0.0609097940575
-0.5807294114538
-0.0539081224238
-0.5820825007104
-0.0468811070930
-0.5833569594831
-0.0398295415017
-0.5845524393392
-0.0327542228688
-0.5856685989984
-0.0256559521397
-0.5867051043558
-0.0185355339301
-0.5876616285033
-0.0113937764704
-0.5885378517515
-0.0042314915494
-0.5893334616502
 0.0029505055406
-0.5900481530095
 0.0101513960593
-0.5906816279203
 0.0173703578737
-0.5912335957737
 0.0246065655129
-0.5917037732814
 0.0318591902228
-0.5920918844941
 0.0391274000205
-0.5923976608214
 0.0464103597493
-0.5926208410497
 0.0537072311320
-0.5927611713610
 0.0610171728254
-0.5928184053506
 0.0683393404738
-0.5927923040450
 0.0756728867629
-0.5926826359193
 0.0830169614726
-0.5924891769141
 0.0903707115307
-0.5922117104528
 0.0977332810654
-0.5918500274578
 0.1051038114582
-0.5914039263671
 0.1124814413966
-0.5908732131501
 0.1198653069262
-0.5902577013237
 0.1272545415029
-0.5895572119679
 0.1346482760446
-0.5887715737409
 0.1420456389833
-0.5879006228945
 0.1494457563164
-0.5869442032890
 0.1568477516579
-0.5859021664080
 0.1642507462896
-0.5847743713726
 0.1716538592120
-0.5835606849563
 0.1790562071949
-0.5822609815987
 0.1864569048279
-0.5808751434197
 0.1938550645708
-0.5794030602334
 0.2012497968035
-0.5778446295616
 0.2086402098761
-0.5761997566473
 0.2160254101582
-0.5744683544686
 0.2234045020889
-0.5726503437511
 0.2307765882258
-0.5707456529816
 0.2381407692939
-0.5687542184212
 0.2454961442350
-0.5666759841176
 0.2528418102560
-0.5645109019185
 0.2601768628779
-0.5622589314838
 0.2675003959836
-0.5599200402985
 0.2748115018663
-0.5574942036852
 0.2821092712778
-0.5549814048163
 0.2893927934758
-0.5523816347265
 0.2966611562720
-0.5496948923251
 0.3039134460793
-0.5469211844085
 0.3111487479592
-0.5440605256717
 0.3183661456688
-0.5411129387211
 0.3255647217081
-0.5380784540865
 0.3327435573666
-0.5349571102328
 0.3399017327699
-0.5317489535726
 0.3470383269264
-0.5284540384779
 0.3541524177736
-0.5250724272921
 0.3612430822243
-0.5216041903425
 0.3683093962127
-0.5180494059516
 0.3753504347403
-0.5144081604499
 0.3823652719220
-0.5106805481874
 0.3893529810314
-0.5068666715461
 0.3963126345464
-0.5029666409518
 0.4032433041951
-0.4989805748866
 0.4101440610006
-0.4949085999005
 0.4170139753265
-0.4907508506246
 0.4238521169219
-0.4865074697824
 0.4306575549665
-0.4821786082029
 0.4374293581155
-0.4777644248325
 0.4441665945445
-0.4732650867478
 0.4508683319940
-0.4686807691683
 0.4575336378143
-0.4640116554686
 0.4641615790099
-0.4592579371915
 0.4707512222841
-0.4544198140608
 0.4773016340837
-0.4494974939940
 0.4838118806429
-0.4444911931157
 0.4902810280277
-0.4394011357705
 0.4967081421808
-0.4342275545363
 0.5030922889649
-0.4289706902377
 0.5094325342077
-0.4236307919596
 0.5157279437457
-0.4182081170607
 0.5219775834681
-0.4127029311874
 0.5281805193616
-0.4071155082876
 0.5343358175539
-0.4014461306248
 0.5404425443579
-0.3956950887925
 0.5464997663161
-0.3898626817282
 0.5525065502444
-0.3839492167282
 0.5584619632764
-0.3779550094622
 0.5643650729074
-0.3718803839883
 0.5702149470385
-0.3657256727676
 0.5760106540210
-0.3594912166801
 0.5817512627006
-0.3531773650394
 0.5874358424615
-0.3467844756087
 0.5930634632707
-0.3403129146164
 0.5986331957226
-0.3337630567722
 0.6041441110833
-0.3271352852830
 0.6095952813354
-0.3204299918696
 0.6149857792218
-0.3136475767828
 0.6203146782916
-0.3067884488209
 0.6255810529437
-0.2998530253458
 0.6307839784725
-0.2928417323010
 0.6359225311125
-0.2857550042285
 0.6409957880835
-0.2785932842867
 0.6460028276361
-0.2713570242682
 0.6509427290964
-0.2640466846180
 0.6558145729125
-0.2566627344517
 0.6606174406990
-0.2492056515742
 0.6653504152840
-0.2416759224985
 0.6700125807542
-0.2340740424648
 0.6746030225015
-0.2264005154598
 0.6791208272692
-0.2186558542361
 0.6835650831986
-0.2108405803323
 0.6879348798756
-0.2029552240930
 0.6922293083779
-0.1950003246891
 0.6964474613220
-0.1869764301383
 0.7005884329104
-0.1788840973261
 0.7046513189795
-0.1707238920270
 0.7086352170475
-0.1624963889257
 0.7125392263621
-0.1542021716388
 0.7163624479495
-0.1458418327372
 0.7201039846624
-0.1374159737674
 0.7237629412292
-0.1289252052751
 0.7273384243035
-0.1203701468270
 0.7308295425130
-0.1117514270347
 0.7342354065100
-0.1030696835775
 0.7375551290208
-0.0943255632260
 0.7407878248968
-0.0855197218667
 0.7439326111650
-0.0766528245255
 0.7469886070791
-0.0677255453924
 0.7499549341711
-0.0587385678467
 0.7528307163032
-0.0496925844815
 0.7556150797198
-0.0405882971295
 0.7583071531005
-0.0314264168888
 0.7609060676129
-0.0222076641484
 0.7634109569660
-0.0129327686151
 0.7658209574641
-0.0036024693396
 0.7681352080612
 0.0057824852564
 0.7703528504154
 0.0152213373527
 0.7724730289444
 0.0247133197036
 0.7744948908810
 0.0342576556096
 0.7764175863291
 0.0438535588897
 0.7782402683204
 0.0535002338527
 0.7799620928715
 0.0631968752684
 0.7815822190413
 0.0729426683386
 0.7830998089893
 0.0827367886679
 0.7845140280340
 0.0925784022339
 0.7858240447124
 0.1024666653571
 0.7870290308392
 0.1124007246708
 0.7881281615676
 0.1223797170903
 0.7891206154498
 0.1324027697822
 0.7900055744986
 0.1424690001329
 0.7907822242494
 0.1525775157175
 0.7914497538226
 0.1627274142672
 0.7920073559873
 0.1729177836381
 0.7924542272250
 0.1831477017778
 0.7927895677940
 0.1934162366935
 0.7930125817947
 0.2037224464179
 0.7931224772357
 0.2140653789770
 0.7931184661001
 0.2244440723553
 0.7929997644128
 0.2348575544624
 0.7927655923086
 0.2453048430987
 0.7924151741007
 0.2557849459205
 0.7919477383504
 0.2662968604052
 0.7913625179371
 0.2768395738161
 0.7906587501294
 0.2874120631671
 0.7898356766568
 0.2980132951862
 0.7888925437820
 0.3086422262803
 0.7878286023746
 0.3192978024981
 0.7866431079851
 0.3299789594935
 0.7853353209199
 0.3406846224891
 0.7839045063171
 0.3514137062382
 0.7823499342232
 0.3621651149877
 0.7806708796710
 0.3729377424400
 0.7788666227576
 0.3837304717150
 0.7769364487241
 0.3945421753117
 0.7748796480360
 0.4053717150693
 0.7726955164641
 0.4162179421283
 0.7703833551671
 0.4270796968915
 0.7679424707745
 0.4379558089840
 0.7653721754711
 0.4488450972139
 0.7626717870818
 0.4597463695318
 0.7598406291579
 0.4706584229909
 0.7568780310646
 0.4815800437061
 0.7537833280689
 0.4925100068133
 0.7505558614291
 0.5034470764284
 0.7471949784854
 0.5143900056058
 0.7437000327512
 0.5253375362971
 0.7400703840058
 0.5362883993090
 0.7363053983882
 0.5472413142615
 0.7324044484920
 0.5581949895454
 0.7283669134617
 0.5691481222800
 0.7241921790897
 0.5800993982705
 0.7198796379150
 0.5910474919646
 0.7154286893228
 0.6019910664100
 0.7108387396457
 0.6129287732104
 0.7061092022654
 0.6238592524825
 0.7012394977171
 0.6347811328121
 0.6962290537932
 0.6456930312099
 0.6910773056503
 0.6565935530678
 0.6857836959164
 0.6674812921143
 0.6803476747994
 0.6783548303701
 0.6747687001976
 0.6892127381038
 0.6690462378114
 0.7000535737865
 0.6631797612559
 0.7108758840476
 0.6571687521758
 0.7216782036291
 0.6510127003607
 0.7324590553406
 0.6447111038631
 0.7432169500140
 0.6382634691168
 0.7539503864581
 0.6316693110576
 0.7646578514129
 0.6249281532450
 0.7753378195037
 0.6180395279858
 0.7859887531958
 0.6110029764590
 0.7966091027481
 0.6038180488429
 0.8071973061675
 0.5964843044428
 0.8177517891626
 0.5890013118214
 0.8282709650979
 0.5813686489306
 0.8387532349472
 0.5735859032440
 0.8491969872476
 0.5656526718930
 0.8596005980535
 0.5575685618027
 0.8699624308898
 0.5493331898310
 0.8802808367062
 0.5409461829087
 0.8905541538301
 0.5324071781820
 0.9007807079213
 0.5237158231559
 0.9109588119247
 0.5148717758408
 0.9210867660248
 0.5058747048997
 0.9311628575992
 0.4967242897981
 0.9411853611721
 0.4874202209557
 0.9511525383687
 0.4779621998999
 0.9610626378690
 0.4683499394213
 0.9709138953616
 0.4585831637316
 0.9807045334980
 0.4486616086230
 0.9904327618470
 0.4385850216300
 1.0000967768486
 0.4283531621932
 1.0096947617690
 0.4179658018254
 1.0192248866552
 0.4074227242798
 1.0286853082894
 0.3967237257200
 1.0380741701444
 0.3858686148927
 1.0473896023388
 0.3748572133027
 1.0566297215920
 0.3636893553897
 1.0657926311805
 0.3523648887075
 1.0748764208930
 0.3408836741063
 1.0838791669873
 0.3292455859163
 1.0927989321461
 0.3174505121341
 1.1016337654341
 0.3054983546120
 1.1103817022548
 0.2933890292490
 1.1190407643079
 0.2811224661848
 1.1276089595472
 0.2686986099963
 1.1360842821382
 0.2561174198962
 1.1444647124170
 0.2433788699348
 1.1527482168489
 0.2304829492041
 1.1609327479878
 0.2174296620445
 1.1690162444359
 0.2042190282544
 1.1769966308037
 0.1908510833024
 1.1848718176709
 0.1773258785422
 1.1926397015475
 0.1636434814307
 1.2002981648357
 0.1498039757482
 1.2078450757916
 0.1358074618221
 1.2152782884890
 0.1216540567534
 1.2225956427817
 0.1073438946458
 1.2297949642687
 0.0928771268382
 1.2368740642582
 0.0782539221402
 1.2438307397333
 0.0634744670699
 1.2506627733179
 0.0485389660962
 1.2573679332438
 0.0334476418829
 1.2639439733184
 0.0182007355366
 1.2703886328925
 0.0027985068578
 1.2766996368303
-0.0127587654045
 1.2828746954787
-0.0284707832959
 1.2889115046388
-0.0443372293952
 1.2948077455373
-0.0603577665499
 1.3005610847997
-0.0765320376089
 1.3061691744236
-0.0928596651512
 1.3116296517535
-0.1093402512108
 1.3169401394568
-0.1259733769990
 1.3220982455006
-0.1427586026219
 1.3271015631291
-0.1596954667952
 1.3319476708434
-0.1767834865551
 1.3366341323811
-0.1940221569649
 1.3411584966982
-0.2114109508187
 1.3455182979514
-0.2289493183402
 1.3497110554824
-0.2466366868791
 1.3537342738028
-0.2644724606018
 1.3575854425812
-0.2824560201793
 1.3612620366308
-0.3005867224713
 1.3647615158991
-0.3188639002046
 1.3680813254592
-0.3372868616497
 1.3712188955015
-0.3558548902908
 1.3741716413286
-0.3745672444936
 1.3769369633506
-0.3934231571676
 1.3795122470827
-0.4124218354241
 1.3818948631438
-0.4315624602309
 1.3840821672582
-0.4508441860607
 1.3860715002573
-0.4702661405369
 1.3878601880849
-0.4898274240736
 1.3894455418033
-0.5095271095113
 1.3908248576016
-0.5293642417482
 1.3919954168065
-0.5493378373662
 1.3929544858944
-0.5694468842527
 1.3936993165064
-0.5896903412173
 1.3942271454648
-0.6100671376034
 1.3945351947924
-0.6305761728949
 1.3946206717338
-0.6512163163184
 1.3944807687791
-0.6719864064392
 1.3941126636901
-0.6928852507533
 1.3935135195290
-0.7139116252736
 1.3926804846897
-0.7350642741106
 1.3916106929313
-0.7563419090482
 1.3903012634152
-0.7777432091138
 1.3887493007439
-0.7992668201430
 1.3869518950032
-0.8209113543388
 1.3849061218075
-0.8426753898252
 1.3826090423477
-0.8645574701947
 1.3800577034420
-0.8865561040505
 1.3772491375904
-0.9086697645430
 1.3741803630319
-0.9308968888996
 1.3708483838052
-0.9532358779494
 1.3672501898130
-0.9756850956411
 1.3633827568889
-0.9982428685557
 1.3592430468690
-1.0209074854118
 1.3548280076663
-1.0436771965658
 1.3501345733489
-1.0665502135047
 1.3451596642227
-1.0895247083336
 1.3399001869165
-1.1125988132553
 1.3343530344731
-1.1357706200446
 1.3285150864425
-1.1590381795154
 1.3223832089809
-1.1823995009806
 1.3159542549526
-1.2058525517062
 1.3092250640377
-1.2293952563572
 1.3021924628428
-1.2530254964380
 1.2948532650176
-1.2767411097241
 1.2872042713753
-1.3005398896881
 1.2792422700183
-1.3244195849172
 1.2709640364686
-1.3483778985244
 1.2623663338034
-1.3724124875515
 1.2534459127958
-1.3965209623649
 1.2441995120606
-1.4207008860439
 1.2346238582059
-1.4449497737609
 1.2247156659899
-1.4692650921542
 1.2144716384833
-1.4936442586927
 1.2038884672380
-1.5180846410328
 1.1929628324610
-1.5425835563667
 1.1816914031951
-1.5671382707633
 1.1700708375053
-1.5917459985000
 1.1580977826715
-1.6164039013872
 1.1457688753884
-1.6411090880827
 1.1330807419708
-1.6658586133992
 1.1200299985670
-1.6906494776022
 1.1066132513785
-1.7154786256993
 1.0928270968865
-1.7403429467206
 1.0786681220864
-1.7652392729899
 1.0641329047292
-1.7901643793874
 1.0492180135707
-1.8151149826029
 1.0339200086284
-1.8400877403788
 1.0182354414465
-1.8650792507456
 1.0021608553688
-1.8900860512457
 0.9856927858201
-1.9151046181493
 0.9688277605958
-1.9401313656595
 0.9515623001607
-1.9651626451078
 0.9338929179564
-1.9901947441399
 0.9158161207174
-2.0152238858910
 0.8973284087972
-2.0402462281507
 0.8784262765035
-2.0652578625186
 0.8591062124431
-2.0902548135480
 0.8393646998767
-2.1152330378801
 0.8191982170840
-2.1401884233669
 0.7986032377393
-2.1651167881836
 0.7775762312969
-2.1900138799298
 0.7561136633885
-2.2148753747201
 0.7342119962311
-2.2396968762624
 0.7118676890454
-2.2644739149263
 0.6890771984878
-2.2892019467989
 0.6658369790919
-2.3138763527294
 0.6421434837238
-2.3384924373624
 0.6179931640491
-2.3630454281584
 0.5933824710124
-2.3875304744030
 0.5683078553297
-2.4119426462038
 0.5427657679947
-2.4362769334752
 0.5167526607974
-2.4605282449103
 0.4902649868577
-2.4846914069407
 0.4632992011720
-2.5087611626835
 0.4358517611748
-2.5327321708752
 0.4079191273150
-2.5565990047933
 0.3794977636470
-2.5803561511642
 0.3505841384370
-2.6039980090576
 0.3211747247857
-2.6275188887685
 0.2912660012660
-2.6509130106848
 0.2608544525780
-2.6741745041413
 0.2299365702202
-2.6972974062602
 0.1985088531780
-2.7202756607774
 0.1665678086295
-2.7431031168544
 0.1341099526696
-2.7657735278765
 0.1011318110516
-2.7882805502362
 0.0676299199481
-2.8106177421016
 0.0336008267309
-2.8327785621709
-0.0009589092304
-2.8547563684110
-0.0360527157486
-2.8765444167821
-0.0716840069802
-2.8981358599461
-0.1078561825647
-2.9195237459602
-0.1445726267439
-2.9407010169547
-0.1078561825647
 2.9195237459602
-0.0716840069802
 2.8981358599461
-0.0360527157486
 2.8765444167821
-0.0009589092304
 2.8547563684110
 0.0336008267309
 2.8327785621709
 0.0676299199481
 2.8106177421016
 0.1011318110516
 2.7882805502362
 0.1341099526696
 2.7657735278765
 0.1665678086295
 2.7431031168544
 0.1985088531780
 2.7202756607774
 0.2299365702202
 2.6972974062602
 0.2608544525780
 2.6741745041413
 0.2912660012660
 2.6509130106848
 0.3211747247857
 2.6275188887685
 0.3505841384370
 2.6039980090576
 0.3794977636470
 2.5803561511642
 0.4079191273150
 2.5565990047933
 0.4358517611748
 2.5327321708752
 0.4632992011720
 2.5087611626835
 0.4902649868577
 2.4846914069407
 0.5167526607974
 2.4605282449103
 0.5427657679947
 2.4362769334752
 0.5683078553297
 2.4119426462038
 0.5933824710124
 2.3875304744030
 0.6179931640491
 2.3630454281584
 0.6421434837238
 2.3384924373624
 0.6658369790919
 2.3138763527294
 0.6890771984878
 2.2892019467989
 0.7118676890454
 2.2644739149263
 0.7342119962311
 2.2396968762624
 0.7561136633885
 2.2148753747201
 0.7775762312969
 2.1900138799298
 0.7986032377393
 2.1651167881836
 0.8191982170840
 2.1401884233669
 0.8393646998767
 2.1152330378801
 0.8591062124431
 2.0902548135480
 0.8784262765035
 2.0652578625186
 0.8973284087972
 2.0402462281507
 0.9158161207174
 2.0152238858910
 0.9338929179564
 1.9901947441399
 0.9515623001607
 1.9651626451078
 0.9688277605958
 1.9401313656595
 0.9856927858201
 1.9151046181493
 1.0021608553688
 1.8900860512457
 1.0182354414465
 1.8650792507456
 1.0339200086284
 1.8400877403788
 1.0492180135707
 1.8151149826029
 1.0641329047292
 1.7901643793874
 1.0786681220864
 1.7652392729899
 1.0928270968865
 1.7403429467206
 1.1066132513785
 1.7154786256993
 1.1200299985670
 1.6906494776022
 1.1330807419708
 1.6658586133992
 1.1457688753884
 1.6411090880827
 1.1580977826715
 1.6164039013872
 1.1700708375053
 1.5917459985000
 1.1816914031951
 1.5671382707633
 1.1929628324610
 1.5425835563667
 1.2038884672380
 1.5180846410328
 1.2144716384833
 1.4936442586927
 1.2247156659899
 1.4692650921542
 1.2346238582059
 1.4449497737609
 1.2441995120606
 1.4207008860439
 1.2534459127958
 1.3965209623649
 1.2623663338034
 1.3724124875515
 1.2709640364686
 1.3483778985244
 1.2792422700183
 1.3244195849172
 1.2872042713753
 1.3005398896881
 1.2948532650176
 1.2767411097241
 1.3021924628428
 1.2530254964380
 1.3092250640377
 1.2293952563572
 1.3159542549526
 1.2058525517062
 1.3223832089809
 1.1823995009806
 1.3285150864425
 1.1590381795154
 1.3343530344731
 1.1357706200446
 1.3399001869165
 1.1125988132553
 1.3451596642227
 1.0895247083336
 1.3501345733489
 1.0665502135047
 1.3548280076663
 1.0436771965658
 1.3592430468690
 1.0209074854118
 1.3633827568889
 0.9982428685557
 1.3672501898130
 0.9756850956411
 1.3708483838052
 0.9532358779494
 1.3741803630319
 0.9308968888996
 1.3772491375904
 0.9086697645430
 1.3800577034420
 0.8865561040505
 1.3826090423477
 0.8645574701947
 1.3849061218075
 0.8426753898252
 1.3869518950032
 0.8209113543388
 1.3887493007439
 0.7992668201430
 1.3903012634152
 0.7777432091138
 1.3916106929313
 0.7563419090482
 1.3926804846897
 0.7350642741106
 1.3935135195290
 0.7139116252736
 1.3941126636901
 0.6928852507533
 1.3944807687791
 0.6719864064392
 1.3946206717338
 0.6512163163184
 1.3945351947924
 0.6305761728949
 1.3942271454648
 0.6100671376034
 1.3936993165064
 0.5896903412173
 1.3929544858944
 0.5694468842527
 1.3919954168065
 0.5493378373662
 1.3908248576016
 0.5293642417482
 1.3894455418033
 0.5095271095113
 1.3878601880849
 0.4898274240736
 1.3860715002573
 0.4702661405369
 1.3840821672582
 0.4508441860607
 1.3818948631438
 0.4315624602309
 1.3795122470827
 0.4124218354241
 1.3769369633506
 0.3934231571676
 1.3741716413286
 0.3745672444936
 1.3712188955015
 0.3558548902908
 1.3680813254592
 0.3372868616497
 1.3647615158991
 0.3188639002046
 1.3612620366308
 0.3005867224713
 1.3575854425812
 0.2824560201793
 1.3537342738028
 0.2644724606018
 1.3497110554824
 0.2466366868791
 1.3455182979514
 0.2289493183402
 1.3411584966982
 0.2114109508187
 1.3366341323811
 0.1940221569649
 1.3319476708434
 0.1767834865551
 1.3271015631291
 0.1596954667952
 1.3220982455006
 0.1427586026219
 1.3169401394568
 0.1259733769990
 1.3116296517535
 0.1093402512108
 1.3061691744236
 0.0928596651512
 1.3005610847997
 0.0765320376089
 1.2948077455373
 0.0603577665499
 1.2889115046388
 0.0443372293952
 1.2828746954787
 0.0284707832959
 1.2766996368303
 0.0127587654045
 1.2703886328925
-0.0027985068578
 1.2639439733184
-0.0182007355366
 1.2573679332438
-0.0334476418829
 1.2506627733179
-0.0485389660962
 1.2438307397333
-0.0634744670699
 1.2368740642582
-0.0782539221402
 1.2297949642687
-0.0928771268382
 1.2225956427817
-0.1073438946458
 1.2152782884890
-0.1216540567534
 1.2078450757916
-0.1358074618221
 1.2002981648357
-0.1498039757482
 1.1926397015475
-0.1636434814307
 1.1848718176709
-0.1773258785422
 1.1769966308037
-0.1908510833024
 1.1690162444359
-0.2042190282544
 1.1609327479878
-0.2174296620445
 1.1527482168489
-0.2304829492041
 1.1444647124170
-0.2433788699348
 1.1360842821382
-0.2561174198962
 1.1276089595472
-0.2686986099963
 1.1190407643079
-0.2811224661848
 1.1103817022548
-0.2933890292490
 1.1016337654341
-0.3054983546120
 1.0927989321461
-0.3174505121341
 1.0838791669873
-0.3292455859163
 1.0748764208930
-0.3408836741063
 1.0657926311805
-0.3523648887075
 1.0566297215920
-0.3636893553897
 1.0473896023388
-0.3748572133027
 1.0380741701444
-0.3858686148927
 1.0286853082894
-0.3967237257200
 1.0192248866552
-0.4074227242798
 1.0096947617690
-0.4179658018254
 1.0000967768486
-0.4283531621932
 0.9904327618470
-0.4385850216300
 0.9807045334980
-0.4486616086230
 0.9709138953616
-0.4585831637316
 0.9610626378690
-0.4683499394213
 0.9511525383687
-0.4779621998999
 0.9411853611721
-0.4874202209557
 0.9311628575992
-0.4967242897981
 0.9210867660248
-0.5058747048997
 0.9109588119247
-0.5148717758408
 0.9007807079213
-0.5237158231559
 0.8905541538301
-0.5324071781820
 0.8802808367062
-0.5409461829087
 0.8699624308898
-0.5493331898310
 0.8596005980535
-0.5575685618027
 0.8491969872476
-0.5656526718930
 0.8387532349472
-0.5735859032440
 0.8282709650979
-0.5813686489306
 0.8177517891626
-0.5890013118214
 0.8071973061675
-0.5964843044428
 0.7966091027481
-0.6038180488429
 0.7859887531958
-0.6110029764590
 0.7753378195037
-0.6180395279858
 0.7646578514129
-0.6249281532450
 0.7539503864581
-0.6316693110576
 0.7432169500140
-0.6382634691168
 0.7324590553406
-0.6447111038631
 0.7216782036291
-0.6510127003607
 0.7108758840476
-0.6571687521758
 0.7000535737865
-0.6631797612559
 0.6892127381038
-0.6690462378114
 0.6783548303701
-0.6747687001976
 0.6674812921143
-0.6803476747994
 0.6565935530678
-0.6857836959164
 0.6456930312099
-0.6910773056503
 0.6347811328121
-0.6962290537932
 0.6238592524825
-0.7012394977171
 0.6129287732104
-0.7061092022654
 0.6019910664100
-0.7108387396457
 0.5910474919646
-0.7154286893228
 0.5800993982705
-0.7198796379150
 0.5691481222800
-0.7241921790897
 0.5581949895454
-0.7283669134617
 0.5472413142615
-0.7324044484920
 0.5362883993090
-0.7363053983882
 0.5253375362971
-0.7400703840058
 0.5143900056058
-0.7437000327512
 0.5034470764284
-0.7471949784854
 0.4925100068133
-0.7505558614291
 0.4815800437061
-0.7537833280689
 0.4706584229909
-0.7568780310646
 0.4597463695318
-0.7598406291579
 0.4488450972139
-0.7626717870818
 0.4379558089840
-0.7653721754711
 0.4270796968915
-0.7679424707745
 0.4162179421283
-0.7703833551671
 0.4053717150693
-0.7726955164641
 0.3945421753117
-0.7748796480360
 0.3837304717150
-0.7769364487241
 0.3729377424400
-0.7788666227576
 0.3621651149877
-0.7806708796710
 0.3514137062382
-0.7823499342232
 0.3406846224891
-0.7839045063171
 0.3299789594935
-0.7853353209199
 0.3192978024981
-0.7866431079851
 0.3086422262803
-0.7878286023746
 0.2980132951862
-0.7888925437820
 0.2874120631671
-0.7898356766568
 0.2768395738161
-0.7906587501294
 0.2662968604052
-0.7913625179371
 0.2557849459205
-0.7919477383504
 0.2453048430987
-0.7924151741007
 0.2348575544624
-0.7927655923086
 0.2244440723553
-0.7929997644128
 0.2140653789770
-0.7931184661001
 0.2037224464179
-0.7931224772357
 0.1934162366935
-0.7930125817947
 0.1831477017778
-0.7927895677940
 0.1729177836381
-0.7924542272250
 0.1627274142672
-0.7920073559873
 0.1525775157175
-0.7914497538226
 0.1424690001329
-0.7907822242494
 0.1324027697822
-0.7900055744986
 0.1223797170903
-0.7891206154498
 0.1124007246708
-0.7881281615676
 0.1024666653571
-0.7870290308392
 0.0925784022339
-0.7858240447124
 0.0827367886679
-0.7845140280340
 0.0729426683386
-0.7830998089893
 0.0631968752684
-0.7815822190413
 0.0535002338527
-0.7799620928715
 0.0438535588897
-0.7782402683204
 0.0342576556096
-0.7764175863291
 0.0247133197036
-0.7744948908810
 0.0152213373527
-0.7724730289444
 0.0057824852564
-0.7703528504154
-0.0036024693396
-0.7681352080612
-0.0129327686151
-0.7658209574641
-0.0222076641484
-0.7634109569660
-0.0314264168888
-0.7609060676129
-0.0405882971295
-0.7583071531005
-0.0496925844815
-0.7556150797198
-0.0587385678467
-0.7528307163032
-0.0677255453924
-0.7499549341711
-0.0766528245255
-0.7469886070791
-0.0855197218667
-0.7439326111650
-0.0943255632260
-0.7407878248968
-0.1030696835775
-0.7375551290208
-0.1117514270347
-0.7342354065100
-0.1203701468270
-0.7308295425130
-0.1289252052751
-0.7273384243035
-0.1374159737674
-0.7237629412292
-0.1458418327372
-0.7201039846624
-0.1542021716388
-0.7163624479495
-0.1624963889257
-0.7125392263621
-0.1707238920270
-0.7086352170475
-0.1788840973261
-0.7046513189795
-0.1869764301383
-0.7005884329104
-0.1950003246891
-0.6964474613220
-0.2029552240930
-0.6922293083779
-0.2108405803323
-0.6879348798756
-0.2186558542361
-0.6835650831986
-0.2264005154598
-0.6791208272692
-0.2340740424648
-0.6746030225015
-0.2416759224985
-0.6700125807542
-0.2492056515742
-0.6653504152840
-0.2566627344517
-0.6606174406990
-0.2640466846180
-0.6558145729125
-0.2713570242682
-0.6509427290964
-0.2785932842867
-0.6460028276361
-0.2857550042285
-0.6409957880835
-0.2928417323010
-0.6359225311125
-0.2998530253458
-0.6307839784725
-0.3067884488209
-0.6255810529437
-0.3136475767828
-0.6203146782916
-0.3204299918696
-0.6149857792218
-0.3271352852830
-0.6095952813354
-0.3337630567722
-0.6041441110833
-0.3403129146164
-0.5986331957226
-0.3467844756087
-0.5930634632707
-0.3531773650394
-0.5874358424615
-0.3594912166801
-0.5817512627006
-0.3657256727676
-0.5760106540210
-0.3718803839883
-0.5702149470385
-0.3779550094622
-0.5643650729074
-0.3839492167282
-0.5584619632764
-0.3898626817282
-0.5525065502444
-0.3956950887925
-0.5464997663161
-0.4014461306248
-0.5404425443579
-0.4071155082876
-0.5343358175539
-0.4127029311874
-0.5281805193616
-0.4182081170607
-0.5219775834681
-0.4236307919596
-0.5157279437457
-0.4289706902377
-0.5094325342077
-0.4342275545363
-0.5030922889649
-0.4394011357705
-0.4967081421808
-0.4444911931157
-0.4902810280277
-0.4494974939940
-0.4838118806429
-0.4544198140608
-0.4773016340837
-0.4592579371915
-0.4707512222841
-0.4640116554686
-0.4641615790099
-0.4686807691683
-0.4575336378143
-0.4732650867478
-0.4508683319940
-0.4777644248325
-0.4441665945445
-0.4821786082029
-0.4374293581155
-0.4865074697824
-0.4306575549665
-0.4907508506246
-0.4238521169219
-0.4949085999005
-0.4170139753265
-0.4989805748866
-0.4101440610006
-0.5029666409518
-0.4032433041951
-0.5068666715461
-0.3963126345464
-0.5106805481874
-0.3893529810314
-0.5144081604499
-0.3823652719220
-0.5180494059516
-0.3753504347403
-0.5216041903425
-0.3683093962127
-0.5250724272921
-0.3612430822243
-0.5284540384779
-0.3541524177736
-0.5317489535726
-0.3470383269264
-0.5349571102328
-0.3399017327699
-0.5380784540865
-0.3327435573666
-0.5411129387211
-0.3255647217081
-0.5440605256717
-0.3183661456688
-0.5469211844085
-0.3111487479592
-0.5496948923251
-0.3039134460793
-0.5523816347265
-0.2966611562720
-0.5549814048163
-0.2893927934758
-0.5574942036852
-0.2821092712778
-0.5599200402985
-0.2748115018663
-0.5622589314838
-0.2675003959836
-0.5645109019185
-0.2601768628779
-0.5666759841176
-0.2528418102560
-0.5687542184212
-0.2454961442350
-0.5707456529816
-0.2381407692939
-0.5726503437511
-0.2307765882258
-0.5744683544686
-0.2234045020889
-0.5761997566473
-0.2160254101582
-0.5778446295616
-0.2086402098761
-0.5794030602334
-0.2012497968035
-0.5808751434197
-0.1938550645708
-0.5822609815987
-0.1864569048279
-0.5835606849563
-0.1790562071949
-0.5847743713726
-0.1716538592120
-0.5859021664080
-0.1642507462896
-0.5869442032890
-0.1568477516579
-0.5879006228945
-0.1494457563164
-0.5887715737409
-0.1420456389833
-0.5895572119679
-0.1346482760446
-0.5902577013237
-0.1272545415029
-0.5908732131501
-0.1198653069262
-0.5914039263671
-0.1124814413966
-0.5918500274578
-0.1051038114582
-0.5922117104528
-0.0977332810654
-0.5924891769141
-0.0903707115307
-0.5926826359193
-0.0830169614726
-0.5927923040450
-0.0756728867629
-0.5928184053506
-0.0683393404738
-0.5927611713610
-0.0610171728254
-0.5926208410497
-0.0537072311320
-0.5923976608214
-0.0464103597493
-0.5920918844941
-0.0391274000205
-0.5917037732814
-0.0318591902228
-0.5912335957737
-0.0246065655129
-0.5906816279203
-0.0173703578737
-0.5900481530095
-0.0101513960593
-0.5893334616502
-0.0029505055406
-0.5885378517515
 0.0042314915494
-0.5876616285033
 0.0113937764704
-0.5867051043558
 0.0185355339301
-0.5856685989984
 0.0256559521397
-0.5845524393392
 0.0327542228688
-0.5833569594831
 0.0398295415017
-0.5820825007104
 0.0468811070930
-0.5807294114538
 0.0539081224238
-0.5792980472766
 0.0609097940575
-0.5777887708490
 0.0678853323968
-0.5762019519248
 0.0748339517397
-0.5745379673176
 0.0817548703369
-0.5727972008764
 0.0886473104477
-0.5709800434603
 0.0955104983983
-0.5690868929141
 0.1023436646379
-0.5671181540418
 0.1091460437966
-0.5650742385806
 0.1159168747429
-0.5629555651745
 0.1226554006413
-0.5607625593469
 0.1293608690099
-0.5584956534726
 0.1360325317787
-0.5561552867504
 0.1426696453471
-0.5537419051737
 0.1492714706428
-0.5512559615015
 0.1558372731793
-0.5486979152288
 0.1623663231149
-0.5460682325563
 0.1688578953109
-0.5433673863594
 0.1753112693903
-0.5405958561571
 0.1817257297967
-0.5377541280799
 0.1881005658526
-0.5348426948371
 0.1944350718187
-0.5318620556842
 0.2007285469528
-0.5288127163891
 0.2069802955687
-0.5256951891977
 0.2131896270953
-0.5225099927991
 0.2193558561360
-0.5192576522904
 0.2254783025274
-0.5159386991404
 0.2315562913991
-0.5125536711529
 0.2375891532324
-0.5091031124300
 0.2435762239202
-0.5055875733333
 0.2495168448258
-0.5020076104460
 0.2554103628427
-0.4983637865335
 0.2612561304534
-0.4946566705035
 0.2670535057892
-0.4908868373657
 0.2728018526893
-0.4870548681904
 0.2785005407603
-0.4831613500667
 0.2841489454349
-0.4792068760601
 0.2897464480321
-0.4751920451692
 0.2952924358153
-0.4711174622821
 0.3007863020522
-0.4669837381313
 0.3062274460737
-0.4627914892487
 0.3116152733326
-0.4585413379200
 0.3169491954627
-0.4542339121371
 0.3222286303377
-0.4498698455516
 0.3274530021296
-0.4454497774262
 0.3326217413676
-0.4409743525858
 0.3377342849965
-0.4364442213681
 0.3427900764346
-0.4318600395733
 0.3477885656324
-0.4272224684127
 0.3527292091305
-0.4225321744573
 0.3576114701172
-0.4177898295849
 0.3624348184863
-0.4129961109272
 0.3671987308946
-0.4081517008150
 0.3719026908192
-0.4032572867241
 0.3765461886144
-0.3983135612193
 0.3811287215687
-0.3933212218981
 0.3856497939613
-0.3882809713336
 0.3901089171185
-0.3831935170165
 0.3945056094696
-0.3780595712964
 0.3988393966028
-0.3728798513223
 0.4031098113210
-0.3676550789825
 0.4073163936966
-0.3623859808432
 0.4114586911265
-0.3570732880870
 0.4155362583868
-0.3517177364500
 0.4195486576872
-0.3463200661587
 0.4234954587244
-0.3408810218653
 0.4273762387361
-0.3354013525830
 0.4311905825539
-0.3298818116202
 0.4349380826562
-0.3243231565137
 0.4386183392205
-0.3187261489614
 0.4422309601752
-0.3130915547540
 0.4457755612515
-0.3074201437063
 0.4492517660341
-0.3017126895868
 0.4526592060120
-0.2959699700475
 0.4559975206285
-0.2901927665527
 0.4592663573310
-0.2843818643060
 0.4624653716202
-0.2785380521783
 0.4655942270984
-0.2726621226330
 0.4686525955182
-0.2667548716523
 0.4716401568293
-0.2608170986612
 0.4745565992263
-0.2548496064514
 0.4774016191945
-0.2488532011047
 0.4801749215562
-0.2428286919149
 0.4828762195159
-0.2367768913092
 0.4855052347044
-0.2306986147691
 0.4880616972238
-0.2245946807503
 0.4905453456898
-0.2184659106016
 0.4929559272752
-0.2123131284836
 0.4952931977515
-0.2061371612859
 0.4975569215306
-0.1999388385441
 0.4997468717050
-0.1937189923560
 0.5018628300881
-0.1874784572968
 0.5039045872531
-0.1812180703336
 0.5058719425717
-0.1749386707392
 0.5077647042516
-0.1686411000055
 0.5095826893734
-0.1623262017556
 0.5113257239270
-0.1559948216552
 0.5129936428465
-0.1496478073242
 0.5145862900447
-0.1432860082461
 0.5161035184471
-0.1369102756783
 0.5175451900246
-0.1305214625602
 0.5189111758249
-0.1241204234219
 0.5202013560042
-0.1177080142910
 0.5214156198571
-0.1112850926001
 0.5225538658457
-0.1048525170925
 0.5236160016282
-0.0984111477274
 0.5246019440858
-0.0919618455853
 0.5255116193499
-0.0855054727717
 0.5263449628265
-0.0790428923210
 0.5271019192216
-0.0725749680989
 0.5277824425643
-0.0661025647054
 0.5283864962290
-0.0596265473761
 0.5289140529574
-0.0531477818832
 0.5293650948785
-0.0466671344365
 0.5297396135278
-0.0401854715832
 0.5300376098661
-0.0337036601074
 0.5302590942963
-0.0272225669289
 0.5304040866796
-0.0207430590018
 0.5304726163505
-0.0142660032122
 0.5304647221308
-0.0077922662757
 0.5303804523421
-0.0013227146344
 0.5302198648177
 0.0051417856470
 0.5299830269126
 0.0116003689847
 0.5296700155134
 0.0180521703808
 0.5292809170460
 0.0244963255279
 0.5288158274823
 0.0309319709142
 0.5282748523464
 0.0373582439298
 0.5276581067188
 0.0437742829723
 0.5269657152395
 0.0501792275533
 0.5261978121105
 0.0565722184055
 0.5253545410958
 0.0629523975895
 0.5244360555218
 0.0693189086014
 0.5234425182745
 0.0756708964806
 0.5223741017975
 0.0820075079179
 0.5212309880867
 0.0883278913635
 0.5200133686853
 0.0946311971360
 0.5187214446763
 0.1009165775309
 0.5173554266748
 0.1071831869297
 0.5159155348178
 0.1134301819092
 0.5144019987534
 0.1196567213506
 0.5128150576286
 0.1258619665494
 0.5111549600757
 0.1320450813249
 0.5094219641968
 0.1382052321301
 0.5076163375478
 0.1443415881615
 0.5057383571204
 0.1504533214690
 0.5037883093231
 0.1565396070663
 0.5017664899603
 0.1625996230408
 0.4996732042106
 0.1686325506635
 0.4975087666032
 0.1746375744995
 0.4952735009931
 0.1806138825180
 0.4929677405350
 0.1865606662021
 0.4905918276556
 0.1924771206592
 0.4881461140243
 0.1983624447306
 0.4856309605232
 0.2042158411015
 0.4830467372142
 0.2100365164106
 0.4803938233067
 0.2158236813596
 0.4776726071220
 0.2215765508229
 0.4748834860571
 0.2272943439564
 0.4720268665473
 0.2329762843066
 0.4691031640265
 0.2386215999193
 0.4661128028870
 0.2442295234485
 0.4630562164369
 0.2497992922638
 0.4599338468570
 0.2553301485592
 0.4567461451554
 0.2608213394599
 0.4534935711211
 0.2662721171303
 0.4501765932761
 0.2716817388801
 0.4467956888258
 0.2770494672713
 0.4433513436085
 0.2823745702241
 0.4398440520426
 0.2876563211225
 0.4362743170729
 0.2928939989196
 0.4326426501155
 0.2980868882420
 0.4289495710011
 0.3032342794942
 0.4251956079166
 0.3083354689624
 0.4213812973458
 0.3133897589169
 0.4175071840081
 0.3183964577155
 0.4135738207960
 0.3233548799049
 0.4095817687114
 0.3282643463218
 0.4055315968000
 0.3331241841942
 0.4014238820848
 0.3379337272408
 0.3972592094975
 0.3426923157704
 0.3930381718092
 0.3473992967807
 0.3887613695595
 0.3520540240557
 0.3844294109834
 0.3566558582634
 0.3800429119384
 0.3612041670514
 0.3756024958286
 0.3656983251426
 0.3711087935286
 0.3701377144301
 0.3665624433050
 0.3745217240708
 0.3619640907377
 0.3788497505782
 0.3573143886391
 0.3831211979146
 0.3526139969717
 0.3873354775819
 0.3478635827653
 0.3914920087122
 0.3430638200322
 0.3955902181567
 0.3382153896810
 0.3996295405739
 0.3333189794300
 0.4036094185169
 0.3283752837178
 0.4075293025193
 0.3233850036145
 0.4113886511808
 0.3183488467297
 0.4151869312508
 0.3132675271209
 0.4189236177115
 0.3081417651999
 0.4225981938597
 0.3029722876377
 0.4262101513875
 0.2977598272689
 0.4297589904621
 0.2925051229945
 0.4332442198035
 0.2872089196835
 0.4366653567625
 0.2818719680738
 0.4400219273959
 0.2764950246711
 0.4433134665418
 0.2710788516476
 0.4465395178926
 0.2656242167391
 0.4496996340675
 0.2601318931410
 0.4527933766833
 0.2546026594034
 0.4558203164241
 0.2490372993251
 0.4587800331091
 0.2434366018465
 0.4616721157601
 0.2378013609416
 0.4644961626667
 0.2321323755089
 0.4672517814506
 0.2264304492612
 0.4699385891283
 0.2206963906149
 0.4725562121722
 0.2149310125779
 0.4751042865712
 0.2091351326367
 0.4775824578885
 0.2033095726426
 0.4799903813188
 0.1974551586973
 0.4823277217439
 0.1915727210373
 0.4845941537869
 0.1856630939175
 0.4867893618643
 0.1797271154944
 0.4889130402374
 0.1737656277076
 0.4909648930615
 0.1677794761617
 0.4929446344340
 0.1617695100067
 0.4948519884407
 0.1557365818178
 0.4966866892006
 0.1496815474746
 0.4984484809091
 0.1436052660396
 0.5001371178794
 0.1375085996360
 0.5017523645829
 0.1313924133250
 0.5032939956873
 0.1252575749827
 0.5047617960933
 0.1191049551754
 0.5061555609699
 0.1129354270358
 0.5074750957876
 0.1067498661379
 0.5087202163505
 0.1005491503709
 0.5098907488262
 0.0943341598140
 0.5109865297742
 0.0881057766093
 0.5120074061728
 0.0818648848352
 0.5129532354443
 0.0756123703793
 0.5138238854779
 0.0693491208104
 0.5146192346519
 0.0630760252505
 0.5153391718534
 0.0567939742470
 0.5159835964963
 0.0505038596435
 0.5165524185385
 0.0442065744511
 0.5170455584958
 0.0379030127195
 0.5174629474558
 0.0315940694074
 0.5178045270887
 0.0252806402531
 0.5180702496569
 0.0189636216449
 0.5182600780232
 0.0126439104910
 0.5183739856566
 0.0063224040898
