 0.4608653853687
 0.0000000000000
 0.4601820012982
-0.0252808817937
 0.4581337822466
-0.0504890986995
 0.4547265212696
-0.0755521987976
 0.4499698520814
-0.1003981552145
 0.4438772171127
-0.1249555764294
 0.4364658230408
-0.1491539139373
 0.4277565840384
-0.1729236664201
 0.4177740530546
-0.1961965795985
 0.4065463415044
-0.2189058409744
 0.3941050278036
-0.2409862687033
 0.3804850552420
-0.2623744938848
 0.3657246197394
-0.2830091356025
 0.3498650480775
-0.3028309680949
 0.3329506672394
-0.3217830794952
 0.3150286655277
-0.3398110216335
 0.2961489461621
-0.3568629504565
 0.2763639740814
-0.3728897566787
 0.2557286166936
-0.3878451863445
 0.2342999793342
-0.4016859510423
 0.2121372361941
-0.4143718275759
 0.1893014574866
-0.4258657469614
 0.1658554336134
-0.4361338726792
 0.1418634970842
-0.4451456681711
 0.1173913429277
-0.4528739536307
 0.0925058483130
-0.4592949521910
 0.0672748920785
-0.4643883256655
 0.0417671748357
-0.4681372000495
 0.0160520402854
-0.4705281810328
-0.0098007016504
-0.4715513598187
-0.0357209493153
-0.4712003095816
-0.0616384808965
-0.4694720729303
-0.0874831226094
-0.4663671407730
-0.1131849130445
-0.4618894230079
-0.1386742632781
-0.4560462114819
-0.1638821123903
-0.4488481356803
-0.1887400780796
-0.4403091116212
-0.2131806021067
-0.4304462844398
-0.2371370903437
-0.4192799651512
-0.2605440472487
-0.4068335620841
-0.2833372046248
-0.3931335074738
-0.3054536445661
-0.3782091797011
-0.3268319165300
-0.3620928216537
-0.3474121485111
-0.3448194556752
-0.3671361523292
-0.3264267955573
-0.3859475230756
-0.3069551560111
-0.4037917327912
-0.2864473600395
-0.4206162184817
-0.2649486446114
-0.4363704645966
-0.2425065650181
-0.4510060801271
-0.2191708982715
-0.4644768704965
-0.1949935458799
-0.4767389044361
-0.1700284363127
-0.4877505760584
-0.1443314274427
-0.4974726623506
-0.1179602092289
-0.5058683763276
-0.0909742068774
-0.5129034160922
-0.0634344846936
-0.5185460100574
-0.0354036508139
-0.5227669585955
-0.0069457629799
-0.5255396723810
 0.0218737645057
-0.5268402076980
 0.0509882525277
-0.5266472989850
 0.0803298475185
-0.5249423888895
 0.1098296103630
-0.5217096561047
 0.1394176038013
-0.5169360412565
 0.1690229783039
-0.5106112711073
 0.1985740564176
-0.5027278813384
 0.2279984155967
-0.4932812381663
 0.2572229695554
-0.4822695590438
 0.2861740481971
-0.4696939326890
 0.3147774761913
-0.4555583386779
 0.3429586502884
-0.4398696668298
 0.3706426154781
-0.4226377366048
 0.3977541401137
-0.4038753167239
 0.4242177901376
-0.3835981452155
 0.4499580025626
-0.3618249500800
 0.4748991583724
-0.3385774707570
 0.4989656550216
-0.3138804805676
 0.5220819787292
-0.2877618102976
 0.5441727767699
-0.2602523730736
 0.5651629299831
-0.2313861906785
 0.5849776257300
-0.2012004214377
 0.6035424315428
-0.1697353898020
 0.6207833697211
-0.1370346177387
 0.6366269931454
-0.1031448580352
 0.6510004625850
-0.0681161296064
 0.6638316257974
-0.0320017548879
 0.6750490987212
 0.0051416006137
 0.6845823490843
 0.0432538865556
 0.6923617827578
 0.0822716237280
 0.6983188332023
 0.1221278577232
 0.7023860543681
 0.1627521102794
 0.7044972174229
 0.2040703282871
 0.7045874116998
 0.2460048304590
 0.7025931502728
 0.2884742516782
 0.6984524805846
 0.3313934850542
 0.6921051005690
 0.3746736217288
 0.6834924807319
 0.4182218884928
 0.6725579926718
 0.4619415832907
 0.6592470445441
 0.5057320087055
 0.6435072239963
 0.5494884035401
 0.6252884491243
 0.5931018726279
 0.6045431280258
 0.6364593150295
 0.5812263275541
 0.6794433507959
 0.5552959519036
 0.7219322465047
 0.5267129316894
 0.7637998398027
 0.4954414242154
 0.8049154632199
 0.4614490256579
 0.8451438675512
 0.4247069959309
 0.8843451451408
 0.3851904970347
 0.9223746534373
 0.3428788457313
 0.9590829392380
 0.2977557814330
 0.9943156640788
 0.2498097502369
 1.0279135312822
 0.1990342060834
 1.0597122152275
 0.1454279300720
 1.0895422934694
 0.0889953690180
 1.1172291823938
 0.0297469943916
 1.1425930771740
-0.0323003171563
 1.1654488968661
-0.0971228804186
 1.1856062355690
-0.1646897740718
 1.2028693206670
-0.2349623875284
 1.2170369792749
-0.3078939407231
 1.2279026141177
-0.3834289752759
 1.2352541901964
-0.4615028153918
 1.2388742337288
-0.5420409967698
 1.2385398449959
-0.6249586617026
 1.2340227268862
-0.7101599184504
 1.2250892311062
-0.7975371628733
 1.2115004242120
-0.8869703601972
 1.1930121758327
-0.9783262846804
 1.1693752716806
-1.0714577148279
 1.1403355541957
-1.1662025816806
 1.1056340939496
-1.2623830675777
 1.0650073952325
-1.3598046526579
 1.0181876395798
-1.4582551062262
 0.9649029713556
-1.5575034199680
 0.9048778299111
-1.6572986798436
 0.8378333332695
-1.7573688733394
 0.7634877187683
-1.8574196285918
 0.6815568466190
-1.9571328817347
 0.5917547729166
-2.0561654686504
 0.4937943992702
-2.1541476371285
 0.3873882069218
-2.2506814752616
 0.2722490839858
-2.3453392517218
 0.1480912552882
-2.4376616633823
 0.0146313252106
-2.5271559855633
-0.1284105550342
-2.6132941199978
 0.0146313252106
 2.5271559855633
 0.1480912552882
 2.4376616633823
 0.2722490839858
 2.3453392517218
 0.3873882069218
 2.2506814752616
 0.4937943992702
 2.1541476371285
 0.5917547729166
 2.0561654686504
 0.6815568466190
 1.9571328817347
 0.7634877187683
 1.8574196285918
 0.8378333332695
 1.7573688733394
 0.9048778299111
 1.6572986798436
 0.9649029713556
 1.5575034199680
 1.0181876395798
 1.4582551062262
 1.0650073952325
 1.3598046526579
 1.1056340939496
 1.2623830675777
 1.1403355541957
 1.1662025816806
 1.1693752716806
 1.0714577148279
 1.1930121758327
 0.9783262846804
 1.2115004242120
 0.8869703601972
 1.2250892311062
 0.7975371628733
 1.2340227268862
 0.7101599184504
 1.2385398449959
 0.6249586617026
 1.2388742337288
 0.5420409967698
 1.2352541901964
 0.4615028153918
 1.2279026141177
 0.3834289752759
 1.2170369792749
 0.3078939407231
 1.2028693206670
 0.2349623875284
 1.1856062355690
 0.1646897740718
 1.1654488968661
 0.0971228804186
 1.1425930771740
 0.0323003171563
 1.1172291823938
-0.0297469943916
 1.0895422934694
-0.0889953690180
 1.0597122152275
-0.1454279300720
 1.0279135312822
-0.1990342060834
 0.9943156640788
-0.2498097502369
 0.9590829392380
-0.2977557814330
 0.9223746534373
-0.3428788457313
 0.8843451451408
-0.3851904970347
 0.8451438675512
-0.4247069959309
 0.8049154632199
-0.4614490256579
 0.7637998398027
-0.4954414242154
 0.7219322465047
-0.5267129316894
 0.6794433507959
-0.5552959519036
 0.6364593150295
-0.5812263275541
 0.5931018726279
-0.6045431280258
 0.5494884035401
-0.6252884491243
 0.5057320087055
-0.6435072239963
 0.4619415832907
-0.6592470445441
 0.4182218884928
-0.6725579926718
 0.3746736217288
-0.6834924807319
 0.3313934850542
-0.6921051005690
 0.2884742516782
-0.6984524805846
 0.2460048304590
-0.7025931502728
 0.2040703282871
-0.7045874116998
 0.1627521102794
-0.7044972174229
 0.1221278577232
-0.7023860543681
 0.0822716237280
-0.6983188332023
 0.0432538865556
-0.6923617827578
 0.0051416006137
-0.6845823490843
-0.0320017548879
-0.6750490987212
-0.0681161296064
-0.6638316257974
-0.1031448580352
-0.6510004625850
-0.1370346177387
-0.6366269931454
-0.1697353898020
-0.6207833697211
-0.2012004214377
-0.6035424315428
-0.2313861906785
-0.5849776257300
-0.2602523730736
-0.5651629299831
-0.2877618102976
-0.5441727767699
-0.3138804805676
-0.5220819787292
-0.3385774707570
-0.4989656550216
-0.3618249500800
-0.4748991583724
-0.3835981452155
-0.4499580025626
-0.4038753167239
-0.4242177901376
-0.4226377366048
-0.3977541401137
-0.4398696668298
-0.3706426154781
-0.4555583386779
-0.3429586502884
-0.4696939326890
-0.3147774761913
-0.4822695590438
-0.2861740481971
-0.4932812381663
-0.2572229695554
-0.5027278813384
-0.2279984155967
-0.5106112711073
-0.1985740564176
-0.5169360412565
-0.1690229783039
-0.5217096561047
-0.1394176038013
-0.5249423888895
-0.1098296103630
-0.5266472989850
-0.0803298475185
-0.5268402076980
-0.0509882525277
-0.5255396723810
-0.0218737645057
-0.5227669585955
 0.0069457629799
-0.5185460100574
 0.0354036508139
-0.5129034160922
 0.0634344846936
-0.5058683763276
 0.0909742068774
-0.4974726623506
 0.1179602092289
-0.4877505760584
 0.1443314274427
-0.4767389044361
 0.1700284363127
-0.4644768704965
 0.1949935458799
-0.4510060801271
 0.2191708982715
-0.4363704645966
 0.2425065650181
-0.4206162184817
 0.2649486446114
-0.4037917327912
 0.2864473600395
-0.3859475230756
 0.3069551560111
-0.3671361523292
 0.3264267955573
-0.3474121485111
 0.3448194556752
-0.3268319165300
 0.3620928216537
-0.3054536445661
 0.3782091797011
-0.2833372046248
 0.3931335074738
-0.2605440472487
 0.4068335620841
-0.2371370903437
 0.4192799651512
-0.2131806021067
 0.4304462844398
-0.1887400780796
 0.4403091116212
-0.1638821123903
 0.4488481356803
-0.1386742632781
 0.4560462114819
-0.1131849130445
 0.4618894230079
-0.0874831226094
 0.4663671407730
-0.0616384808965
 0.4694720729303
-0.0357209493153
 0.4712003095816
-0.0098007016504
 0.4715513598187
 0.0160520402854
 0.4705281810328
 0.0417671748357
 0.4681372000495
 0.0672748920785
 0.4643883256655
 0.0925058483130
 0.4592949521910
 0.1173913429277
 0.4528739536307
 0.1418634970842
 0.4451456681711
 0.1658554336134
 0.4361338726792
 0.1893014574866
 0.4258657469614
 0.2121372361941
 0.4143718275759
 0.2342999793342
 0.4016859510423
 0.2557286166936
 0.3878451863445
 0.2763639740814
 0.3728897566787
 0.2961489461621
 0.3568629504565
 0.3150286655277
 0.3398110216335
 0.3329506672394
 0.3217830794952
 0.3498650480775
 0.3028309680949
 0.3657246197394
 0.2830091356025
 0.3804850552420
 0.2623744938848
 0.3941050278036
 0.2409862687033
 0.4065463415044
 0.2189058409744
 0.4177740530546
 0.1961965795985
 0.4277565840384
 0.1729236664201
 0.4364658230408
 0.1491539139373
 0.4438772171127
 0.1249555764294
 0.4499698520814
 0.1003981552145
 0.4547265212696
 0.0755521987976
 0.4581337822466
 0.0504890986995
 0.4601820012982
 0.0252808817937
