 0.6145191568573
 0.0000000000000
 0.6063324621054
-0.1007441111434
 0.5819804430283
-0.1988864678660
 0.5420810924406
-0.2918937026747
 0.4876440326276
-0.3773666709575
 0.4200410259425
-0.4531013526576
 0.3409667183067
-0.5171427548809
 0.2523914457153
-0.5678301886890
 0.1565081991811
-0.6038328094160
 0.0556759569093
-0.6241748576814
-0.0476384421369
-0.6282505724615
-0.1509178744373
-0.6158292285364
-0.2516502178738
-0.5870511482184
-0.3473799470375
-0.5424158327330
-0.4357550137617
-0.4827635448017
-0.5145683700600
-0.4092517540545
-0.5817938504091
-0.3233278422183
-0.6356164486966
-0.2266993723236
-0.6744572895020
-0.1213030748542
-0.6969937978358
-0.0092735134833
-0.7021757158997
 0.1070878181942
-0.6892377040718
 0.2253424345810
-0.6577093032971
 0.3429435075655
-0.6074230359897
 0.4572631020682
-0.5385213914498
 0.5656180515087
-0.4514633881618
 0.6652946867652
-0.3470313365516
 0.7535727731784
-0.2263383477753
 0.8277491352280
-0.0908370511127
 0.8851615618465
 0.0576701029054
 0.9232136920277
 0.2170186636401
 0.9394016861592
 0.3846679255339
 0.9313435994643
 0.5576844923054
 0.8968124964717
 0.7327236604160
 0.8337744860622
 0.9060087444060
 0.7404330219836
 1.0733086155642
 0.6152810102259
 1.2299139134407
 0.4571624982820
 1.3706126333623
 0.2653459968817
 1.4896661132683
 0.0396118047165
 1.5807868656694
-0.2196439308871
 1.6371202560021
-0.5112852887160
 1.6512327509662
-0.8332892477088
 1.6151103822637
-1.1825710452308
 1.5201722138888
-1.5547780232477
 1.3573049547821
-1.9440476926778
 1.1169263438713
-2.3427260473460
 0.7890863335158
-2.7410430728263
 0.3636159323803
-3.1267442413930
-0.1696671081897
-3.4846799546904
 0.3636159323803
 3.1267442413930
 0.7890863335158
 2.7410430728263
 1.1169263438713
 2.3427260473460
 1.3573049547821
 1.9440476926778
 1.5201722138888
 1.5547780232477
 1.6151103822637
 1.1825710452308
 1.6512327509662
 0.8332892477088
 1.6371202560021
 0.5112852887160
 1.5807868656694
 0.2196439308871
 1.4896661132683
-0.0396118047165
 1.3706126333623
-0.2653459968817
 1.2299139134407
-0.4571624982820
 1.0733086155642
-0.6152810102259
 0.9060087444060
-0.7404330219836
 0.7327236604160
-0.8337744860622
 0.5576844923054
-0.8968124964717
 0.3846679255339
-0.9313435994643
 0.2170186636401
-0.9394016861592
 0.0576701029054
-0.9232136920277
-0.0908370511127
-0.8851615618465
-0.2263383477753
-0.8277491352280
-0.3470313365516
-0.7535727731784
-0.4514633881618
-0.6652946867652
-0.5385213914498
-0.5656180515087
-0.6074230359897
-0.4572631020682
-0.6577093032971
-0.3429435075655
-0.6892377040718
-0.2253424345810
-0.7021757158997
-0.1070878181942
-0.6969937978358
 0.0092735134833
-0.6744572895020
 0.1213030748542
-0.6356164486966
 0.2266993723236
-0.5817938504091
 0.3233278422183
-0.5145683700600
 0.4092517540545
-0.4357550137617
 0.4827635448017
-0.3473799470375
 0.5424158327330
-0.2516502178738
 0.5870511482184
-0.1509178744373
 0.6158292285364
-0.0476384421369
 0.6282505724615
 0.0556759569093
 0.6241748576814
 0.1565081991811
 0.6038328094160
 0.2523914457153
 0.5678301886890
 0.3409667183067
 0.5171427548809
 0.4200410259425
 0.4531013526576
 0.4876440326276
 0.3773666709575
 0.5420810924406
 0.2918937026747
 0.5819804430283
 0.1988864678660
 0.6063324621054
 0.1007441111434
