 0.4608653853687
 0.0000000000000
 0.4499698520814
-0.1003981552145
 0.4177740530546
-0.1961965795985
 0.3657246197394
-0.2830091356025
 0.2961489461621
-0.3568629504565
 0.2121372361941
-0.4143718275759
 0.1173913429277
-0.4528739536307
 0.0160520402854
-0.4705281810328
-0.0874831226094
-0.4663671407730
-0.1887400780796
-0.4403091116212
-0.2833372046248
-0.3931335074738
-0.3671361523292
-0.3264267955573
-0.4363704645966
-0.2425065650181
-0.4877505760584
-0.1443314274427
-0.5185460100574
-0.0354036508139
-0.5266472989850
 0.0803298475185
-0.5106112711073
 0.1985740564176
-0.4696939326890
 0.3147774761913
-0.4038753167239
 0.4242177901376
-0.3138804805676
 0.5220819787292
-0.2012004214377
 0.6035424315428
-0.0681161296064
 0.6638316257974
 0.0822716237280
 0.6983188332023
 0.2460048304590
 0.7025931502728
 0.4182218884928
 0.6725579926718
 0.5931018726279
 0.6045431280258
 0.7637998398027
 0.4954414242154
 0.9223746534373
 0.3428788457313
 1.0597122152275
 0.1454279300720
 1.1654488968661
-0.0971228804186
 1.2279026141177
-0.3834289752759
 1.2340227268862
-0.7101599184504
 1.1693752716806
-1.0714577148279
 1.0181876395798
-1.4582551062262
 0.7634877187683
-1.8574196285918
 0.3873882069218
-2.2506814752616
-0.1284105550342
-2.6132941199978
 0.3873882069218
 2.2506814752616
 0.7634877187683
 1.8574196285918
 1.0181876395798
 1.4582551062262
 1.1693752716806
 1.0714577148279
 1.2340227268862
 0.7101599184504
 1.2279026141177
 0.3834289752759
 1.1654488968661
 0.0971228804186
 1.0597122152275
-0.1454279300720
 0.9223746534373
-0.3428788457313
 0.7637998398027
-0.4954414242154
 0.5931018726279
-0.6045431280258
 0.4182218884928
-0.6725579926718
 0.2460048304590
-0.7025931502728
 0.0822716237280
-0.6983188332023
-0.0681161296064
-0.6638316257974
-0.2012004214377
-0.6035424315428
-0.3138804805676
-0.5220819787292
-0.4038753167239
-0.4242177901376
-0.4696939326890
-0.3147774761913
-0.5106112711073
-0.1985740564176
-0.5266472989850
-0.0803298475185
-0.5185460100574
 0.0354036508139
-0.4877505760584
 0.1443314274427
-0.4363704645966
 0.2425065650181
-0.3671361523292
 0.3264267955573
-0.2833372046248
 0.3931335074738
-0.1887400780796
 0.4403091116212
-0.0874831226094
 0.4663671407730
 0.0160520402854
 0.4705281810328
 0.1173913429277
 0.4528739536307
 0.2121372361941
 0.4143718275759
 0.2961489461621
 0.3568629504565
 0.3657246197394
 0.2830091356025
 0.4177740530546
 0.1961965795985
 0.4499698520814
 0.1003981552145
