 0.5184119566368
 0.0000000000000
 0.5182600780232
-0.0126439104910
 0.5178045270887
-0.0252806402531
 0.5170455584958
-0.0379030127195
 0.5159835964963
-0.0505038596435
 0.5146192346519
-0.0630760252505
 0.5129532354443
-0.0756123703793
 0.5109865297742
-0.0881057766093
 0.5087202163505
-0.1005491503709
 0.5061555609699
-0.1129354270358
 0.5032939956873
-0.1252575749827
 0.5001371178794
-0.1375085996360
 0.4966866892006
-0.1496815474746
 0.4929446344340
-0.1617695100067
 0.4889130402374
-0.1737656277076
 0.4845941537869
-0.1856630939175
 0.4799903813188
-0.1974551586973
 0.4751042865712
-0.2091351326367
 0.4699385891283
-0.2206963906149
 0.4644961626667
-0.2321323755089
 0.4587800331091
-0.2434366018465
 0.4527933766833
-0.2546026594034
 0.4465395178926
-0.2656242167391
 0.4400219273959
-0.2764950246711
 0.4332442198035
-0.2872089196835
 0.4262101513875
-0.2977598272689
 0.4189236177115
-0.3081417651999
 0.4113886511808
-0.3183488467297
 0.4036094185169
-0.3283752837178
 0.3955902181567
-0.3382153896810
 0.3873354775819
-0.3478635827653
 0.3788497505782
-0.3573143886391
 0.3701377144301
-0.3665624433050
 0.3612041670514
-0.3756024958286
 0.3520540240557
-0.3844294109834
 0.3426923157704
-0.3930381718092
 0.3331241841942
-0.4014238820848
 0.3233548799049
-0.4095817687114
 0.3133897589169
-0.4175071840081
 0.3032342794942
-0.4251956079166
 0.2928939989196
-0.4326426501155
 0.2823745702241
-0.4398440520426
 0.2716817388801
-0.4467956888258
 0.2608213394599
-0.4534935711211
 0.2497992922638
-0.4599338468570
 0.2386215999193
-0.4661128028870
 0.2272943439564
-0.4720268665473
 0.2158236813596
-0.4776726071220
 0.2042158411015
-0.4830467372142
 0.1924771206592
-0.4881461140243
 0.1806138825180
-0.4929677405350
 0.1686325506635
-0.4975087666032
 0.1565396070663
-0.5017664899603
 0.1443415881615
-0.5057383571204
 0.1320450813249
-0.5094219641968
 0.1196567213506
-0.5128150576286
 0.1071831869297
-0.5159155348178
 0.0946311971360
-0.5187214446763
 0.0820075079179
-0.5212309880867
 0.0693189086014
-0.5234425182745
 0.0565722184055
-0.5253545410958
 0.0437742829723
-0.5269657152395
 0.0309319709142
-0.5282748523464
 0.0180521703808
-0.5292809170460
 0.0051417856470
-0.5299830269126
-0.0077922662757
-0.5303804523421
-0.0207430590018
-0.5304726163505
-0.0337036601074
-0.5302590942963
-0.0466671344365
-0.5297396135278
-0.0596265473761
-0.5289140529574
-0.0725749680989
-0.5277824425643
-0.0855054727717
-0.5263449628265
-0.0984111477274
-0.5246019440858
-0.1112850926001
-0.5225538658457
-0.1241204234219
-0.5202013560042
-0.1369102756783
-0.5175451900246
-0.1496478073242
-0.5145862900447
-0.1623262017556
-0.5113257239270
-0.1749386707392
-0.5077647042516
-0.1874784572968
-0.5039045872531
-0.1999388385441
-0.4997468717050
-0.2123131284836
-0.4952931977515
-0.2245946807503
-0.4905453456898
-0.2367768913092
-0.4855052347044
-0.2488532011047
-0.4801749215562
-0.2608170986612
-0.4745565992263
-0.2726621226330
-0.4686525955182
-0.2843818643060
-0.4624653716202
-0.2959699700475
-0.4559975206285
-0.3074201437063
-0.4492517660341
-0.3187261489614
-0.4422309601752
-0.3298818116202
-0.4349380826562
-0.3408810218653
-0.4273762387361
-0.3517177364500
-0.4195486576872
-0.3623859808432
-0.4114586911265
-0.3728798513223
-0.4031098113210
-0.3831935170165
-0.3945056094696
-0.3933212218981
-0.3856497939613
-0.4032572867241
-0.3765461886144
-0.4129961109272
-0.3671987308946
-0.4225321744573
-0.3576114701172
-0.4318600395733
-0.3477885656324
-0.4409743525858
-0.3377342849965
-0.4498698455516
-0.3274530021296
-0.4585413379200
-0.3169491954627
-0.4669837381313
-0.3062274460737
-0.4751920451692
-0.2952924358153
-0.4831613500667
-0.2841489454349
-0.4908868373657
-0.2728018526893
-0.4983637865335
-0.2612561304534
-0.5055875733333
-0.2495168448258
-0.5125536711529
-0.2375891532324
-0.5192576522904
-0.2254783025274
-0.5256951891977
-0.2131896270953
-0.5318620556842
-0.2007285469528
-0.5377541280799
-0.1881005658526
-0.5433673863594
-0.1753112693903
-0.5486979152288
-0.1623663231149
-0.5537419051737
-0.1492714706428
-0.5584956534726
-0.1360325317787
-0.5629555651745
-0.1226554006413
-0.5671181540418
-0.1091460437966
-0.5709800434603
-0.0955104983983
-0.5745379673176
-0.0817548703369
-0.5777887708490
-0.0678853323968
-0.5807294114538
-0.0539081224238
-0.5833569594831
-0.0398295415017
-0.5856685989984
-0.0256559521397
-0.5876616285033
-0.0113937764704
-0.5893334616502
 0.0029505055406
-0.5906816279203
 0.0173703578737
-0.5917037732814
 0.0318591902228
-0.5923976608214
 0.0464103597493
-0.5927611713610
 0.0610171728254
-0.5927923040450
 0.0756728867629
-0.5924891769141
 0.0903707115307
-0.5918500274578
 0.1051038114582
-0.5908732131501
 0.1198653069262
-0.5895572119679
 0.1346482760446
-0.5879006228945
 0.1494457563164
-0.5859021664080
 0.1642507462896
-0.5835606849563
 0.1790562071949
-0.5808751434197
 0.1938550645708
-0.5778446295616
 0.2086402098761
-0.5744683544686
 0.2234045020889
-0.5707456529816
 0.2381407692939
-0.5666759841176
 0.2528418102560
-0.5622589314838
 0.2675003959836
-0.5574942036852
 0.2821092712778
-0.5523816347265
 0.2966611562720
-0.5469211844085
 0.3111487479592
-0.5411129387211
 0.3255647217081
-0.5349571102328
 0.3399017327699
-0.5284540384779
 0.3541524177736
-0.5216041903425
 0.3683093962127
-0.5144081604499
 0.3823652719220
-0.5068666715461
 0.3963126345464
-0.4989805748866
 0.4101440610006
-0.4907508506246
 0.4238521169219
-0.4821786082029
 0.4374293581155
-0.4732650867478
 0.4508683319940
-0.4640116554686
 0.4641615790099
-0.4544198140608
 0.4773016340837
-0.4444911931157
 0.4902810280277
-0.4342275545363
 0.5030922889649
-0.4236307919596
 0.5157279437457
-0.4127029311874
 0.5281805193616
-0.4014461306248
 0.5404425443579
-0.3898626817282
 0.5525065502444
-0.3779550094622
 0.5643650729074
-0.3657256727676
 0.5760106540210
-0.3531773650394
 0.5874358424615
-0.3403129146164
 0.5986331957226
-0.3271352852830
 0.6095952813354
-0.3136475767828
 0.6203146782916
-0.2998530253458
 0.6307839784725
-0.2857550042285
 0.6409957880835
-0.2713570242682
 0.6509427290964
-0.2566627344517
 0.6606174406990
-0.2416759224985
 0.6700125807542
-0.2264005154598
 0.6791208272692
-0.2108405803323
 0.6879348798756
-0.1950003246891
 0.6964474613220
-0.1788840973261
 0.7046513189795
-0.1624963889257
 0.7125392263621
-0.1458418327372
 0.7201039846624
-0.1289252052751
 0.7273384243035
-0.1117514270347
 0.7342354065100
-0.0943255632260
 0.7407878248968
-0.0766528245255
 0.7469886070791
-0.0587385678467
 0.7528307163032
-0.0405882971295
 0.7583071531005
-0.0222076641484
 0.7634109569660
-0.0036024693396
 0.7681352080612
 0.0152213373527
 0.7724730289444
 0.0342576556096
 0.7764175863291
 0.0535002338527
 0.7799620928715
 0.0729426683386
 0.7830998089893
 0.0925784022339
 0.7858240447124
 0.1124007246708
 0.7881281615676
 0.1324027697822
 0.7900055744986
 0.1525775157175
 0.7914497538226
 0.1729177836381
 0.7924542272250
 0.1934162366935
 0.7930125817947
 0.2140653789770
 0.7931184661001
 0.2348575544624
 0.7927655923086
 0.2557849459205
 0.7919477383504
 0.2768395738161
 0.7906587501294
 0.2980132951862
 0.7888925437820
 0.3192978024981
 0.7866431079851
 0.3406846224891
 0.7839045063171
 0.3621651149877
 0.7806708796710
 0.3837304717150
 0.7769364487241
 0.4053717150693
 0.7726955164641
 0.4270796968915
 0.7679424707745
 0.4488450972139
 0.7626717870818
 0.4706584229909
 0.7568780310646
 0.4925100068133
 0.7505558614291
 0.5143900056058
 0.7437000327512
 0.5362883993090
 0.7363053983882
 0.5581949895454
 0.7283669134617
 0.5800993982705
 0.7198796379150
 0.6019910664100
 0.7108387396457
 0.6238592524825
 0.7012394977171
 0.6456930312099
 0.6910773056503
 0.6674812921143
 0.6803476747994
 0.6892127381038
 0.6690462378114
 0.7108758840476
 0.6571687521758
 0.7324590553406
 0.6447111038631
 0.7539503864581
 0.6316693110576
 0.7753378195037
 0.6180395279858
 0.7966091027481
 0.6038180488429
 0.8177517891626
 0.5890013118214
 0.8387532349472
 0.5735859032440
 0.8596005980535
 0.5575685618027
 0.8802808367062
 0.5409461829087
 0.9007807079213
 0.5237158231559
 0.9210867660248
 0.5058747048997
 0.9411853611721
 0.4874202209557
 0.9610626378690
 0.4683499394213
 0.9807045334980
 0.4486616086230
 1.0000967768486
 0.4283531621932
 1.0192248866552
 0.4074227242798
 1.0380741701444
 0.3858686148927
 1.0566297215920
 0.3636893553897
 1.0748764208930
 0.3408836741063
 1.0927989321461
 0.3174505121341
 1.1103817022548
 0.2933890292490
 1.1276089595472
 0.2686986099963
 1.1444647124170
 0.2433788699348
 1.1609327479878
 0.2174296620445
 1.1769966308037
 0.1908510833024
 1.1926397015475
 0.1636434814307
 1.2078450757916
 0.1358074618221
 1.2225956427817
 0.1073438946458
 1.2368740642582
 0.0782539221402
 1.2506627733179
 0.0485389660962
 1.2639439733184
 0.0182007355366
 1.2766996368303
-0.0127587654045
 1.2889115046388
-0.0443372293952
 1.3005610847997
-0.0765320376089
 1.3116296517535
-0.1093402512108
 1.3220982455006
-0.1427586026219
 1.3319476708434
-0.1767834865551
 1.3411584966982
-0.2114109508187
 1.3497110554824
-0.2466366868791
 1.3575854425812
-0.2824560201793
 1.3647615158991
-0.3188639002046
 1.3712188955015
-0.3558548902908
 1.3769369633506
-0.3934231571676
 1.3818948631438
-0.4315624602309
 1.3860715002573
-0.4702661405369
 1.3894455418033
-0.5095271095113
 1.3919954168065
-0.5493378373662
 1.3936993165064
-0.5896903412173
 1.3945351947924
-0.6305761728949
 1.3944807687791
-0.6719864064392
 1.3935135195290
-0.7139116252736
 1.3916106929313
-0.7563419090482
 1.3887493007439
-0.7992668201430
 1.3849061218075
-0.8426753898252
 1.3800577034420
-0.8865561040505
 1.3741803630319
-0.9308968888996
 1.3672501898130
-0.9756850956411
 1.3592430468690
-1.0209074854118
 1.3501345733489
-1.0665502135047
 1.3399001869165
-1.1125988132553
 1.3285150864425
-1.1590381795154
 1.3159542549526
-1.2058525517062
 1.3021924628428
-1.2530254964380
 1.2872042713753
-1.3005398896881
 1.2709640364686
-1.3483778985244
 1.2534459127958
-1.3965209623649
 1.2346238582059
-1.4449497737609
 1.2144716384833
-1.4936442586927
 1.1929628324610
-1.5425835563667
 1.1700708375053
-1.5917459985001
 1.1457688753884
-1.6411090880827
 1.1200299985670
-1.6906494776022
 1.0928270968865
-1.7403429467206
 1.0641329047292
-1.7901643793874
 1.0339200086284
-1.8400877403788
 1.0021608553688
-1.8900860512457
 0.9688277605958
-1.9401313656595
 0.9338929179564
-1.9901947441399
 0.8973284087972
-2.0402462281507
 0.8591062124431
-2.0902548135480
 0.8191982170840
-2.1401884233669
 0.7775762312969
-2.1900138799298
 0.7342119962311
-2.2396968762624
 0.6890771984878
-2.2892019467989
 0.6421434837238
-2.3384924373624
 0.5933824710124
-2.3875304744030
 0.5427657679947
-2.4362769334752
 0.4902649868577
-2.4846914069407
 0.4358517611748
-2.5327321708752
 0.3794977636470
-2.5803561511642
 0.3211747247857
-2.6275188887685
 0.2608544525780
-2.6741745041413
 0.1985088531780
-2.7202756607774
 0.1341099526696
-2.7657735278765
 0.0676299199481
-2.8106177421016
-0.0009589092304
-2.8547563684110
-0.0716840069802
-2.8981358599461
-0.1445726267439
-2.9407010169547
-0.0716840069802
 2.8981358599461
-0.0009589092304
 2.8547563684110
 0.0676299199481
 2.8106177421016
 0.1341099526696
 2.7657735278765
 0.1985088531780
 2.7202756607774
 0.2608544525780
 2.6741745041413
 0.3211747247857
 2.6275188887685
 0.3794977636470
 2.5803561511642
 0.4358517611748
 2.5327321708752
 0.4902649868577
 2.4846914069407
 0.5427657679947
 2.4362769334752
 0.5933824710124
 2.3875304744030
 0.6421434837238
 2.3384924373624
 0.6890771984878
 2.2892019467989
 0.7342119962311
 2.2396968762624
 0.7775762312969
 2.1900138799298
 0.8191982170840
 2.1401884233669
 0.8591062124431
 2.0902548135480
 0.8973284087972
 2.0402462281507
 0.9338929179564
 1.9901947441399
 0.9688277605958
 1.9401313656595
 1.0021608553688
 1.8900860512457
 1.0339200086284
 1.8400877403788
 1.0641329047292
 1.7901643793874
 1.0928270968865
 1.7403429467206
 1.1200299985670
 1.6906494776022
 1.1457688753884
 1.6411090880827
 1.1700708375053
 1.5917459985001
 1.1929628324610
 1.5425835563667
 1.2144716384833
 1.4936442586927
 1.2346238582059
 1.4449497737609
 1.2534459127958
 1.3965209623649
 1.2709640364686
 1.3483778985244
 1.2872042713753
 1.3005398896881
 1.3021924628428
 1.2530254964380
 1.3159542549526
 1.2058525517062
 1.3285150864425
 1.1590381795154
 1.3399001869165
 1.1125988132553
 1.3501345733489
 1.0665502135047
 1.3592430468690
 1.0209074854118
 1.3672501898130
 0.9756850956411
 1.3741803630319
 0.9308968888996
 1.3800577034420
 0.8865561040505
 1.3849061218075
 0.8426753898252
 1.3887493007439
 0.7992668201430
 1.3916106929313
 0.7563419090482
 1.3935135195290
 0.7139116252736
 1.3944807687791
 0.6719864064392
 1.3945351947924
 0.6305761728949
 1.3936993165064
 0.5896903412173
 1.3919954168065
 0.5493378373662
 1.3894455418033
 0.5095271095113
 1.3860715002573
 0.4702661405369
 1.3818948631438
 0.4315624602309
 1.3769369633506
 0.3934231571676
 1.3712188955015
 0.3558548902908
 1.3647615158991
 0.3188639002046
 1.3575854425812
 0.2824560201793
 1.3497110554824
 0.2466366868791
 1.3411584966982
 0.2114109508187
 1.3319476708434
 0.1767834865551
 1.3220982455006
 0.1427586026219
 1.3116296517535
 0.1093402512108
 1.3005610847997
 0.0765320376089
 1.2889115046388
 0.0443372293952
 1.2766996368303
 0.0127587654045
 1.2639439733184
-0.0182007355366
 1.2506627733179
-0.0485389660962
 1.2368740642582
-0.0782539221402
 1.2225956427817
-0.1073438946458
 1.2078450757916
-0.1358074618221
 1.1926397015475
-0.1636434814307
 1.1769966308037
-0.1908510833024
 1.1609327479878
-0.2174296620445
 1.1444647124170
-0.2433788699348
 1.1276089595472
-0.2686986099963
 1.1103817022548
-0.2933890292490
 1.0927989321461
-0.3174505121341
 1.0748764208930
-0.3408836741063
 1.0566297215920
-0.3636893553897
 1.0380741701444
-0.3858686148927
 1.0192248866552
-0.4074227242798
 1.0000967768486
-0.4283531621932
 0.9807045334980
-0.4486616086230
 0.9610626378690
-0.4683499394213
 0.9411853611721
-0.4874202209557
 0.9210867660248
-0.5058747048997
 0.9007807079213
-0.5237158231559
 0.8802808367062
-0.5409461829087
 0.8596005980535
-0.5575685618027
 0.8387532349472
-0.5735859032440
 0.8177517891626
-0.5890013118214
 0.7966091027481
-0.6038180488429
 0.7753378195037
-0.6180395279858
 0.7539503864581
-0.6316693110576
 0.7324590553406
-0.6447111038631
 0.7108758840476
-0.6571687521758
 0.6892127381038
-0.6690462378114
 0.6674812921143
-0.6803476747994
 0.6456930312099
-0.6910773056503
 0.6238592524825
-0.7012394977171
 0.6019910664100
-0.7108387396457
 0.5800993982705
-0.7198796379150
 0.5581949895454
-0.7283669134617
 0.5362883993090
-0.7363053983882
 0.5143900056058
-0.7437000327512
 0.4925100068133
-0.7505558614291
 0.4706584229909
-0.7568780310646
 0.4488450972139
-0.7626717870818
 0.4270796968915
-0.7679424707745
 0.4053717150693
-0.7726955164641
 0.3837304717150
-0.7769364487241
 0.3621651149877
-0.7806708796710
 0.3406846224891
-0.7839045063171
 0.3192978024981
-0.7866431079851
 0.2980132951862
-0.7888925437820
 0.2768395738161
-0.7906587501294
 0.2557849459205
-0.7919477383504
 0.2348575544624
-0.7927655923086
 0.2140653789770
-0.7931184661001
 0.1934162366935
-0.7930125817947
 0.1729177836381
-0.7924542272250
 0.1525775157175
-0.7914497538226
 0.1324027697822
-0.7900055744986
 0.1124007246708
-0.7881281615676
 0.0925784022339
-0.7858240447124
 0.0729426683386
-0.7830998089893
 0.0535002338527
-0.7799620928715
 0.0342576556096
-0.7764175863291
 0.0152213373527
-0.7724730289444
-0.0036024693396
-0.7681352080612
-0.0222076641484
-0.7634109569660
-0.0405882971295
-0.7583071531005
-0.0587385678467
-0.7528307163032
-0.0766528245255
-0.7469886070791
-0.0943255632260
-0.7407878248968
-0.1117514270347
-0.7342354065100
-0.1289252052751
-0.7273384243035
-0.1458418327372
-0.7201039846624
-0.1624963889257
-0.7125392263621
-0.1788840973261
-0.7046513189795
-0.1950003246891
-0.6964474613220
-0.2108405803323
-0.6879348798756
-0.2264005154598
-0.6791208272692
-0.2416759224985
-0.6700125807542
-0.2566627344517
-0.6606174406990
-0.2713570242682
-0.6509427290964
-0.2857550042285
-0.6409957880835
-0.2998530253458
-0.6307839784725
-0.3136475767828
-0.6203146782916
-0.3271352852830
-0.6095952813354
-0.3403129146164
-0.5986331957226
-0.3531773650394
-0.5874358424615
-0.3657256727676
-0.5760106540210
-0.3779550094622
-0.5643650729074
-0.3898626817282
-0.5525065502444
-0.4014461306248
-0.5404425443579
-0.4127029311874
-0.5281805193616
-0.4236307919596
-0.5157279437457
-0.4342275545363
-0.5030922889649
-0.4444911931157
-0.4902810280277
-0.4544198140608
-0.4773016340837
-0.4640116554686
-0.4641615790099
-0.4732650867478
-0.4508683319940
-0.4821786082029
-0.4374293581155
-0.4907508506246
-0.4238521169219
-0.4989805748866
-0.4101440610006
-0.5068666715461
-0.3963126345464
-0.5144081604499
-0.3823652719220
-0.5216041903425
-0.3683093962127
-0.5284540384779
-0.3541524177736
-0.5349571102328
-0.3399017327699
-0.5411129387211
-0.3255647217081
-0.5469211844085
-0.3111487479592
-0.5523816347265
-0.2966611562720
-0.5574942036852
-0.2821092712778
-0.5622589314838
-0.2675003959836
-0.5666759841176
-0.2528418102560
-0.5707456529816
-0.2381407692939
-0.5744683544686
-0.2234045020889
-0.5778446295616
-0.2086402098761
-0.5808751434197
-0.1938550645708
-0.5835606849563
-0.1790562071949
-0.5859021664080
-0.1642507462896
-0.5879006228945
-0.1494457563164
-0.5895572119679
-0.1346482760446
-0.5908732131501
-0.1198653069262
-0.5918500274578
-0.1051038114582
-0.5924891769141
-0.0903707115307
-0.5927923040450
-0.0756728867629
-0.5927611713610
-0.0610171728254
-0.5923976608214
-0.0464103597493
-0.5917037732814
-0.0318591902228
-0.5906816279203
-0.0173703578737
-0.5893334616502
-0.0029505055406
-0.5876616285033
 0.0113937764704
-0.5856685989984
 0.0256559521397
-0.5833569594831
 0.0398295415017
-0.5807294114538
 0.0539081224238
-0.5777887708490
 0.0678853323968
-0.5745379673176
 0.0817548703369
-0.5709800434603
 0.0955104983983
-0.5671181540418
 0.1091460437966
-0.5629555651745
 0.1226554006413
-0.5584956534726
 0.1360325317787
-0.5537419051737
 0.1492714706428
-0.5486979152288
 0.1623663231149
-0.5433673863594
 0.1753112693903
-0.5377541280799
 0.1881005658526
-0.5318620556842
 0.2007285469528
-0.5256951891977
 0.2131896270953
-0.5192576522904
 0.2254783025274
-0.5125536711529
 0.2375891532324
-0.5055875733333
 0.2495168448258
-0.4983637865335
 0.2612561304534
-0.4908868373657
 0.2728018526893
-0.4831613500667
 0.2841489454349
-0.4751920451692
 0.2952924358153
-0.4669837381313
 0.3062274460737
-0.4585413379200
 0.3169491954627
-0.4498698455516
 0.3274530021296
-0.4409743525858
 0.3377342849965
-0.4318600395733
 0.3477885656324
-0.4225321744573
 0.3576114701172
-0.4129961109272
 0.3671987308946
-0.4032572867241
 0.3765461886144
-0.3933212218981
 0.3856497939613
-0.3831935170165
 0.3945056094696
-0.3728798513223
 0.4031098113210
-0.3623859808432
 0.4114586911265
-0.3517177364500
 0.4195486576872
-0.3408810218653
 0.4273762387361
-0.3298818116202
 0.4349380826562
-0.3187261489614
 0.4422309601752
-0.3074201437063
 0.4492517660341
-0.2959699700475
 0.4559975206285
-0.2843818643060
 0.4624653716202
-0.2726621226330
 0.4686525955182
-0.2608170986612
 0.4745565992263
-0.2488532011047
 0.4801749215562
-0.2367768913092
 0.4855052347044
-0.2245946807503
 0.4905453456898
-0.2123131284836
 0.4952931977515
-0.1999388385441
 0.4997468717050
-0.1874784572968
 0.5039045872531
-0.1749386707392
 0.5077647042516
-0.1623262017556
 0.5113257239270
-0.1496478073242
 0.5145862900447
-0.1369102756783
 0.5175451900246
-0.1241204234219
 0.5202013560042
-0.1112850926001
 0.5225538658457
-0.0984111477274
 0.5246019440858
-0.0855054727717
 0.5263449628265
-0.0725749680989
 0.5277824425643
-0.0596265473761
 0.5289140529574
-0.0466671344365
 0.5297396135278
-0.0337036601074
 0.5302590942963
-0.0207430590018
 0.5304726163505
-0.0077922662757
 0.5303804523421
 0.0051417856470
 0.5299830269126
 0.0180521703808
 0.5292809170460
 0.0309319709142
 0.5282748523464
 0.0437742829723
 0.5269657152395
 0.0565722184055
 0.5253545410958
 0.0693189086014
 0.5234425182745
 0.0820075079179
 0.5212309880867
 0.0946311971360
 0.5187214446763
 0.1071831869297
 0.5159155348178
 0.1196567213506
 0.5128150576286
 0.1320450813249
 0.5094219641968
 0.1443415881615
 0.5057383571204
 0.1565396070663
 0.5017664899603
 0.1686325506635
 0.4975087666032
 0.1806138825180
 0.4929677405350
 0.1924771206592
 0.4881461140243
 0.2042158411015
 0.4830467372142
 0.2158236813596
 0.4776726071220
 0.2272943439564
 0.4720268665473
 0.2386215999193
 0.4661128028870
 0.2497992922638
 0.4599338468570
 0.2608213394599
 0.4534935711211
 0.2716817388801
 0.4467956888258
 0.2823745702241
 0.4398440520426
 0.2928939989196
 0.4326426501155
 0.3032342794942
 0.4251956079166
 0.3133897589169
 0.4175071840081
 0.3233548799049
 0.4095817687114
 0.3331241841942
 0.4014238820848
 0.3426923157704
 0.3930381718092
 0.3520540240557
 0.3844294109834
 0.3612041670514
 0.3756024958286
 0.3701377144301
 0.3665624433050
 0.3788497505782
 0.3573143886391
 0.3873354775819
 0.3478635827653
 0.3955902181567
 0.3382153896810
 0.4036094185169
 0.3283752837178
 0.4113886511808
 0.3183488467297
 0.4189236177115
 0.3081417651999
 0.4262101513875
 0.2977598272689
 0.4332442198035
 0.2872089196835
 0.4400219273959
 0.2764950246711
 0.4465395178926
 0.2656242167391
 0.4527933766833
 0.2546026594034
 0.4587800331091
 0.2434366018465
 0.4644961626667
 0.2321323755089
 0.4699385891283
 0.2206963906149
 0.4751042865712
 0.2091351326367
 0.4799903813188
 0.1974551586973
 0.4845941537869
 0.1856630939175
 0.4889130402374
 0.1737656277076
 0.4929446344340
 0.1617695100067
 0.4966866892006
 0.1496815474746
 0.5001371178794
 0.1375085996360
 0.5032939956873
 0.1252575749827
 0.5061555609699
 0.1129354270358
 0.5087202163505
 0.1005491503709
 0.5109865297742
 0.0881057766093
 0.5129532354443
 0.0756123703793
 0.5146192346519
 0.0630760252505
 0.5159835964963
 0.0505038596435
 0.5170455584958
 0.0379030127195
 0.5178045270887
 0.0252806402531
 0.5182600780232
 0.0126439104910
