 0.4800208793722
 0.0000000000000
 0.4793649145939
-0.0252786807283
 0.4773987302648
-0.0504904026723
 0.4741274511640
-0.0755683879118
 0.4695596011549
-0.1004462195584
 0.4637070771270
-0.1250580205343
 0.4565851127026
-0.1493386302797
 0.4482122318928
-0.1732237787210
 0.4386101929402
-0.1966502568486
 0.4278039226323
-0.2195560832787
 0.4158214414155
-0.2418806661972
 0.4026937796837
-0.2635649601168
 0.3884548856541
-0.2845516169110
 0.3731415252823
-0.3047851306267
 0.3567931746969
-0.3242119756159
 0.3394519056689
-0.3427807375703
 0.3211622646509
-0.3604422370858
 0.3019711459465
-0.3771496454305
 0.2819276595827
-0.3928585922354
 0.2610829944757
-0.4075272648760
 0.2394902774828
-0.4211164993593
 0.2172044289426
-0.4335898625785
 0.1942820153023
-0.4449137258466
 0.1707810994270
-0.4550573296644
 0.1467610891805
-0.4639928397224
 0.1222825848516
-0.4716953941843
 0.0974072259903
-0.4781431423353
 0.0721975381938
-0.4833172747222
 0.0467167803686
-0.4872020449476
 0.0210287929640
-0.4897847833160
-0.0048021523454
-0.4910559025591
-0.0307115010868
-0.4910088959009
-0.0566345621055
-0.4896403277448
-0.0825066509886
-0.4869498172901
-0.1082632304388
-0.4829400154059
-0.1338400472802
-0.4776165751047
-0.1591732658057
-0.4709881159757
-0.1841995972131
-0.4630661829447
-0.2088564249067
-0.4538651997380
-0.2330819254767
-0.4434024174334
-0.2568151852008
-0.4316978584803
-0.2799963119415
-0.4187742565760
-0.3025665423484
-0.4046569927781
-0.3244683442985
-0.3893740282318
-0.3456455145417
-0.3729558338811
-0.3660432715416
-0.3554353175258
-0.3856083435293
-0.3368477485772
-0.4042890518130
-0.3172306808482
-0.4220353894058
-0.2966238737066
-0.4387990950586
-0.2750692119009
-0.4545337228014
-0.2526106243536
-0.4691947071159
-0.2292940022017
-0.4827394238761
-0.2051671163443
-0.4951272472111
-0.1802795347418
-0.5063196024530
-0.1546825396907
-0.5162800153463
-0.1284290452810
-0.5249741577055
-0.1015735152236
-0.5323698897113
-0.0741718812166
-0.5384372990481
-0.0462814619993
-0.5431487370857
-0.0179608832272
-0.5464788523149
 0.0107300017209
-0.5484046212484
 0.0397301899090
-0.5489053769999
 0.0689776059048
-0.5479628357543
 0.0984091776772
-0.5455611213432
 0.1279609112880
-0.5416867881357
 0.1575679643502
-0.5363288424552
 0.1871647182442
-0.5294787627276
 0.2166848490957
-0.5211305185632
 0.2460613975364
-0.5112805889724
 0.2752268372809
-0.4999279799066
 0.3041131425682
-0.4870742413146
 0.3326518545296
-0.4727234838958
 0.3607741465555
-0.4568823957278
 0.3884108887498
-0.4395602589375
 0.4154927115669
-0.4207689665816
 0.4419500687440
-0.4005230398906
 0.4677132996465
-0.3788396460284
 0.4927126911584
-0.3557386165094
 0.5168785392593
-0.3312424664079
 0.5401412104384
-0.3053764144896
 0.5624312031069
-0.2781684043836
 0.5836792091793
-0.2496491269098
 0.6038161760021
-0.2198520436651
 0.6227733688213
-0.1888134119686
 0.6404824339846
-0.1565723112528
 0.6568754630868
-0.1231706709855
 0.6718850582755
-0.0886533001944
 0.6854443989414
-0.0530679186617
 0.6974873100309
-0.0164651898468
 0.7079483322236
 0.0211012444143
 0.7167627942322
 0.0595747273911
 0.7238668874871
 0.0988955490885
 0.7291977434840
 0.1390009060035
 0.7326935140796
 0.1798248589917
 0.7342934550334
 0.2212982892391
 0.7339380131060
 0.2633488523458
 0.7315689170359
 0.3059009305343
 0.7271292727302
 0.3488755830098
 0.7205636630182
 0.3921904945103
 0.7118182523318
 0.4357599220943
 0.7008408966911
 0.4794946402292
 0.6875812593907
 0.5233018842564
 0.6719909327980
 0.5670852923213
 0.6540235666938
 0.6107448458758
 0.6336350036047
 0.6541768088741
 0.6107834215953
 0.6972736658004
 0.5854294850111
 0.7399240586900
 0.5575365036859
 0.7820127233199
 0.5270706011486
 0.8234204247735
 0.4940008923933
 0.8640238926024
 0.4582996717999
 0.9036957558389
 0.4199426118231
 0.9423044781380
 0.3789089730959
 0.9797142933602
 0.3351818266261
 1.0157851419379
 0.2887482887978
 1.0503726084062
 0.2395997699243
 1.0833278605171
 0.1877322371360
 1.1144975903980
 0.1331464924284
 1.1437239582647
 0.0758484667327
 1.1708445392457
 0.0158495309198
 1.1956922739331
-0.0468331753092
 1.2180954233338
-0.1121763956424
 1.2378775289596
-0.1801503894311
 1.2548573788674
-0.2507185429112
 1.2688489805364
-0.3238369582055
 1.2796615415564
-0.3994540188835
 1.2870994591890
-0.4775099307893
 1.2909623199706
-0.5579362367863
 1.2910449106280
-0.6406553039935
 1.2871372417029
-0.7255797820195
 1.2790245854100
-0.8126120306228
 1.2664875293943
-0.9016435151463
 1.2493020482100
-0.9925541679913
 1.2272395945128
-1.0852117143098
 1.2000672121426
-1.1794709600019
 1.1675476734729
-1.2751730400093
 1.1294396436289
-1.3721446247987
 1.0854978744117
-1.4701970828247
 1.0354734310339
-1.5691255966558
 0.9791139550563
-1.6687082303341
 0.9161639672324
-1.7687049454280
 0.8463652143101
-1.8688565631158
 0.7694570642157
-1.9688836695181
 0.6851769544587
-2.0684854613700
 0.5932608990449
-2.1673385289993
 0.4934440596777
-2.2650955734416
 0.3854613875698
-2.3613840543964
 0.2690483427755
-2.4558047655901
 0.1439416986047
-2.5479303339808
 0.0098804393876
-2.6373036391047
-0.1333932393610
-2.7234361487343
 0.0098804393876
 2.6373036391047
 0.1439416986047
 2.5479303339808
 0.2690483427755
 2.4558047655901
 0.3854613875698
 2.3613840543964
 0.4934440596777
 2.2650955734416
 0.5932608990449
 2.1673385289993
 0.6851769544587
 2.0684854613700
 0.7694570642157
 1.9688836695181
 0.8463652143101
 1.8688565631158
 0.9161639672324
 1.7687049454280
 0.9791139550563
 1.6687082303341
 1.0354734310339
 1.5691255966558
 1.0854978744117
 1.4701970828247
 1.1294396436289
 1.3721446247987
 1.1675476734729
 1.2751730400093
 1.2000672121426
 1.1794709600019
 1.2272395945128
 1.0852117143098
 1.2493020482100
 0.9925541679913
 1.2664875293943
 0.9016435151463
 1.2790245854100
 0.8126120306228
 1.2871372417029
 0.7255797820195
 1.2910449106280
 0.6406553039935
 1.2909623199706
 0.5579362367863
 1.2870994591890
 0.4775099307893
 1.2796615415564
 0.3994540188835
 1.2688489805364
 0.3238369582055
 1.2548573788674
 0.2507185429112
 1.2378775289596
 0.1801503894311
 1.2180954233338
 0.1121763956424
 1.1956922739331
 0.0468331753092
 1.1708445392457
-0.0158495309198
 1.1437239582647
-0.0758484667327
 1.1144975903980
-0.1331464924284
 1.0833278605171
-0.1877322371360
 1.0503726084062
-0.2395997699243
 1.0157851419379
-0.2887482887978
 0.9797142933602
-0.3351818266261
 0.9423044781380
-0.3789089730959
 0.9036957558389
-0.4199426118231
 0.8640238926024
-0.4582996717999
 0.8234204247735
-0.4940008923933
 0.7820127233199
-0.5270706011486
 0.7399240586900
-0.5575365036859
 0.6972736658004
-0.5854294850111
 0.6541768088741
-0.6107834215953
 0.6107448458758
-0.6336350036047
 0.5670852923213
-0.6540235666938
 0.5233018842564
-0.6719909327980
 0.4794946402292
-0.6875812593907
 0.4357599220943
-0.7008408966911
 0.3921904945103
-0.7118182523318
 0.3488755830098
-0.7205636630182
 0.3059009305343
-0.7271292727302
 0.2633488523458
-0.7315689170359
 0.2212982892391
-0.7339380131060
 0.1798248589917
-0.7342934550334
 0.1390009060035
-0.7326935140796
 0.0988955490885
-0.7291977434840
 0.0595747273911
-0.7238668874871
 0.0211012444143
-0.7167627942322
-0.0164651898468
-0.7079483322236
-0.0530679186617
-0.6974873100309
-0.0886533001944
-0.6854443989414
-0.1231706709855
-0.6718850582755
-0.1565723112528
-0.6568754630868
-0.1888134119686
-0.6404824339846
-0.2198520436651
-0.6227733688213
-0.2496491269098
-0.6038161760021
-0.2781684043836
-0.5836792091793
-0.3053764144896
-0.5624312031069
-0.3312424664079
-0.5401412104384
-0.3557386165094
-0.5168785392593
-0.3788396460284
-0.4927126911584
-0.4005230398906
-0.4677132996465
-0.4207689665816
-0.4419500687440
-0.4395602589375
-0.4154927115669
-0.4568823957278
-0.3884108887498
-0.4727234838958
-0.3607741465555
-0.4870742413146
-0.3326518545296
-0.4999279799066
-0.3041131425682
-0.5112805889724
-0.2752268372809
-0.5211305185632
-0.2460613975364
-0.5294787627276
-0.2166848490957
-0.5363288424552
-0.1871647182442
-0.5416867881357
-0.1575679643502
-0.5455611213432
-0.1279609112880
-0.5479628357543
-0.0984091776772
-0.5489053769999
-0.0689776059048
-0.5484046212484
-0.0397301899090
-0.5464788523149
-0.0107300017209
-0.5431487370857
 0.0179608832272
-0.5384372990481
 0.0462814619993
-0.5323698897113
 0.0741718812166
-0.5249741577055
 0.1015735152236
-0.5162800153463
 0.1284290452810
-0.5063196024530
 0.1546825396907
-0.4951272472111
 0.1802795347418
-0.4827394238761
 0.2051671163443
-0.4691947071159
 0.2292940022017
-0.4545337228014
 0.2526106243536
-0.4387990950586
 0.2750692119009
-0.4220353894058
 0.2966238737066
-0.4042890518130
 0.3172306808482
-0.3856083435293
 0.3368477485772
-0.3660432715416
 0.3554353175258
-0.3456455145417
 0.3729558338811
-0.3244683442985
 0.3893740282318
-0.3025665423484
 0.4046569927781
-0.2799963119415
 0.4187742565760
-0.2568151852008
 0.4316978584803
-0.2330819254767
 0.4434024174334
-0.2088564249067
 0.4538651997380
-0.1841995972131
 0.4630661829447
-0.1591732658057
 0.4709881159757
-0.1338400472802
 0.4776165751047
-0.1082632304388
 0.4829400154059
-0.0825066509886
 0.4869498172901
-0.0566345621055
 0.4896403277448
-0.0307115010868
 0.4910088959009
-0.0048021523454
 0.4910559025591
 0.0210287929640
 0.4897847833160
 0.0467167803686
 0.4872020449476
 0.0721975381938
 0.4833172747222
 0.0974072259903
 0.4781431423353
 0.1222825848516
 0.4716953941843
 0.1467610891805
 0.4639928397224
 0.1707810994270
 0.4550573296644
 0.1942820153023
 0.4449137258466
 0.2172044289426
 0.4335898625785
 0.2394902774828
 0.4211164993593
 0.2610829944757
 0.4075272648760
 0.2819276595827
 0.3928585922354
 0.3019711459465
 0.3771496454305
 0.3211622646509
 0.3604422370858
 0.3394519056689
 0.3427807375703
 0.3567931746969
 0.3242119756159
 0.3731415252823
 0.3047851306267
 0.3884548856541
 0.2845516169110
 0.4026937796837
 0.2635649601168
 0.4158214414155
 0.2418806661972
 0.4278039226323
 0.2195560832787
 0.4386101929402
 0.1966502568486
 0.4482122318928
 0.1732237787210
 0.4565851127026
 0.1493386302797
 0.4637070771270
 0.1250580205343
 0.4695596011549
 0.1004462195584
 0.4741274511640
 0.0755683879118
 0.4773987302648
 0.0504904026723
 0.4793649145939
 0.0252786807283
