 0.4800208793722
 0.0000000000000
 0.4799798732205
-0.0063222871517
 0.4798568614485
-0.0126435274094
 0.4796518641036
-0.0189626740561
 0.4793649145939
-0.0252786807283
 0.4789960596819
-0.0315905015930
 0.4785453594753
-0.0378970915238
 0.4780128874158
-0.0441974062780
 0.4773987302648
-0.0504904026723
 0.4767029880869
-0.0567750387588
 0.4759257742305
-0.0630502740008
 0.4750672153065
-0.0693150694481
 0.4741274511640
-0.0755683879118
 0.4731066348633
-0.0818091941388
 0.4720049326470
-0.0880364549859
 0.4708225239078
-0.0942491395936
 0.4695596011549
-0.1004462195584
 0.4682163699767
-0.1066266691059
 0.4667930490020
-0.1127894652622
 0.4652898698582
-0.1189335880251
 0.4637070771270
-0.1250580205343
 0.4620449282984
-0.1311617492414
 0.4603036937214
-0.1372437640783
 0.4584836565525
-0.1433030586257
 0.4565851127026
-0.1493386302797
 0.4546083707804
-0.1553494804188
 0.4525537520340
-0.1613346145682
 0.4504215902906
-0.1672930425650
 0.4482122318928
-0.1732237787210
 0.4459260356337
-0.1791258419852
 0.4435633726893
-0.1849982561048
 0.4411246265483
-0.1908400497851
 0.4386101929402
-0.1966502568486
 0.4360204797609
-0.2024279163928
 0.4333559069965
-0.2081720729460
 0.4306169066443
-0.2138817766230
 0.4278039226323
-0.2195560832787
 0.4249174107360
-0.2251940546610
 0.4219578384940
-0.2307947585611
 0.4189256851202
-0.2363572689642
 0.4158214414155
-0.2418806661972
 0.4126456096764
-0.2473640370760
 0.4093987036017
-0.2528064750502
 0.4060812481984
-0.2582070803478
 0.4026937796837
-0.2635649601168
 0.3992368453871
-0.2688792285662
 0.3957110036494
-0.2741490071050
 0.3921168237203
-0.2793734244799
 0.3884548856541
-0.2845516169110
 0.3847257802038
-0.2896827282256
 0.3809301087132
-0.2947659099912
 0.3770684830075
-0.2998003216458
 0.3731415252823
-0.3047851306267
 0.3691498679906
-0.3097195124982
 0.3650941537286
-0.3146026510763
 0.3609750351196
-0.3194337385526
 0.3567931746969
-0.3242119756159
 0.3525492447844
-0.3289365715720
 0.3482439273763
-0.3336067444613
 0.3438779140152
-0.3382217211753
 0.3394519056689
-0.3427807375703
 0.3349666126057
-0.3472830385799
 0.3304227542685
-0.3517278783246
 0.3258210591473
-0.3561145202207
 0.3211622646509
-0.3604422370858
 0.3164471169772
-0.3647103112437
 0.3116763709818
-0.3689180346262
 0.3068507900468
-0.3730647088730
 0.3019711459465
-0.3771496454305
 0.2970382187140
-0.3811721656473
 0.2920527965056
-0.3851316008685
 0.2870156754643
-0.3890272925274
 0.2819276595827
-0.3928585922354
 0.2767895605648
-0.3966248618698
 0.2716021976868
-0.4003254736595
 0.2663663976571
-0.4039598102681
 0.2610829944757
-0.4075272648760
 0.2557528292923
-0.4110272412591
 0.2503767502642
-0.4144591538661
 0.2449556124135
-0.4178224278937
 0.2394902774828
-0.4211164993593
 0.2339816137912
-0.4243408151718
 0.2284304960895
-0.4274948332002
 0.2228378054144
-0.4305780223403
 0.2172044289426
-0.4335898625785
 0.2115312598442
-0.4365298450544
 0.2058191971358
-0.4393974721207
 0.2000691455329
-0.4421922574013
 0.1942820153023
-0.4449137258466
 0.1884587221139
-0.4475614137876
 0.1826001868922
-0.4501348689868
 0.1767073356675
-0.4526336506883
 0.1707810994270
-0.4550573296644
 0.1648224139656
-0.4574054882609
 0.1588322197362
-0.4596777204403
 0.1528114617009
-0.4618736318221
 0.1467610891805
-0.4639928397224
 0.1406820557054
-0.4660349731897
 0.1345753188656
-0.4679996730401
 0.1284418401610
-0.4698865918895
 0.1222825848516
-0.4716953941843
 0.1160985218078
-0.4734257562293
 0.1098906233609
-0.4750773662147
 0.1036598651535
-0.4766499242397
 0.0974072259903
-0.4781431423353
 0.0911336876886
-0.4795567444840
 0.0848402349298
-0.4808904666386
 0.0785278551104
-0.4821440567381
 0.0721975381938
-0.4833172747222
 0.0658502765618
-0.4844098925430
 0.0594870648669
-0.4854216941764
 0.0531088998851
-0.4863524756295
 0.0467167803686
-0.4872020449476
 0.0403117068989
-0.4879702222189
 0.0338946817412
-0.4886568395767
 0.0274667086980
-0.4892617412007
 0.0210287929640
-0.4897847833160
 0.0145819409816
-0.4902258341897
 0.0081271602964
-0.4905847741269
 0.0016654594135
-0.4908614954636
-0.0048021523454
-0.4910559025591
-0.0112746649844
-0.4911679117851
-0.0177510679756
-0.4911974515149
-0.0242303503996
-0.4911444621092
-0.0307115010868
-0.4910088959009
-0.0371935087564
-0.4907907171787
-0.0436753621560
-0.4904899021680
-0.0501560501997
-0.4901064390110
-0.0566345621055
-0.4896403277448
-0.0631098875324
-0.4890915802777
-0.0695810167159
-0.4884602203646
-0.0760469406034
-0.4877462835800
-0.0825066509886
-0.4869498172901
-0.0889591406446
-0.4860708806231
-0.0954034034566
-0.4851095444380
-0.1018384345536
-0.4840658912918
-0.1082632304388
-0.4829400154059
-0.1146767891201
-0.4817320226300
-0.1210781102382
-0.4804420304057
-0.1274661951950
-0.4790701677278
-0.1338400472802
-0.4776165751047
-0.1401986717976
-0.4760814045176
-0.1465410761897
-0.4744648193780
-0.1528662701621
-0.4727669944840
-0.1591732658057
-0.4709881159757
-0.1654610777195
-0.4691283812887
-0.1717287231305
-0.4671879991071
-0.1779752220143
-0.4651671893144
-0.1841995972131
-0.4630661829447
-0.1904008745540
-0.4608852221306
-0.1965780829650
-0.4586245600522
-0.2027302545907
-0.4562844608834
-0.2088564249067
-0.4538651997380
-0.2149556328327
-0.4513670626143
-0.2210269208446
-0.4487903463386
-0.2270693350859
-0.4461353585084
-0.2330819254767
-0.4434024174334
-0.2390637458235
-0.4405918520770
-0.2450138539259
-0.4377040019955
-0.2509313116834
-0.4347392172772
-0.2568151852008
-0.4316978584803
-0.2626645448920
-0.4285802965703
-0.2684784655832
-0.4253869128557
-0.2742560266148
-0.4221180989240
-0.2799963119415
-0.4187742565760
-0.2856984102324
-0.4153557977595
-0.2913614149690
-0.4118631445031
-0.2969844245421
-0.4082967288475
-0.3025665423484
-0.4046569927781
-0.3081068768843
-0.4009443881553
-0.3136045418405
-0.3971593766452
-0.3190586561938
-0.3933024296490
-0.3244683442985
-0.3893740282318
-0.3298327359764
-0.3853746630518
-0.3351509666061
-0.3813048342870
-0.3404221772100
-0.3771650515633
-0.3456455145417
-0.3729558338811
-0.3508201311707
-0.3686777095410
-0.3559451855671
-0.3643312160701
-0.3610198421844
-0.3599169001468
-0.3660432715416
-0.3554353175258
-0.3710146503038
-0.3508870329625
-0.3759331613621
-0.3462726201363
-0.3807979939116
-0.3415926615750
-0.3856083435293
-0.3368477485772
-0.3903634122500
-0.3320384811355
-0.3950624086412
-0.3271654678587
-0.3997045478775
-0.3222293258938
-0.4042890518130
-0.3172306808482
-0.4088151490533
-0.3121701667108
-0.4132820750261
-0.3070484257735
-0.4176890720505
-0.3018661085520
-0.4220353894058
-0.2966238737066
-0.4263202833983
-0.2913223879629
-0.4305430174281
-0.2859623260320
-0.4347028620543
-0.2805443705305
-0.4387990950586
-0.2750692119009
-0.4428310015089
-0.2695375483309
-0.4467978738212
-0.2639500856738
-0.4506990118206
-0.2583075373673
-0.4545337228014
-0.2526106243536
-0.4583013215859
-0.2468600749984
-0.4620011305823
-0.2410566250104
-0.4656324798422
-0.2352010173607
-0.4691947071159
-0.2292940022017
-0.4726871579078
-0.2233363367863
-0.4761091855305
-0.2173287853874
-0.4794601511576
-0.2112721192168
-0.4827394238761
-0.2051671163443
-0.4859463807375
-0.1990145616171
-0.4890804068081
-0.1928152465788
-0.4921408952183
-0.1865699693889
-0.4951272472111
-0.1802795347418
-0.4980388721900
-0.1739447537868
-0.5008751877650
-0.1675664440467
-0.5036356197991
-0.1611454293381
-0.5063196024530
-0.1546825396907
-0.5089265782290
-0.1481786112673
-0.5114559980149
-0.1416344862833
-0.5139073211258
-0.1350510129274
-0.5162800153463
-0.1284290452810
-0.5185735569710
-0.1217694432392
-0.5207874308448
-0.1150730724308
-0.5229211304021
-0.1083408041393
-0.5249741577055
-0.1015735152236
-0.5269460234834
-0.0947720880389
-0.5288362471673
-0.0879374103581
-0.5306443569280
-0.0810703752931
-0.5323698897113
-0.0741718812166
-0.5340123912728
-0.0672428316835
-0.5355714162125
-0.0602841353537
-0.5370465280082
-0.0532967059137
-0.5384372990481
-0.0462814619993
-0.5397433106638
-0.0392393271186
-0.5409641531614
-0.0321712295750
-0.5420994258527
-0.0250781023900
-0.5431487370857
-0.0179608832272
-0.5441117042744
-0.0108205143161
-0.5449879539280
-0.0036579423758
-0.5457771216798
 0.0035258814605
-0.5464788523149
 0.0107300017209
-0.5470927997983
 0.0179534586699
-0.5476186273018
 0.0251952883831
-0.5480560072304
 0.0324545228223
-0.5484046212484
 0.0397301899090
-0.5486641603053
 0.0470213135992
-0.5488343246604
 0.0543269139564
-0.5489148239076
 0.0616460072252
-0.5489053769999
 0.0689776059048
-0.5488057122728
 0.0763207188211
-0.5486155674675
 0.0836743511997
-0.5483346897542
 0.0910375047381
-0.5479628357543
 0.0984091776772
-0.5474997715628
 0.1057883648732
-0.5469452727698
 0.1131740578688
-0.5462991244818
 0.1205652449643
-0.5455611213432
 0.1279609112880
-0.5447310675565
 0.1353600388668
-0.5438087769032
 0.1427616066962
-0.5427940727634
 0.1501645908101
-0.5416867881357
 0.1575679643502
-0.5404867656569
 0.1649706976351
-0.5391938576212
 0.1723717582293
-0.5378079259988
 0.1797701110118
-0.5363288424552
 0.1871647182442
-0.5347564883691
 0.1945545396386
-0.5330907548510
 0.2019385324257
-0.5313315427612
 0.2093156514217
-0.5294787627276
 0.2166848490957
-0.5275323351633
 0.2240450756365
-0.5254921902843
 0.2313952790189
-0.5233582681265
 0.2387344050703
-0.5211305185632
 0.2460613975364
-0.5188089013219
 0.2533751981472
-0.5163933860011
 0.2606747466821
-0.5138839520875
 0.2679589810353
-0.5112805889724
 0.2752268372809
-0.5085832959680
 0.2824772497370
-0.5057920823243
 0.2897091510307
-0.5029069672457
 0.2969214721622
-0.4999279799066
 0.3041131425682
-0.4968551594683
 0.3112830901864
-0.4936885550953
 0.3184302415184
-0.4904282259710
 0.3255535216930
-0.4870742413146
 0.3326518545296
-0.4836266803966
 0.3397241626006
-0.4800856325558
 0.3467693672942
-0.4764511972145
 0.3537863888769
-0.4727234838958
 0.3607741465555
-0.4689026122392
 0.3677315585394
-0.4649887120169
 0.3746575421021
-0.4609819231507
 0.3815510136432
-0.4568823957278
 0.3884108887498
-0.4526902900175
 0.3952360822578
-0.4484057764880
 0.4020255083132
-0.4440290358228
 0.4087780804332
-0.4395602589375
 0.4154927115669
-0.4349996469969
 0.4221683141562
-0.4303474114314
 0.4288038001967
-0.4256037739550
 0.4353980812979
-0.4207689665816
 0.4419500687440
-0.4158432316431
 0.4484586735540
-0.4108268218066
 0.4549228065421
-0.4057200000921
 0.4613413783779
-0.4005230398906
 0.4677132996465
-0.3952362249819
 0.4740374809087
-0.3898598495529
 0.4803128327609
-0.3843942182162
 0.4865382658949
-0.3788396460284
 0.4927126911584
-0.3731964585094
 0.4988350196145
-0.3674649916609
 0.5049041626015
-0.3616455919862
 0.5109190317934
-0.3557386165094
 0.5168785392593
-0.3497444327952
 0.5227815975235
-0.3436634189691
 0.5286271196257
-0.3374959637374
 0.5344140191806
-0.3312424664079
 0.5401412104384
-0.3249033369106
 0.5458076083446
-0.3184789958187
 0.5514121286006
-0.3119698743703
 0.5569536877235
-0.3053764144896
 0.5624312031069
-0.2986990688089
 0.5678435930812
-0.2919383006911
 0.5731897769741
-0.2850945842521
 0.5784686751717
-0.2781684043836
 0.5836792091793
-0.2711602567763
 0.5888203016819
-0.2640706479434
 0.5938908766063
-0.2569000952445
 0.5988898591818
-0.2496491269098
 0.6038161760021
-0.2423182820643
 0.6086687550869
-0.2349081107531
 0.6134465259441
-0.2274191739664
 0.6181484196319
-0.2198520436651
 0.6227733688213
-0.2122073028067
 0.6273203078589
-0.2044855453716
 0.6317881728298
-0.1966873763900
 0.6361759016209
-0.1888134119686
 0.6404824339846
-0.1808642793183
 0.6447067116024
-0.1728406167821
 0.6488476781494
-0.1647430738629
 0.6529042793588
-0.1565723112528
 0.6568754630868
-0.1483290008615
 0.6607601793777
-0.1400138258458
 0.6645573805296
-0.1316274806400
 0.6682660211607
-0.1231706709855
 0.6718850582755
-0.1146441139617
 0.6754134513317
-0.1060485380171
 0.6788501623075
-0.0973846830008
 0.6821941557697
-0.0886533001944
 0.6854443989414
-0.0798551523443
 0.6885998617712
-0.0709910136948
 0.6916595170020
-0.0620616700207
 0.6946223402413
-0.0530679186617
 0.6974873100309
-0.0440105685558
 0.7002534079182
-0.0348904402745
 0.7029196185272
-0.0257083660571
 0.7054849296310
-0.0164651898468
 0.7079483322236
-0.0071617673262
 0.7103088205940
 0.0022010340465
 0.7125653923992
 0.0116223350003
 0.7147170487393
 0.0211012444143
 0.7167627942322
 0.0306368592805
 0.7187016370897
 0.0402282646646
 0.7205325891940
 0.0498745336687
 0.7222546661747
 0.0595747273911
 0.7238668874871
 0.0693278948873
 0.7253682764907
 0.0791330731300
 0.7267578605289
 0.0889892869687
 0.7280346710091
 0.0988955490885
 0.7291977434840
 0.1088508599689
 0.7302461177335
 0.1188542078420
 0.7311788378473
 0.1289045686503
 0.7319949523088
 0.1390009060035
 0.7326935140796
 0.1491421711359
 0.7332735806849
 0.1593273028620
 0.7337342142997
 0.1695552275329
 0.7340744818365
 0.1798248589917
 0.7342934550334
 0.1901350985279
 0.7343902105433
 0.2004848348324
 0.7343638300242
 0.2108729439512
 0.7342134002306
 0.2212982892391
 0.7339380131060
 0.2317597213129
 0.7335367658760
 0.2422560780036
 0.7330087611428
 0.2527861843092
 0.7323531069815
 0.2633488523458
 0.7315689170359
 0.2739428812996
 0.7306553106172
 0.2845670573771
 0.7296114128028
 0.2952201537558
 0.7284363545365
 0.3059009305343
 0.7271292727302
 0.3166081346814
 0.7256893103668
 0.3273404999858
 0.7241156166038
 0.3380967470042
 0.7224073468794
 0.3488755830098
 0.7205636630182
 0.3596757019400
 0.7185837333400
 0.3704957843441
 0.7164667327690
 0.3813344973299
 0.7142118429441
 0.3921904945103
 0.7118182523318
 0.4030624159497
 0.7092851563391
 0.4139488881096
 0.7066117574292
 0.4248485237940
 0.7037972652378
 0.4357599220943
 0.7008408966911
 0.4466816683339
 0.6977418761255
 0.4576123340125
 0.6944994354090
 0.4685504767499
 0.6911128140638
 0.4794946402292
 0.6875812593907
 0.4904433541403
 0.6839040265954
 0.5013951341224
 0.6800803789159
 0.5123484817062
 0.6761095877523
 0.5233018842564
 0.6719909327980
 0.5342538149131
 0.6677237021722
 0.5452027325331
 0.6633071925551
 0.5561470816314
 0.6587407093245
 0.5670852923213
 0.6540235666938
 0.5780157802554
 0.6491550878526
 0.5889369465655
 0.6441346051090
 0.5998471778024
 0.6389614600333
 0.6107448458758
 0.6336350036047
 0.6216283079933
 0.6281545963590
 0.6324959065994
 0.6225196085388
 0.6433459693147
 0.6167294202458
 0.6541768088741
 0.6107834215953
 0.6649867230655
 0.6046810128722
 0.6757739946675
 0.5984216046899
 0.6865368913877
 0.5920046181513
 0.6972736658004
 0.5854294850111
 0.7079825552840
 0.5786956478420
 0.7186617819582
 0.5718025602017
 0.7293095526220
 0.5647496868029
 0.7399240586900
 0.5575365036859
 0.7505034761296
 0.5501624983928
 0.7610459653981
 0.5426271701452
 0.7715496713793
 0.5349300300234
 0.7820127233199
 0.5270706011486
 0.7924332347667
 0.5190484188677
 0.8028093035025
 0.5108630309406
 0.8131390114831
 0.5025139977298
 0.8234204247735
 0.4940008923933
 0.8336515934845
 0.4853233010798
 0.8438305517092
 0.4764808231264
 0.8539553174594
 0.4674730712599
 0.8640238926024
 0.4582996717999
 0.8740342627974
 0.4489602648659
 0.8839843974324
 0.4394545045859
 0.8938722495608
 0.4297820593096
 0.9036957558389
 0.4199426118231
 0.9134528364621
 0.4099358595676
 0.9231413951031
 0.3997615148606
 0.9327593188487
 0.3894193051209
 0.9423044781380
 0.3789089730959
 0.9517747266997
 0.3682302770928
 0.9611679014907
 0.3573829912130
 0.9704818226347
 0.3463669055890
 0.9797142933602
 0.3351818266261
 0.9888630999405
 0.3238275772460
 0.9979260116325
 0.3123039971349
 1.0069007806168
 0.3006109429948
 1.0157851419379
 0.2887482887978
 1.0245768134448
 0.2767159260452
 1.0332734957322
 0.2645137640288
 1.0418728720821
 0.2521417300970
 1.0503726084062
 0.2395997699243
 1.0587703531882
 0.2268878477845
 1.0670637374275
 0.2140059468277
 1.0752503745828
 0.2009540693615
 1.0833278605171
 0.1877322371360
 1.0912937734424
 0.1743404916328
 1.0991456738663
 0.1607788943580
 1.1068811045385
 0.1470475271394
 1.1144975903980
 0.1331464924284
 1.1219926385222
 0.1190759136048
 1.1293637380754
 0.1048359352876
 1.1366083602594
 0.0904267236489
 1.1437239582647
 0.0758484667327
 1.1507079672220
 0.0611013747781
 1.1575578041558
 0.0461856805473
 1.1642708679385
 0.0311016396579
 1.1708445392457
 0.0158495309198
 1.1772761805123
 0.0004296566772
 1.1835631358907
-0.0151576568448
 1.1897027312093
-0.0309120591890
 1.1956922739331
-0.0468331753092
 1.2015290531246
-0.0629206052092
 1.2072103394075
-0.0791739235762
 1.2127333849306
-0.0955926794093
 1.2180954233338
-0.1121763956424
 1.2232936697156
-0.1289245687623
 1.2283253206024
-0.1458366684214
 1.2331875539186
-0.1629121370446
 1.2378775289596
-0.1801503894311
 1.2423923863659
-0.1975508123502
 1.2467292480990
-0.2151127641321
 1.2508852174197
-0.2328355742524
 1.2548573788674
-0.2507185429112
 1.2586427982428
-0.2687609406057
 1.2622385225916
-0.2869620076979
 1.2656415801906
-0.3053209539752
 1.2688489805364
-0.3238369582055
 1.2718577143360
-0.3425091676858
 1.2746647534999
-0.3613366977850
 1.2772670511378
-0.3803186314795
 1.2796615415564
-0.3994540188835
 1.2818451402603
-0.4187418767712
 1.2838147439556
-0.4381811880943
 1.2855672305553
-0.4577709014910
 1.2870994591890
-0.4775099307893
 1.2884082702142
-0.4973971545032
 1.2894904852315
-0.5174314153215
 1.2903429071024
-0.5376115195900
 1.2909623199706
-0.5579362367863
 1.2913454892864
-0.5784042989875
 1.2914891618344
-0.5990144003301
 1.2913900657647
-0.6197651964632
 1.2910449106280
-0.6406553039935
 1.2904503874139
-0.6616832999227
 1.2896031685933
-0.6828477210776
 1.2884999081644
-0.7041470635317
 1.2871372417029
-0.7255797820195
 1.2855117864161
-0.7471442893419
 1.2836201412014
-0.7688389557646
 1.2814588867093
-0.7906621084069
 1.2790245854100
-0.8126120306228
 1.2763137816655
-0.8346869613741
 1.2733230018059
-0.8568850945934
 1.2700487542106
-0.8792045785401
 1.2664875293943
-0.9016435151463
 1.2626358000987
-0.9241999593542
 1.2584900213880
-0.9468719184443
 1.2540466307514
-0.9696573513548
 1.2493020482100
-0.9925541679913
 1.2442526764295
-1.0155602285266
 1.2388949008389
-1.0386733426924
 1.2332250897550
-1.0618912690596
 1.2272395945128
-1.0852117143098
 1.2209347496026
-1.1086323324968
 1.2143068728126
-1.1321507242976
 1.2073522653791
-1.1557644362538
 1.2000672121426
-1.1794709600019
 1.1924479817113
-1.2032677314938
 1.1844908266314
-1.2271521302065
 1.1761919835646
-1.2511214783407
 1.1675476734729
-1.2751730400093
 1.1585541018119
-1.2993040204139
 1.1492074587305
-1.3235115650111
 1.1395039192796
-1.3477927586666
 1.1294396436289
-1.3721446247987
 1.1190107772914
-1.3965641245094
 1.1082134513576
-1.4210481557047
 1.0970437827373
-1.4455935522016
 1.0854978744117
-1.4701970828247
 1.0735718156937
-1.4948554504893
 1.0612616824981
-1.5195652912728
 1.0485635376219
-1.5443231734733
 1.0354734310339
-1.5691255966558
 1.0219874001748
-1.5939689906852
 1.0081014702681
-1.6188497147464
 0.9938116546408
-1.6437640563517
 0.9791139550563
-1.6687082303341
 0.9640043620572
-1.6936783778275
 0.9484788553211
-1.7186705652335
 0.9325334040265
-1.7436807831735
 0.9161639672324
-1.7687049454280
 0.8993664942691
-1.7937388878603
 0.8821369251420
-1.8187783673272
 0.8644711909490
-1.8438190605741
 0.8463652143101
-1.8688565631158
 0.8278149098112
-1.8938863881023
 0.8088161844621
-1.9189039651697
 0.7893649381678
-1.9439046392754
 0.7694570642157
-1.9688836695181
 0.7490884497765
-1.9938362279420
 0.7282549764213
-2.0187573983254
 0.7069525206538
-2.0436421749525
 0.6851769544587
-2.0684854613700
 0.6629241458669
-2.0932820691263
 0.6401899595368
-2.1180267164942
 0.6169702573535
-2.1427140271775
 0.5932608990449
-2.1673385289993
 0.5690577428166
-2.1918946525742
 0.5443566460047
-2.2163767299619
 0.5191534657478
-2.2407789933038
 0.4934440596777
-2.2650955734416
 0.4672242866313
-2.2893204985177
 0.4404900073809
-2.3134476925566
 0.4132370853866
-2.3374709740292
 0.3854613875698
-2.3613840543964
 0.3571587851075
-2.3851805366355
 0.3283251542497
-2.4088539137458
 0.2989563771593
-2.4323975672358
 0.2690483427755
-2.4558047655901
 0.2385969477002
-2.4790686627168
 0.2075980971098
-2.5021822963738
 0.1760477056914
-2.5251385865760
 0.1439416986047
-2.5479303339808
 0.1112760124699
-2.5705502182530
 0.0780465963823
-2.5929907964088
 0.0442494129549
-2.6152445011379
 0.0098804393876
-2.6373036391047
-0.0250643314331
-2.6591603892267
-0.0605888898068
-2.6808068009316
-0.0966972080607
-2.7022347923914
-0.1333932393610
-2.7234361487343
-0.0966972080607
 2.7022347923914
-0.0605888898068
 2.6808068009316
-0.0250643314331
 2.6591603892267
 0.0098804393876
 2.6373036391047
 0.0442494129549
 2.6152445011379
 0.0780465963823
 2.5929907964088
 0.1112760124699
 2.5705502182530
 0.1439416986047
 2.5479303339808
 0.1760477056914
 2.5251385865760
 0.2075980971098
 2.5021822963738
 0.2385969477002
 2.4790686627168
 0.2690483427755
 2.4558047655901
 0.2989563771593
 2.4323975672358
 0.3283251542497
 2.4088539137458
 0.3571587851075
 2.3851805366355
 0.3854613875698
 2.3613840543964
 0.4132370853866
 2.3374709740292
 0.4404900073809
 2.3134476925566
 0.4672242866313
 2.2893204985177
 0.4934440596777
 2.2650955734416
 0.5191534657478
 2.2407789933038
 0.5443566460047
 2.2163767299619
 0.5690577428166
 2.1918946525742
 0.5932608990449
 2.1673385289993
 0.6169702573535
 2.1427140271775
 0.6401899595368
 2.1180267164942
 0.6629241458669
 2.0932820691263
 0.6851769544587
 2.0684854613700
 0.7069525206538
 2.0436421749525
 0.7282549764213
 2.0187573983254
 0.7490884497765
 1.9938362279420
 0.7694570642157
 1.9688836695181
 0.7893649381678
 1.9439046392754
 0.8088161844621
 1.9189039651697
 0.8278149098112
 1.8938863881023
 0.8463652143101
 1.8688565631158
 0.8644711909490
 1.8438190605741
 0.8821369251420
 1.8187783673272
 0.8993664942691
 1.7937388878603
 0.9161639672324
 1.7687049454280
 0.9325334040265
 1.7436807831735
 0.9484788553211
 1.7186705652335
 0.9640043620572
 1.6936783778275
 0.9791139550563
 1.6687082303341
 0.9938116546408
 1.6437640563517
 1.0081014702681
 1.6188497147464
 1.0219874001748
 1.5939689906852
 1.0354734310339
 1.5691255966558
 1.0485635376219
 1.5443231734733
 1.0612616824981
 1.5195652912728
 1.0735718156937
 1.4948554504893
 1.0854978744117
 1.4701970828247
 1.0970437827373
 1.4455935522016
 1.1082134513576
 1.4210481557047
 1.1190107772914
 1.3965641245094
 1.1294396436289
 1.3721446247987
 1.1395039192796
 1.3477927586666
 1.1492074587305
 1.3235115650111
 1.1585541018119
 1.2993040204139
 1.1675476734729
 1.2751730400093
 1.1761919835646
 1.2511214783407
 1.1844908266314
 1.2271521302065
 1.1924479817113
 1.2032677314938
 1.2000672121426
 1.1794709600019
 1.2073522653791
 1.1557644362538
 1.2143068728126
 1.1321507242976
 1.2209347496026
 1.1086323324968
 1.2272395945128
 1.0852117143098
 1.2332250897550
 1.0618912690596
 1.2388949008389
 1.0386733426924
 1.2442526764295
 1.0155602285266
 1.2493020482100
 0.9925541679913
 1.2540466307514
 0.9696573513548
 1.2584900213880
 0.9468719184443
 1.2626358000987
 0.9241999593542
 1.2664875293943
 0.9016435151463
 1.2700487542106
 0.8792045785401
 1.2733230018059
 0.8568850945934
 1.2763137816655
 0.8346869613741
 1.2790245854100
 0.8126120306228
 1.2814588867093
 0.7906621084069
 1.2836201412014
 0.7688389557646
 1.2855117864161
 0.7471442893419
 1.2871372417029
 0.7255797820195
 1.2884999081644
 0.7041470635317
 1.2896031685933
 0.6828477210776
 1.2904503874139
 0.6616832999227
 1.2910449106280
 0.6406553039935
 1.2913900657647
 0.6197651964632
 1.2914891618344
 0.5990144003301
 1.2913454892864
 0.5784042989875
 1.2909623199706
 0.5579362367863
 1.2903429071024
 0.5376115195900
 1.2894904852315
 0.5174314153215
 1.2884082702142
 0.4973971545032
 1.2870994591890
 0.4775099307893
 1.2855672305553
 0.4577709014910
 1.2838147439556
 0.4381811880943
 1.2818451402603
 0.4187418767712
 1.2796615415564
 0.3994540188835
 1.2772670511378
 0.3803186314795
 1.2746647534999
 0.3613366977850
 1.2718577143360
 0.3425091676858
 1.2688489805364
 0.3238369582055
 1.2656415801906
 0.3053209539752
 1.2622385225916
 0.2869620076979
 1.2586427982428
 0.2687609406057
 1.2548573788674
 0.2507185429112
 1.2508852174197
 0.2328355742524
 1.2467292480990
 0.2151127641321
 1.2423923863659
 0.1975508123502
 1.2378775289596
 0.1801503894311
 1.2331875539186
 0.1629121370446
 1.2283253206024
 0.1458366684214
 1.2232936697156
 0.1289245687623
 1.2180954233338
 0.1121763956424
 1.2127333849306
 0.0955926794093
 1.2072103394075
 0.0791739235762
 1.2015290531246
 0.0629206052092
 1.1956922739331
 0.0468331753092
 1.1897027312093
 0.0309120591890
 1.1835631358907
 0.0151576568448
 1.1772761805123
-0.0004296566772
 1.1708445392457
-0.0158495309198
 1.1642708679385
-0.0311016396579
 1.1575578041558
-0.0461856805473
 1.1507079672220
-0.0611013747781
 1.1437239582647
-0.0758484667327
 1.1366083602594
-0.0904267236489
 1.1293637380754
-0.1048359352876
 1.1219926385222
-0.1190759136048
 1.1144975903980
-0.1331464924284
 1.1068811045385
-0.1470475271394
 1.0991456738663
-0.1607788943580
 1.0912937734424
-0.1743404916328
 1.0833278605171
-0.1877322371360
 1.0752503745828
-0.2009540693615
 1.0670637374275
-0.2140059468277
 1.0587703531882
-0.2268878477845
 1.0503726084062
-0.2395997699243
 1.0418728720821
-0.2521417300970
 1.0332734957322
-0.2645137640288
 1.0245768134448
-0.2767159260452
 1.0157851419379
-0.2887482887978
 1.0069007806168
-0.3006109429948
 0.9979260116325
-0.3123039971349
 0.9888630999405
-0.3238275772460
 0.9797142933602
-0.3351818266261
 0.9704818226347
-0.3463669055890
 0.9611679014907
-0.3573829912130
 0.9517747266997
-0.3682302770928
 0.9423044781380
-0.3789089730959
 0.9327593188487
-0.3894193051209
 0.9231413951031
-0.3997615148606
 0.9134528364621
-0.4099358595676
 0.9036957558389
-0.4199426118231
 0.8938722495608
-0.4297820593096
 0.8839843974324
-0.4394545045859
 0.8740342627974
-0.4489602648659
 0.8640238926024
-0.4582996717999
 0.8539553174594
-0.4674730712599
 0.8438305517092
-0.4764808231264
 0.8336515934845
-0.4853233010798
 0.8234204247735
-0.4940008923933
 0.8131390114831
-0.5025139977298
 0.8028093035025
-0.5108630309406
 0.7924332347667
-0.5190484188677
 0.7820127233199
-0.5270706011486
 0.7715496713793
-0.5349300300234
 0.7610459653981
-0.5426271701452
 0.7505034761296
-0.5501624983928
 0.7399240586900
-0.5575365036859
 0.7293095526220
-0.5647496868029
 0.7186617819582
-0.5718025602017
 0.7079825552840
-0.5786956478420
 0.6972736658004
-0.5854294850111
 0.6865368913877
-0.5920046181513
 0.6757739946675
-0.5984216046899
 0.6649867230655
-0.6046810128722
 0.6541768088741
-0.6107834215953
 0.6433459693147
-0.6167294202458
 0.6324959065994
-0.6225196085388
 0.6216283079933
-0.6281545963590
 0.6107448458758
-0.6336350036047
 0.5998471778024
-0.6389614600333
 0.5889369465655
-0.6441346051090
 0.5780157802554
-0.6491550878526
 0.5670852923213
-0.6540235666938
 0.5561470816314
-0.6587407093245
 0.5452027325331
-0.6633071925551
 0.5342538149131
-0.6677237021722
 0.5233018842564
-0.6719909327980
 0.5123484817062
-0.6761095877523
 0.5013951341224
-0.6800803789159
 0.4904433541403
-0.6839040265954
 0.4794946402292
-0.6875812593907
 0.4685504767499
-0.6911128140638
 0.4576123340125
-0.6944994354090
 0.4466816683339
-0.6977418761255
 0.4357599220943
-0.7008408966911
 0.4248485237940
-0.7037972652378
 0.4139488881096
-0.7066117574292
 0.4030624159497
-0.7092851563391
 0.3921904945103
-0.7118182523318
 0.3813344973299
-0.7142118429441
 0.3704957843441
-0.7164667327690
 0.3596757019400
-0.7185837333400
 0.3488755830098
-0.7205636630182
 0.3380967470042
-0.7224073468794
 0.3273404999858
-0.7241156166038
 0.3166081346814
-0.7256893103668
 0.3059009305343
-0.7271292727302
 0.2952201537558
-0.7284363545365
 0.2845670573771
-0.7296114128028
 0.2739428812996
-0.7306553106172
 0.2633488523458
-0.7315689170359
 0.2527861843092
-0.7323531069815
 0.2422560780036
-0.7330087611428
 0.2317597213129
-0.7335367658760
 0.2212982892391
-0.7339380131060
 0.2108729439512
-0.7342134002306
 0.2004848348324
-0.7343638300242
 0.1901350985279
-0.7343902105433
 0.1798248589917
-0.7342934550334
 0.1695552275329
-0.7340744818365
 0.1593273028620
-0.7337342142997
 0.1491421711359
-0.7332735806849
 0.1390009060035
-0.7326935140796
 0.1289045686503
-0.7319949523088
 0.1188542078420
-0.7311788378473
 0.1088508599689
-0.7302461177335
 0.0988955490885
-0.7291977434840
 0.0889892869687
-0.7280346710091
 0.0791330731300
-0.7267578605289
 0.0693278948873
-0.7253682764907
 0.0595747273911
-0.7238668874871
 0.0498745336687
-0.7222546661747
 0.0402282646646
-0.7205325891940
 0.0306368592805
-0.7187016370897
 0.0211012444143
-0.7167627942322
 0.0116223350003
-0.7147170487393
 0.0022010340465
-0.7125653923992
-0.0071617673262
-0.7103088205940
-0.0164651898468
-0.7079483322236
-0.0257083660571
-0.7054849296310
-0.0348904402745
-0.7029196185272
-0.0440105685558
-0.7002534079182
-0.0530679186617
-0.6974873100309
-0.0620616700207
-0.6946223402413
-0.0709910136948
-0.6916595170020
-0.0798551523443
-0.6885998617712
-0.0886533001944
-0.6854443989414
-0.0973846830008
-0.6821941557697
-0.1060485380171
-0.6788501623075
-0.1146441139617
-0.6754134513317
-0.1231706709855
-0.6718850582755
-0.1316274806400
-0.6682660211607
-0.1400138258458
-0.6645573805296
-0.1483290008615
-0.6607601793777
-0.1565723112528
-0.6568754630868
-0.1647430738629
-0.6529042793588
-0.1728406167821
-0.6488476781494
-0.1808642793183
-0.6447067116024
-0.1888134119686
-0.6404824339846
-0.1966873763900
-0.6361759016209
-0.2044855453716
-0.6317881728298
-0.2122073028067
-0.6273203078589
-0.2198520436651
-0.6227733688213
-0.2274191739664
-0.6181484196319
-0.2349081107531
-0.6134465259441
-0.2423182820643
-0.6086687550869
-0.2496491269098
-0.6038161760021
-0.2569000952445
-0.5988898591818
-0.2640706479434
-0.5938908766063
-0.2711602567763
-0.5888203016819
-0.2781684043836
-0.5836792091793
-0.2850945842521
-0.5784686751717
-0.2919383006911
-0.5731897769741
-0.2986990688089
-0.5678435930812
-0.3053764144896
-0.5624312031069
-0.3119698743703
-0.5569536877235
-0.3184789958187
-0.5514121286006
-0.3249033369106
-0.5458076083446
-0.3312424664079
-0.5401412104384
-0.3374959637374
-0.5344140191806
-0.3436634189691
-0.5286271196257
-0.3497444327952
-0.5227815975235
-0.3557386165094
-0.5168785392593
-0.3616455919862
-0.5109190317934
-0.3674649916609
-0.5049041626015
-0.3731964585094
-0.4988350196145
-0.3788396460284
-0.4927126911584
-0.3843942182162
-0.4865382658949
-0.3898598495529
-0.4803128327609
-0.3952362249819
-0.4740374809087
-0.4005230398906
-0.4677132996465
-0.4057200000921
-0.4613413783779
-0.4108268218066
-0.4549228065421
-0.4158432316431
-0.4484586735540
-0.4207689665816
-0.4419500687440
-0.4256037739550
-0.4353980812979
-0.4303474114314
-0.4288038001967
-0.4349996469969
-0.4221683141562
-0.4395602589375
-0.4154927115669
-0.4440290358228
-0.4087780804332
-0.4484057764880
-0.4020255083132
-0.4526902900175
-0.3952360822578
-0.4568823957278
-0.3884108887498
-0.4609819231507
-0.3815510136432
-0.4649887120169
-0.3746575421021
-0.4689026122392
-0.3677315585394
-0.4727234838958
-0.3607741465555
-0.4764511972145
-0.3537863888769
-0.4800856325558
-0.3467693672942
-0.4836266803966
-0.3397241626006
-0.4870742413146
-0.3326518545296
-0.4904282259710
-0.3255535216930
-0.4936885550953
-0.3184302415184
-0.4968551594683
-0.3112830901864
-0.4999279799066
-0.3041131425682
-0.5029069672457
-0.2969214721622
-0.5057920823243
-0.2897091510307
-0.5085832959680
-0.2824772497370
-0.5112805889724
-0.2752268372809
-0.5138839520875
-0.2679589810353
-0.5163933860011
-0.2606747466821
-0.5188089013219
-0.2533751981472
-0.5211305185632
-0.2460613975364
-0.5233582681265
-0.2387344050703
-0.5254921902843
-0.2313952790189
-0.5275323351633
-0.2240450756365
-0.5294787627276
-0.2166848490957
-0.5313315427612
-0.2093156514217
-0.5330907548510
-0.2019385324257
-0.5347564883691
-0.1945545396386
-0.5363288424552
-0.1871647182442
-0.5378079259988
-0.1797701110118
-0.5391938576212
-0.1723717582293
-0.5404867656569
-0.1649706976351
-0.5416867881357
-0.1575679643502
-0.5427940727634
-0.1501645908101
-0.5438087769032
-0.1427616066962
-0.5447310675565
-0.1353600388668
-0.5455611213432
-0.1279609112880
-0.5462991244818
-0.1205652449643
-0.5469452727698
-0.1131740578688
-0.5474997715628
-0.1057883648732
-0.5479628357543
-0.0984091776772
-0.5483346897542
-0.0910375047381
-0.5486155674675
-0.0836743511997
-0.5488057122728
-0.0763207188211
-0.5489053769999
-0.0689776059048
-0.5489148239076
-0.0616460072252
-0.5488343246604
-0.0543269139564
-0.5486641603053
-0.0470213135992
-0.5484046212484
-0.0397301899090
-0.5480560072304
-0.0324545228223
-0.5476186273018
-0.0251952883831
-0.5470927997983
-0.0179534586699
-0.5464788523149
-0.0107300017209
-0.5457771216798
-0.0035258814605
-0.5449879539280
 0.0036579423758
-0.5441117042744
 0.0108205143161
-0.5431487370857
 0.0179608832272
-0.5420994258527
 0.0250781023900
-0.5409641531614
 0.0321712295750
-0.5397433106638
 0.0392393271186
-0.5384372990481
 0.0462814619993
-0.5370465280082
 0.0532967059137
-0.5355714162125
 0.0602841353537
-0.5340123912728
 0.0672428316835
-0.5323698897113
 0.0741718812166
-0.5306443569280
 0.0810703752931
-0.5288362471673
 0.0879374103581
-0.5269460234834
 0.0947720880389
-0.5249741577055
 0.1015735152236
-0.5229211304021
 0.1083408041393
-0.5207874308448
 0.1150730724308
-0.5185735569710
 0.1217694432392
-0.5162800153463
 0.1284290452810
-0.5139073211258
 0.1350510129274
-0.5114559980149
 0.1416344862833
-0.5089265782290
 0.1481786112673
-0.5063196024530
 0.1546825396907
-0.5036356197991
 0.1611454293381
-0.5008751877650
 0.1675664440467
-0.4980388721900
 0.1739447537868
-0.4951272472111
 0.1802795347418
-0.4921408952183
 0.1865699693889
-0.4890804068081
 0.1928152465788
-0.4859463807375
 0.1990145616171
-0.4827394238761
 0.2051671163443
-0.4794601511576
 0.2112721192168
-0.4761091855305
 0.2173287853874
-0.4726871579078
 0.2233363367863
-0.4691947071159
 0.2292940022017
-0.4656324798422
 0.2352010173607
-0.4620011305823
 0.2410566250104
-0.4583013215859
 0.2468600749984
-0.4545337228014
 0.2526106243536
-0.4506990118206
 0.2583075373673
-0.4467978738212
 0.2639500856738
-0.4428310015089
 0.2695375483309
-0.4387990950586
 0.2750692119009
-0.4347028620543
 0.2805443705305
-0.4305430174281
 0.2859623260320
-0.4263202833983
 0.2913223879629
-0.4220353894058
 0.2966238737066
-0.4176890720505
 0.3018661085520
-0.4132820750261
 0.3070484257735
-0.4088151490533
 0.3121701667108
-0.4042890518130
 0.3172306808482
-0.3997045478775
 0.3222293258938
-0.3950624086412
 0.3271654678587
-0.3903634122500
 0.3320384811355
-0.3856083435293
 0.3368477485772
-0.3807979939116
 0.3415926615750
-0.3759331613621
 0.3462726201363
-0.3710146503038
 0.3508870329625
-0.3660432715416
 0.3554353175258
-0.3610198421844
 0.3599169001468
-0.3559451855671
 0.3643312160701
-0.3508201311707
 0.3686777095410
-0.3456455145417
 0.3729558338811
-0.3404221772100
 0.3771650515633
-0.3351509666061
 0.3813048342870
-0.3298327359764
 0.3853746630518
-0.3244683442985
 0.3893740282318
-0.3190586561938
 0.3933024296490
-0.3136045418405
 0.3971593766452
-0.3081068768843
 0.4009443881553
-0.3025665423484
 0.4046569927781
-0.2969844245421
 0.4082967288475
-0.2913614149690
 0.4118631445031
-0.2856984102324
 0.4153557977595
-0.2799963119415
 0.4187742565760
-0.2742560266148
 0.4221180989240
-0.2684784655832
 0.4253869128557
-0.2626645448920
 0.4285802965703
-0.2568151852008
 0.4316978584803
-0.2509313116834
 0.4347392172772
-0.2450138539259
 0.4377040019955
-0.2390637458235
 0.4405918520770
-0.2330819254767
 0.4434024174334
-0.2270693350859
 0.4461353585084
-0.2210269208446
 0.4487903463386
-0.2149556328327
 0.4513670626143
-0.2088564249067
 0.4538651997380
-0.2027302545907
 0.4562844608834
-0.1965780829650
 0.4586245600522
-0.1904008745540
 0.4608852221306
-0.1841995972131
 0.4630661829447
-0.1779752220143
 0.4651671893144
-0.1717287231305
 0.4671879991071
-0.1654610777195
 0.4691283812887
-0.1591732658057
 0.4709881159757
-0.1528662701621
 0.4727669944840
-0.1465410761897
 0.4744648193780
-0.1401986717976
 0.4760814045176
-0.1338400472802
 0.4776165751047
-0.1274661951950
 0.4790701677278
-0.1210781102382
 0.4804420304057
-0.1146767891201
 0.4817320226300
-0.1082632304388
 0.4829400154059
-0.1018384345536
 0.4840658912918
-0.0954034034566
 0.4851095444380
-0.0889591406446
 0.4860708806231
-0.0825066509886
 0.4869498172901
-0.0760469406034
 0.4877462835800
-0.0695810167159
 0.4884602203646
-0.0631098875324
 0.4890915802777
-0.0566345621055
 0.4896403277448
-0.0501560501997
 0.4901064390110
-0.0436753621560
 0.4904899021680
-0.0371935087564
 0.4907907171787
-0.0307115010868
 0.4910088959009
-0.0242303503996
 0.4911444621092
-0.0177510679756
 0.4911974515149
-0.0112746649844
 0.4911679117851
-0.0048021523454
 0.4910559025591
 0.0016654594135
 0.4908614954636
 0.0081271602964
 0.4905847741269
 0.0145819409816
 0.4902258341897
 0.0210287929640
 0.4897847833160
 0.0274667086980
 0.4892617412007
 0.0338946817412
 0.4886568395767
 0.0403117068989
 0.4879702222189
 0.0467167803686
 0.4872020449476
 0.0531088998851
 0.4863524756295
 0.0594870648669
 0.4854216941764
 0.0658502765618
 0.4844098925430
 0.0721975381938
 0.4833172747222
 0.0785278551104
 0.4821440567381
 0.0848402349298
 0.4808904666386
 0.0911336876886
 0.4795567444840
 0.0974072259903
 0.4781431423353
 0.1036598651535
 0.4766499242397
 0.1098906233609
 0.4750773662147
 0.1160985218078
 0.4734257562293
 0.1222825848516
 0.4716953941843
 0.1284418401610
 0.4698865918895
 0.1345753188656
 0.4679996730401
 0.1406820557054
 0.4660349731897
 0.1467610891805
 0.4639928397224
 0.1528114617009
 0.4618736318221
 0.1588322197362
 0.4596777204403
 0.1648224139656
 0.4574054882609
 0.1707810994270
 0.4550573296644
 0.1767073356675
 0.4526336506883
 0.1826001868922
 0.4501348689868
 0.1884587221139
 0.4475614137876
 0.1942820153023
 0.4449137258466
 0.2000691455329
 0.4421922574013
 0.2058191971358
 0.4393974721207
 0.2115312598442
 0.4365298450544
 0.2172044289426
 0.4335898625785
 0.2228378054144
 0.4305780223403
 0.2284304960895
 0.4274948332002
 0.2339816137912
 0.4243408151718
 0.2394902774828
 0.4211164993593
 0.2449556124135
 0.4178224278937
 0.2503767502642
 0.4144591538661
 0.2557528292923
 0.4110272412591
 0.2610829944757
 0.4075272648760
 0.2663663976571
 0.4039598102681
 0.2716021976868
 0.4003254736595
 0.2767895605648
 0.3966248618698
 0.2819276595827
 0.3928585922354
 0.2870156754643
 0.3890272925274
 0.2920527965056
 0.3851316008685
 0.2970382187140
 0.3811721656473
 0.3019711459465
 0.3771496454305
 0.3068507900468
 0.3730647088730
 0.3116763709818
 0.3689180346262
 0.3164471169772
 0.3647103112437
 0.3211622646509
 0.3604422370858
 0.3258210591473
 0.3561145202207
 0.3304227542685
 0.3517278783246
 0.3349666126057
 0.3472830385799
 0.3394519056689
 0.3427807375703
 0.3438779140152
 0.3382217211753
 0.3482439273763
 0.3336067444613
 0.3525492447844
 0.3289365715720
 0.3567931746969
 0.3242119756159
 0.3609750351196
 0.3194337385526
 0.3650941537286
 0.3146026510763
 0.3691498679906
 0.3097195124982
 0.3731415252823
 0.3047851306267
 0.3770684830075
 0.2998003216458
 0.3809301087132
 0.2947659099912
 0.3847257802038
 0.2896827282256
 0.3884548856541
 0.2845516169110
 0.3921168237203
 0.2793734244799
 0.3957110036494
 0.2741490071050
 0.3992368453871
 0.2688792285662
 0.4026937796837
 0.2635649601168
 0.4060812481984
 0.2582070803478
 0.4093987036017
 0.2528064750502
 0.4126456096764
 0.2473640370760
 0.4158214414155
 0.2418806661972
 0.4189256851202
 0.2363572689642
 0.4219578384940
 0.2307947585611
 0.4249174107360
 0.2251940546610
 0.4278039226323
 0.2195560832787
 0.4306169066443
 0.2138817766230
 0.4333559069965
 0.2081720729460
 0.4360204797609
 0.2024279163928
 0.4386101929402
 0.1966502568486
 0.4411246265483
 0.1908400497851
 0.4435633726893
 0.1849982561048
 0.4459260356337
 0.1791258419852
 0.4482122318928
 0.1732237787210
 0.4504215902906
 0.1672930425650
 0.4525537520340
 0.1613346145682
 0.4546083707804
 0.1553494804188
 0.4565851127026
 0.1493386302797
 0.4584836565525
 0.1433030586257
 0.4603036937214
 0.1372437640783
 0.4620449282984
 0.1311617492414
 0.4637070771270
 0.1250580205343
 0.4652898698582
 0.1189335880251
 0.4667930490020
 0.1127894652622
 0.4682163699767
 0.1066266691059
 0.4695596011549
 0.1004462195584
 0.4708225239078
 0.0942491395936
 0.4720049326470
 0.0880364549859
 0.4731066348633
 0.0818091941388
 0.4741274511640
 0.0755683879118
 0.4750672153065
 0.0693150694481
 0.4759257742305
 0.0630502740008
 0.4767029880869
 0.0567750387588
 0.4773987302648
 0.0504904026723
 0.4780128874158
 0.0441974062780
 0.4785453594753
 0.0378970915238
 0.4789960596819
 0.0315905015930
 0.4793649145939
 0.0252786807283
 0.4796518641036
 0.0189626740561
 0.4798568614485
 0.0126435274094
 0.4799798732205
 0.0063222871517
