 0.4320909724247
 0.0000000000000
 0.4319087231098
-0.0126447085628
 0.4313621217637
-0.0252790800603
 0.4304516080431
-0.0378927860403
 0.4291779142483
-0.0504755152663
 0.4275420646319
-0.0630169823004
 0.4255453744327
-0.0755069360547
 0.4231894486369
-0.0879351683028
 0.4204761804668
-0.1002915221398
 0.4174077496019
-0.1125659003831
 0.4139866201321
-0.1247482739009
 0.4102155382496
-0.1368286898626
 0.4060975296800
-0.1487972798986
 0.4016358968590
-0.1606442681616
 0.3968342158578
-0.1723599792805
 0.3916963330619
-0.1839348461972
 0.3862263616095
-0.1953594178781
 0.3804286775936
-0.2066243668926
 0.3743079160349
-0.2177204968490
 0.3678689666303
-0.2286387496815
 0.3611169692847
-0.2393702127800
 0.3540573094317
-0.2499061259554
 0.3466956131515
-0.2602378882344
 0.3390377420909
-0.2703570644759
 0.3310897881962
-0.2802553918043
 0.3228580682635
-0.2899247858524
 0.3143491183159
-0.2993573468099
 0.3055696878159
-0.3085453652710
 0.2965267337199
-0.3174813278773
 0.2872274143844
-0.3261579227515
 0.2776790833317
-0.3345680447175
 0.2678892828842
-0.3427048003033
 0.2578657376750
-0.3505615125250
 0.2476163480448
-0.3581317254462
 0.2371491833326
-0.3654092085136
 0.2264724750702
-0.3723879606639
 0.2155946100886
-0.3790622142032
 0.2045241235446
-0.3854264384544
 0.1932696918777
-0.3914753431746
 0.1818401257049
-0.3972038817407
 0.1702443626628
-0.4026072541025
 0.1584914602044
-0.4076809095048
 0.1465905883612
-0.4124205489781
 0.1345510224761
-0.4168221275994
 0.1223821359183
-0.4208818565233
 0.1100933927859
-0.4245962047868
 0.0976943406059
-0.4279619008881
 0.0851946030382
-0.4309759341414
 0.0726038725915
-0.4336355558122
 0.0599319033592
-0.4359382800334
 0.0471885037815
-0.4378818845071
 0.0343835294417
-0.4394644109940
 0.0215268759022
-0.4406841655950
 0.0086284715881
-0.4415397188283
-0.0043017292759
-0.4420299055059
-0.0172537536692
-0.4421538244138
-0.0302176167140
-0.4419108378003
-0.0431833285429
-0.4413005706771
-0.0561409010904
-0.4403229099375
-0.0690803548031
-0.4389780032970
-0.0819917252641
-0.4372662580613
-0.0948650697268
-0.4351883397260
-0.1076904735538
-0.4327451704149
-0.1204580565569
-0.4299379271605
-0.1331579792351
-0.4267680400328
-0.1457804489065
-0.4232371901228
-0.1583157257305
-0.4193473073844
-0.1707541286189
-0.4151005683416
-0.1830860410317
-0.4104993936666
-0.1953019166564
-0.4055464456340
-0.2073922849675
-0.4002446254562
-0.2193477566657
-0.3945970705075
-0.2311590289940
-0.3886071514403
-0.2428168909302
-0.3822784692005
-0.2543122282541
-0.3756148519472
-0.2656360284887
-0.3686203518824
-0.2767793857152
-0.3612992419952
-0.2877335052604
-0.3536560127279
-0.2984897082577
-0.3456953685668
-0.3090394360798
-0.3374222245658
-0.3193742546461
-0.3288417028050
-0.3294858586015
-0.3199591287916
-0.3393660753711
-0.3107800278073
-0.3490068690890
-0.3013101212069
-0.3584003444030
-0.2915553226729
-0.3675387501564
-0.2815217344309
-0.3764144829481
-0.2712156434305
-0.3850200905731
-0.2606435174957
-0.3933482753438
-0.2498120014486
-0.4013918972945
-0.2387279132123
-0.4091439772718
-0.2273982398947
-0.4165976999116
-0.2158301338582
-0.4237464165054
-0.2040309087798
-0.4305836477585
-0.1920080357030
-0.4371030864419
-0.1797691390868
-0.4432985999407
-0.1673219928545
-0.4491642327017
-0.1546745164446
-0.4546942085821
-0.1418347708678
-0.4598829331028
-0.1288109547727
-0.4647249956087
-0.1156114005218
-0.4692151713395
-0.1022445702821
-0.4733484234118
-0.0887190521307
-0.4771199047189
-0.0750435561787
-0.4805249597478
-0.0612269107158
-0.4835591263189
-0.0472780583757
-0.4862181372498
-0.0332060523265
-0.4884979219478
-0.0190200524853
-0.4903946079329
-0.0047293217596
-0.4919045222950
 0.0096567776826
-0.4930241930884
 0.0241287881144
-0.4937503506669
 0.0386771599214
-0.4940799289623
 0.0532922552417
-0.4940100667094
 0.0679643515752
-0.4935381086210
 0.0826836453596
-0.4926616065160
 0.0974402555143
-0.4913783204033
 0.1122242269518
-0.4896862195248
 0.1270255340549
-0.4875834833607
 0.1418340841217
-0.4850685025998
 0.1566397207765
-0.4821398800785
 0.1714322273491
-0.4787964316908
 0.1862013302197
-0.4750371872718
 0.2009367021335
-0.4708613914593
 0.2156279654819
-0.4662685045349
 0.2302646955540
-0.4612582032476
 0.2448364237573
-0.4558303816234
 0.2593326408090
-0.4499851517630
 0.2737427998988
-0.4437228446303
 0.2880563198252
-0.4370440108351
 0.3022625881045
-0.4299494214113
 0.3163509640558
-0.4224400685947
 0.3303107818624
-0.4145171666017
 0.3441313536109
-0.4061821524116
 0.3578019723100
-0.3974366865550
 0.3713119148911
-0.3882826539116
 0.3846504451910
-0.3787221645172
 0.3978068169197
-0.3687575543853
 0.4107702766157
-0.3583913863426
 0.4235300665890
-0.3476264508822
 0.4360754278553
-0.3364657670365
 0.4483956030638
-0.3249125832708
 0.4604798394191
-0.3129703784005
 0.4723173916021
-0.3006428625332
 0.4838975246897
-0.2879339780377
 0.4952095170779
-0.2748479005422
 0.5062426634093
-0.2613890399619
 0.5169862775090
-0.2475620415592
 0.5274296953302
-0.2333717870379
 0.5375622779140
-0.2188233956712
 0.5473734143645
-0.2039222254673
 0.5568525248434
-0.1886738743724
 0.5659890635866
-0.1730841815131
 0.5747725219465
-0.1571592284791
 0.5831924314616
-0.1409053406472
 0.5912383669592
-0.1243290885492
 0.5988999496921
-0.1074372892822
 0.6061668505143
-0.0902370079647
 0.6130287930982
-0.0727355592380
 0.6194755571976
-0.0549405088145
 0.6254969819600
-0.0368596750731
 0.6310829692915
-0.0185011307029
 0.6362234872791
 0.0001267956040
 0.6409085736723
 0.0190155174112
 0.6451283394313
 0.0381561887457
 0.6488729723423
 0.0575397022562
 0.6521327407066
 0.0771566873197
 0.6548979971069
 0.0969975080983
 0.6571591822546
 0.1170522615435
 0.6589068289241
 0.1373107753502
 0.6601315659767
 0.1577626058582
 0.6608241224807
 0.1783970359031
 0.6609753319312
 0.1992030726158
 0.6605761365743
 0.2201694451699
 0.6596175918425
 0.2412846024795
 0.6580908709040
 0.2625367108458
 0.6559872693330
 0.2839136515534
 0.6532982099051
 0.3054030184175
 0.6500152475245
 0.3269921152823
 0.6461300742872
 0.3486679534709
 0.6416345246870
 0.3704172491883
 0.6365205809701
 0.3922264208775
 0.6307803786432
 0.4140815865314
 0.6244062121431
 0.4359685609597
 0.6173905406723
 0.4578728530137
 0.6097259942083
 0.4797796627693
 0.6014053796926
 0.5016738786712
 0.5924216874063
 0.5235400746382
 0.5827680975394
 0.5453625071331
 0.5724379869613
 0.5671251121979
 0.5614249361980
 0.5888115024578
 0.5497227366265
 0.6104049640950
 0.5373253978914
 0.6318884537956
 0.5242271555529
 0.6532445956719
 0.5104224789736
 0.6744556781638
 0.4959060794539
 0.6955036509206
 0.4806729186219
 0.7163701216683
 0.4647182170895
 0.7370363530650
 0.4480374633810
 0.7574832595476
 0.4306264231453
 0.7776914041750
 0.4124811486609
 0.7976409954705
 0.3935979886415
 0.8173118842695
 0.3739735983555
 0.8366835605746
 0.3536049500665
 0.8557351504263
 0.3324893438069
 0.8744454127919
 0.3106244184955
 0.8927927364791
 0.2880081634098
 0.9107551370807
 0.2646389300233
 0.9283102539550
 0.2405154442226
 0.9454353472508
 0.2156368189124
 0.9621072949812
 0.1900025670240
 0.9783025901561
 0.1636126149381
 0.9939973379784
 0.1364673163362
 1.0091672531149
 0.1085674664923
 1.0237876570478
 0.0799143170214
 1.0378334755178
 0.0505095910958
 1.0512792360665
 0.0203554991465
 1.0640990656903
-0.0105452449370
 1.0762666886141
-0.0421894070924
 1.0877554241973
-0.0745732158403
 1.0985381849832
-0.1076923444930
 1.1085874749048
-0.1415418928009
 1.1178753876586
-0.1761163680175
 1.1263736052613
-0.2114096653677
 1.1340533968036
-0.2474150478983
 1.1408856174148
-0.2841251256953
 1.1468407074563
-0.3215318344458
 1.1518886919588
-0.3596264133269
 1.1559991803212
-0.3983993821999
 1.1591413662905
-0.4378405180903
 1.1612840282409
-0.4779388309310
 1.1623955297731
-0.5186825385470
 1.1624438206554
-0.5600590408594
 1.1613964381281
-0.6020548932855
 1.1592205085969
-0.6446557793098
 1.1558827497371
-0.6878464822029
 1.1513494730378
-0.7316108558631
 1.1455865868118
-0.7759317947529
 1.1385595997003
-0.8207912029062
 1.1302336247028
-0.8661699619768
 1.1205733837645
-0.9120478983020
 1.1095432129537
-0.9584037489508
 1.0971070682651
-1.0052151267279
 1.0832285320856
-1.0524584841035
 1.0678708203612
-1.1001090760366
 1.0509967905064
-1.1481409216603
 1.0325689500976
-1.1965267647972
 1.0125494663966
-1.2452380332690
 0.9909001767511
-1.2942447969678
 0.9675825999212
-1.3435157246522
 0.9425579483843
-1.3930180394326
 0.9157871416735
-1.4427174729081
 0.8872308208059
-1.4925782179161
 0.8568493638621
-1.5425628798566
 0.8246029027793
-1.5926324265498
 0.7904513414257
-1.6427461365861
 0.7543543750245
-1.6928615461276
 0.7162715110025
-1.7429343941147
 0.6761620913387
-1.7929185658376
 0.6339853164960
-1.8427660348241
 0.5897002710185
-1.8924268029989
 0.5432659508860
-1.9418488390669
 0.4946412927181
-1.9909780150713
 0.4437852049272
-2.0397580410785
 0.3906566009240
-2.0881303979368
 0.3352144344833
-2.1360342680595
 0.2774177373868
-2.1834064641783
 0.2172256594600
-2.2301813560138
 0.1545975111321
-2.2762907948070
 0.0894928086501
-2.3216640356578
 0.0218713220873
-2.3662276576116
-0.0483068737077
-2.4099054814364
-0.1210813450670
-2.4526184850325
-0.0483068737077
 2.4099054814364
 0.0218713220873
 2.3662276576116
 0.0894928086501
 2.3216640356578
 0.1545975111321
 2.2762907948070
 0.2172256594600
 2.2301813560138
 0.2774177373868
 2.1834064641783
 0.3352144344833
 2.1360342680595
 0.3906566009240
 2.0881303979368
 0.4437852049272
 2.0397580410785
 0.4946412927181
 1.9909780150713
 0.5432659508860
 1.9418488390669
 0.5897002710185
 1.8924268029989
 0.6339853164960
 1.8427660348241
 0.6761620913387
 1.7929185658376
 0.7162715110025
 1.7429343941147
 0.7543543750245
 1.6928615461276
 0.7904513414257
 1.6427461365861
 0.8246029027793
 1.5926324265498
 0.8568493638621
 1.5425628798566
 0.8872308208059
 1.4925782179161
 0.9157871416735
 1.4427174729081
 0.9425579483843
 1.3930180394326
 0.9675825999212
 1.3435157246522
 0.9909001767511
 1.2942447969678
 1.0125494663966
 1.2452380332690
 1.0325689500976
 1.1965267647972
 1.0509967905064
 1.1481409216603
 1.0678708203612
 1.1001090760366
 1.0832285320856
 1.0524584841035
 1.0971070682651
 1.0052151267279
 1.1095432129537
 0.9584037489508
 1.1205733837645
 0.9120478983020
 1.1302336247028
 0.8661699619768
 1.1385595997003
 0.8207912029062
 1.1455865868118
 0.7759317947529
 1.1513494730378
 0.7316108558631
 1.1558827497371
 0.6878464822029
 1.1592205085969
 0.6446557793098
 1.1613964381281
 0.6020548932855
 1.1624438206554
 0.5600590408594
 1.1623955297731
 0.5186825385470
 1.1612840282409
 0.4779388309310
 1.1591413662905
 0.4378405180903
 1.1559991803212
 0.3983993821999
 1.1518886919588
 0.3596264133269
 1.1468407074563
 0.3215318344458
 1.1408856174148
 0.2841251256953
 1.1340533968036
 0.2474150478983
 1.1263736052613
 0.2114096653677
 1.1178753876586
 0.1761163680175
 1.1085874749048
 0.1415418928009
 1.0985381849832
 0.1076923444930
 1.0877554241973
 0.0745732158403
 1.0762666886141
 0.0421894070924
 1.0640990656903
 0.0105452449370
 1.0512792360665
-0.0203554991465
 1.0378334755178
-0.0505095910958
 1.0237876570478
-0.0799143170214
 1.0091672531149
-0.1085674664923
 0.9939973379784
-0.1364673163362
 0.9783025901561
-0.1636126149381
 0.9621072949812
-0.1900025670240
 0.9454353472508
-0.2156368189124
 0.9283102539550
-0.2405154442226
 0.9107551370807
-0.2646389300233
 0.8927927364791
-0.2880081634098
 0.8744454127919
-0.3106244184955
 0.8557351504263
-0.3324893438069
 0.8366835605746
-0.3536049500665
 0.8173118842695
-0.3739735983555
 0.7976409954705
-0.3935979886415
 0.7776914041750
-0.4124811486609
 0.7574832595476
-0.4306264231453
 0.7370363530650
-0.4480374633810
 0.7163701216683
-0.4647182170895
 0.6955036509206
-0.4806729186219
 0.6744556781638
-0.4959060794539
 0.6532445956719
-0.5104224789736
 0.6318884537956
-0.5242271555529
 0.6104049640950
-0.5373253978914
 0.5888115024578
-0.5497227366265
 0.5671251121979
-0.5614249361980
 0.5453625071331
-0.5724379869613
 0.5235400746382
-0.5827680975394
 0.5016738786712
-0.5924216874063
 0.4797796627693
-0.6014053796926
 0.4578728530137
-0.6097259942083
 0.4359685609597
-0.6173905406723
 0.4140815865314
-0.6244062121431
 0.3922264208775
-0.6307803786432
 0.3704172491883
-0.6365205809701
 0.3486679534709
-0.6416345246870
 0.3269921152823
-0.6461300742872
 0.3054030184175
-0.6500152475245
 0.2839136515534
-0.6532982099051
 0.2625367108458
-0.6559872693330
 0.2412846024795
-0.6580908709040
 0.2201694451699
-0.6596175918425
 0.1992030726158
-0.6605761365743
 0.1783970359031
-0.6609753319312
 0.1577626058582
-0.6608241224807
 0.1373107753502
-0.6601315659767
 0.1170522615435
-0.6589068289241
 0.0969975080983
-0.6571591822546
 0.0771566873197
-0.6548979971069
 0.0575397022562
-0.6521327407066
 0.0381561887457
-0.6488729723423
 0.0190155174112
-0.6451283394313
 0.0001267956040
-0.6409085736723
-0.0185011307029
-0.6362234872791
-0.0368596750731
-0.6310829692915
-0.0549405088145
-0.6254969819600
-0.0727355592380
-0.6194755571976
-0.0902370079647
-0.6130287930982
-0.1074372892822
-0.6061668505143
-0.1243290885492
-0.5988999496921
-0.1409053406472
-0.5912383669592
-0.1571592284791
-0.5831924314616
-0.1730841815131
-0.5747725219465
-0.1886738743724
-0.5659890635866
-0.2039222254673
-0.5568525248434
-0.2188233956712
-0.5473734143645
-0.2333717870379
-0.5375622779140
-0.2475620415592
-0.5274296953302
-0.2613890399619
-0.5169862775090
-0.2748479005422
-0.5062426634093
-0.2879339780377
-0.4952095170779
-0.3006428625332
-0.4838975246897
-0.3129703784005
-0.4723173916021
-0.3249125832708
-0.4604798394191
-0.3364657670365
-0.4483956030638
-0.3476264508822
-0.4360754278553
-0.3583913863426
-0.4235300665890
-0.3687575543853
-0.4107702766157
-0.3787221645172
-0.3978068169197
-0.3882826539116
-0.3846504451910
-0.3974366865550
-0.3713119148911
-0.4061821524116
-0.3578019723100
-0.4145171666017
-0.3441313536109
-0.4224400685947
-0.3303107818624
-0.4299494214113
-0.3163509640558
-0.4370440108351
-0.3022625881045
-0.4437228446303
-0.2880563198252
-0.4499851517630
-0.2737427998988
-0.4558303816234
-0.2593326408090
-0.4612582032476
-0.2448364237573
-0.4662685045349
-0.2302646955540
-0.4708613914593
-0.2156279654819
-0.4750371872718
-0.2009367021335
-0.4787964316908
-0.1862013302197
-0.4821398800785
-0.1714322273491
-0.4850685025998
-0.1566397207765
-0.4875834833607
-0.1418340841217
-0.4896862195248
-0.1270255340549
-0.4913783204033
-0.1122242269518
-0.4926616065160
-0.0974402555143
-0.4935381086210
-0.0826836453596
-0.4940100667094
-0.0679643515752
-0.4940799289623
-0.0532922552417
-0.4937503506669
-0.0386771599214
-0.4930241930884
-0.0241287881144
-0.4919045222950
-0.0096567776826
-0.4903946079329
 0.0047293217596
-0.4884979219478
 0.0190200524853
-0.4862181372498
 0.0332060523265
-0.4835591263189
 0.0472780583757
-0.4805249597478
 0.0612269107158
-0.4771199047189
 0.0750435561787
-0.4733484234118
 0.0887190521307
-0.4692151713395
 0.1022445702821
-0.4647249956087
 0.1156114005218
-0.4598829331028
 0.1288109547727
-0.4546942085821
 0.1418347708678
-0.4491642327017
 0.1546745164446
-0.4432985999407
 0.1673219928545
-0.4371030864419
 0.1797691390868
-0.4305836477585
 0.1920080357030
-0.4237464165054
 0.2040309087798
-0.4165976999116
 0.2158301338582
-0.4091439772718
 0.2273982398947
-0.4013918972945
 0.2387279132123
-0.3933482753438
 0.2498120014486
-0.3850200905731
 0.2606435174957
-0.3764144829481
 0.2712156434305
-0.3675387501564
 0.2815217344309
-0.3584003444030
 0.2915553226729
-0.3490068690890
 0.3013101212069
-0.3393660753711
 0.3107800278073
-0.3294858586015
 0.3199591287916
-0.3193742546461
 0.3288417028050
-0.3090394360798
 0.3374222245658
-0.2984897082577
 0.3456953685668
-0.2877335052604
 0.3536560127279
-0.2767793857152
 0.3612992419952
-0.2656360284887
 0.3686203518824
-0.2543122282541
 0.3756148519472
-0.2428168909302
 0.3822784692005
-0.2311590289940
 0.3886071514403
-0.2193477566657
 0.3945970705075
-0.2073922849675
 0.4002446254562
-0.1953019166564
 0.4055464456340
-0.1830860410317
 0.4104993936666
-0.1707541286189
 0.4151005683416
-0.1583157257305
 0.4193473073844
-0.1457804489065
 0.4232371901228
-0.1331579792351
 0.4267680400328
-0.1204580565569
 0.4299379271605
-0.1076904735538
 0.4327451704149
-0.0948650697268
 0.4351883397260
-0.0819917252641
 0.4372662580613
-0.0690803548031
 0.4389780032970
-0.0561409010904
 0.4403229099375
-0.0431833285429
 0.4413005706771
-0.0302176167140
 0.4419108378003
-0.0172537536692
 0.4421538244138
-0.0043017292759
 0.4420299055059
 0.0086284715881
 0.4415397188283
 0.0215268759022
 0.4406841655950
 0.0343835294417
 0.4394644109940
 0.0471885037815
 0.4378818845071
 0.0599319033592
 0.4359382800334
 0.0726038725915
 0.4336355558122
 0.0851946030382
 0.4309759341414
 0.0976943406059
 0.4279619008881
 0.1100933927859
 0.4245962047868
 0.1223821359183
 0.4208818565233
 0.1345510224761
 0.4168221275994
 0.1465905883612
 0.4124205489781
 0.1584914602044
 0.4076809095048
 0.1702443626628
 0.4026072541025
 0.1818401257049
 0.3972038817407
 0.1932696918777
 0.3914753431746
 0.2045241235446
 0.3854264384544
 0.2155946100886
 0.3790622142032
 0.2264724750702
 0.3723879606639
 0.2371491833326
 0.3654092085136
 0.2476163480448
 0.3581317254462
 0.2578657376750
 0.3505615125250
 0.2678892828842
 0.3427048003033
 0.2776790833317
 0.3345680447175
 0.2872274143844
 0.3261579227515
 0.2965267337199
 0.3174813278773
 0.3055696878159
 0.3085453652710
 0.3143491183159
 0.2993573468099
 0.3228580682635
 0.2899247858524
 0.3310897881962
 0.2802553918043
 0.3390377420909
 0.2703570644759
 0.3466956131515
 0.2602378882344
 0.3540573094317
 0.2499061259554
 0.3611169692847
 0.2393702127800
 0.3678689666303
 0.2286387496815
 0.3743079160349
 0.2177204968490
 0.3804286775936
 0.2066243668926
 0.3862263616095
 0.1953594178781
 0.3916963330619
 0.1839348461972
 0.3968342158578
 0.1723599792805
 0.4016358968590
 0.1606442681616
 0.4060975296800
 0.1487972798986
 0.4102155382496
 0.1368286898626
 0.4139866201321
 0.1247482739009
 0.4174077496019
 0.1125659003831
 0.4204761804668
 0.1002915221398
 0.4231894486369
 0.0879351683028
 0.4255453744327
 0.0755069360547
 0.4275420646319
 0.0630169823004
 0.4291779142483
 0.0504755152663
 0.4304516080431
 0.0378927860403
 0.4313621217637
 0.0252790800603
 0.4319087231098
 0.0126447085628
