 0.3600783978891
 0.0000000000000
 0.3600237039899
-0.0063236860275
 0.3598596381501
-0.0126455098601
 0.3595862479381
-0.0189636098632
 0.3592036126166
-0.0252761255218
 0.3587118431152
-0.0315811980002
 0.3581110819931
-0.0378769707003
 0.3574015033898
-0.0441615898194
 0.3565833129661
-0.0504332049066
 0.3556567478340
-0.0566899694179
 0.3546220764757
-0.0629300412692
 0.3534795986520
-0.0691515833881
 0.3522296453006
-0.0753527642627
 0.3508725784236
-0.0815317584889
 0.3494087909640
-0.0876867473143
 0.3478387066727
-0.0938159191799
 0.3461627799648
-0.0999174702583
 0.3443814957654
-0.1059896049886
 0.3424953693456
-0.1120305366084
 0.3405049461486
-0.1180384876810
 0.3384108016053
-0.1240116906198
 0.3362135409404
-0.1299483882076
 0.3339137989689
-0.1358468341122
 0.3315122398828
-0.1417052933969
 0.3290095570279
-0.1475220430266
 0.3264064726721
-0.1532953723687
 0.3237037377640
-0.1590235836887
 0.3209021316817
-0.1647049926410
 0.3180024619740
-0.1703379287534
 0.3150055640918
-0.1759207359062
 0.3119123011108
-0.1814517728056
 0.3087235634464
-0.1869294134503
 0.3054402685594
-0.1923520475928
 0.3020633606539
-0.1977180811932
 0.2985938103671
-0.2030259368674
 0.2950326144513
-0.2082740543275
 0.2913807954480
-0.2134608908162
 0.2876394013544
-0.2185849215336
 0.2838095052830
-0.2236446400572
 0.2798922051132
-0.2286385587536
 0.2758886231371
-0.2335652091842
 0.2717999056970
-0.2384231425020
 0.2676272228178
-0.2432109298412
 0.2633717678316
-0.2479271626990
 0.2590347569969
-0.2525704533093
 0.2546174291120
-0.2571394350083
 0.2501210451212
-0.2616327625921
 0.2455468877171
-0.2660491126655
 0.2408962609360
-0.2703871839837
 0.2361704897491
-0.2746456977836
 0.2313709196480
-0.2788233981087
 0.2264989162254
-0.2829190521237
 0.2215558647517
-0.2869314504214
 0.2165431697466
-0.2908594073204
 0.2114622545470
-0.2947017611545
 0.2063145608699
-0.2984573745527
 0.2011015483730
-0.3021251347106
 0.1958246942105
-0.3057039536529
 0.1904854925857
-0.3091927684869
 0.1850854543012
-0.3125905416468
 0.1796261063048
-0.3158962611296
 0.1741089912341
-0.3191089407210
 0.1685356669573
-0.3222276202130
 0.1629077061123
-0.3252513656124
 0.1572266956436
-0.3281792693400
 0.1514942363370
-0.3310104504205
 0.1457119423527
-0.3337440546638
 0.1398814407572
-0.3363792548376
 0.1340043710528
-0.3389152508295
 0.1280823847073
-0.3413512698020
 0.1221171446817
-0.3436865663369
 0.1161103249576
-0.3459204225719
 0.1100636100643
-0.3480521483278
 0.1039786946043
-0.3500810812263
 0.0978572827806
-0.3520065868005
 0.0917010879219
-0.3538280585945
 0.0855118320093
-0.3555449182566
 0.0792912452032
-0.3571566156217
 0.0730410653700
-0.3586626287865
 0.0667630376105
-0.3600624641757
 0.0604589137883
-0.3613556565997
 0.0541304520599
-0.3625417693038
 0.0477794164057
-0.3636203940092
 0.0414075761620
-0.3645911509463
 0.0350167055557
-0.3654536888783
 0.0286085832392
-0.3662076851188
 0.0221849918281
-0.3668528455395
 0.0157477174411
-0.3673889045716
 0.0092985492407
-0.3678156251980
 0.0028392789780
-0.3681327989388
-0.0036282994617
-0.3683402458291
-0.0101023905098
-0.3684378143885
-0.0165811973627
-0.3684253815844
-0.0230629224277
-0.3683028527872
-0.0295457677656
-0.3680701617184
-0.0360279355306
-0.3677272703923
-0.0425076284062
-0.3672741690497
-0.0489830500393
-0.3667108760860
-0.0554524054688
-0.3660374379715
-0.0619139015532
-0.3652539291660
-0.0683657473921
-0.3643604520262
-0.0748061547459
-0.3633571367074
-0.0812333384507
-0.3622441410589
-0.0876455168298
-0.3610216505126
-0.0940409121004
-0.3596898779669
-0.1004177507778
-0.3582490636635
-0.1067742640734
-0.3566994750596
-0.1131086882906
-0.3550414066939
-0.1194192652146
-0.3532751800470
-0.1257042424993
-0.3514011433974
-0.1319618740484
-0.3494196716713
-0.1381904203934
-0.3473311662883
-0.1443881490662
-0.3451360550012
-0.1505533349672
-0.3428347917320
-0.1566842607291
-0.3404278564027
-0.1627792170755
-0.3379157547618
-0.1688365031754
-0.3352990182060
-0.1748544269926
-0.3325782035989
-0.1808313056303
-0.3297538930837
-0.1867654656708
-0.3268266938938
-0.1926552435105
-0.3237972381583
-0.1984989856902
-0.3206661827043
-0.2042950492200
-0.3174342088555
-0.2100418018998
-0.3141020222276
-0.2157376226345
-0.3106703525198
-0.2213809017444
-0.3071399533039
-0.2269700412710
-0.3035116018095
-0.2325034552770
-0.2997860987069
-0.2379795701421
-0.2959642678870
-0.2433968248536
-0.2920469562380
-0.2487536712922
-0.2880350334206
-0.2540485745125
-0.2839293916396
-0.2592800130187
-0.2797309454141
-0.2644464790358
-0.2754406313445
-0.2695464787754
-0.2710594078788
-0.2745785326967
-0.2665882550751
-0.2795411757629
-0.2620281743640
-0.2844329576924
-0.2573801883080
-0.2892524432055
-0.2526453403599
-0.2939982122660
-0.2478246946195
-0.2986688603185
-0.2429193355884
-0.3032629985206
-0.2379303679245
-0.3077792539703
-0.2328589161942
-0.3122162699293
-0.2277061246240
-0.3165727060411
-0.2224731568512
-0.3208472385449
-0.2171611956732
-0.3250385604849
-0.2117714427964
-0.3291453819149
-0.2063051185842
-0.3331664300988
-0.2007634618042
-0.3371004497062
-0.1951477293750
-0.3409462030048
-0.1894591961125
-0.3447024700468
-0.1836991544759
-0.3483680488525
-0.1778689143130
-0.3519417555890
-0.1719698026061
-0.3554224247453
-0.1660031632164
-0.3588089093025
-0.1599703566300
-0.3621000809011
-0.1538727597022
-0.3652948300032
-0.1477117654036
-0.3683920660518
-0.1414887825647
-0.3713907176257
-0.1352052356216
-0.3742897325907
-0.1288625643621
-0.3770880782473
-0.1224622236720
-0.3797847414747
-0.1160056832809
-0.3823787288712
-0.1094944275101
-0.3848690668908
-0.1029299550196
-0.3872548019772
-0.0963137785567
-0.3895350006935
-0.0896474247041
-0.3917087498492
-0.0829324336300
-0.3937751566236
-0.0761703588376
-0.3957333486865
-0.0693627669165
-0.3975824743155
-0.0625112372945
-0.3993217025099
-0.0556173619895
-0.4009502231028
-0.0486827453638
-0.4024672468693
-0.0417090038779
-0.4038720056319
-0.0346977658462
-0.4051637523642
-0.0276506711933
-0.4063417612908
-0.0205693712114
-0.4074053279851
-0.0134555283186
-0.4083537694646
-0.0063108158190
-0.4091864242841
 0.0008630823374
-0.4099026526255
 0.0080644717921
-0.4105018363868
 0.0152916480158
-0.4109833792673
 0.0225428965436
-0.4113467068520
 0.0298164932103
-0.4115912666934
 0.0371107043832
-0.4117165283907
 0.0444237871948
-0.4117219836684
 0.0517539897736
-0.4116071464518
 0.0590995514737
-0.4113715529416
 0.0664587031034
-0.4110147616859
 0.0738296671524
-0.4105363536520
 0.0812106580177
-0.4099359322949
 0.0885998822282
-0.4092131236254
 0.0959955386681
-0.4083675762770
 0.1033958187995
-0.4073989615702
 0.1107989068824
-0.4063069735770
 0.1182029801951
-0.4050913291832
 0.1256062092520
-0.4037517681499
 0.1330067580210
-0.4022880531737
 0.1404027841393
-0.4006999699467
 0.1477924391279
-0.3989873272142
 0.1551738686053
-0.3971499568328
 0.1625452124994
-0.3951877138269
 0.1699046052588
-0.3931004764451
 0.1772501760624
-0.3908881462152
 0.1845800490283
-0.3885506479992
 0.1918923434213
-0.3860879300473
 0.1991851738596
-0.3834999640521
 0.2064566505197
-0.3807867452015
 0.2137048793414
-0.3779482922318
 0.2209279622304
-0.3749846474804
 0.2281239972612
-0.3718958769386
 0.2352910788781
-0.3686820703031
 0.2424272980955
-0.3653433410290
 0.2495307426976
-0.3618798263813
 0.2565994974369
-0.3582916874874
 0.2636316442319
-0.3545791093891
 0.2706252623638
-0.3507423010949
 0.2775784286731
-0.3467814956327
 0.2844892177545
-0.3426969501018
 0.2913557021520
-0.3384889457269
 0.2981759525527
-0.3341577879104
 0.3049480379803
-0.3297038062866
 0.3116700259880
-0.3251273547760
 0.3183399828507
-0.3204288116392
 0.3249559737568
-0.3156085795327
 0.3315160629999
-0.3106670855644
 0.3380183141694
-0.3056047813498
 0.3444607903414
-0.3004221430692
 0.3508415542692
-0.2951196715254
 0.3571586685730
-0.2896978922021
 0.3634101959301
-0.2841573553236
 0.3695941992648
-0.2784986359146
 0.3757087419380
-0.2727223338614
 0.3817518879368
-0.2668290739742
 0.3877217020642
-0.2608195060498
 0.3936162501292
-0.2546943049359
 0.3994335991365
-0.2484541705958
 0.4051718174765
-0.2420998281754
 0.4108289751163
-0.2356320280696
 0.4164031437897
-0.2290515459919
 0.4218923971887
-0.2223591830430
 0.4272948111553
-0.2155557657828
 0.4326084638732
-0.2086421463023
 0.4378314360606
-0.2016192022970
 0.4429618111637
-0.1944878371421
 0.4479976755505
-0.1872489799689
 0.4529371187058
-0.1799035857425
 0.4577782334267
-0.1724526353407
 0.4625191160195
-0.1648971356351
 0.4671578664971
-0.1572381195731
 0.4716925887776
-0.1494766462613
 0.4761213908844
-0.1416138010513
 0.4804423851469
-0.1336506956261
 0.4846536884032
-0.1255884680884
 0.4887534222034
-0.1174282830513
 0.4927397130153
-0.1091713317291
 0.4966106924303
-0.1008188320316
 0.5003644973725
-0.0923720286583
 0.5039992703083
-0.0838321931957
 0.5075131594579
-0.0752006242157
 0.5109043190095
-0.0664786473756
 0.5141709093343
-0.0576676155204
 0.5173110972044
-0.0487689087866
 0.5203230560124
-0.0397839347075
 0.5232049659933
-0.0307141283207
 0.5259550144484
-0.0215609522775
 0.5285713959724
-0.0123258969538
 0.5310523126820
-0.0030104805631
 0.5333959744474
 0.0063837507290
 0.5356005991268
 0.0158552226878
 0.5376644128034
 0.0254023328912
 0.5395856500250
 0.0350234506092
 0.5413625540469
 0.0447169166820
 0.5429933770776
 0.0544810433951
 0.5444763805282
 0.0643141143540
 0.5458098352638
 0.0742143843557
 0.5469920218596
 0.0841800792589
 0.5480212308600
 0.0942093958526
 0.5488957630405
 0.1043005017217
 0.5496139296745
 0.1144515351120
 0.5501740528032
 0.1246606047925
 0.5505744655089
 0.1349257899159
 0.5508135121935
 0.1452451398775
 0.5508895488600
 0.1556166741716
 0.5508009433988
 0.1660383822469
 0.5505460758781
 0.1765082233592
 0.5501233388388
 0.1870241264230
 0.5495311375939
 0.1975839898601
 0.5487678905329
 0.2081856814478
 0.5478320294305
 0.2188270381641
 0.5467219997605
 0.2295058660318
 0.5454362610147
 0.2402199399603
 0.5439732870273
 0.2509670035860
 0.5423315663037
 0.2617447691105
 0.5405096023561
 0.2725509171378
 0.5385059140433
 0.2833830965088
 0.5363190359170
 0.2942389241349
 0.5339475185740
 0.3051159848296
 0.5313899290135
 0.3160118311382
 0.5286448510018
 0.3269239831664
 0.5257108854423
 0.3378499284069
 0.5225866507520
 0.3487871215647
 0.5192707832450
 0.3597329843806
 0.5157619375223
 0.3706849054532
 0.5120587868687
 0.3816402400601
 0.5081600236561
 0.3925963099763
 0.5040643597551
 0.4035504032927
 0.4997705269526
 0.4144997742326
 0.4952772773776
 0.4254416429662
 0.4905833839348
 0.4363731954255
 0.4856876407452
 0.4472915831162
 0.4805888635955
 0.4581939229296
 0.4752858903950
 0.4690772969531
 0.4697775816413
 0.4799387522793
 0.4640628208938
 0.4907753008146
 0.4581405152568
 0.5015839190866
 0.4520095958703
 0.5123615480504
 0.4456690184108
 0.5231050928945
 0.4391177636005
 0.5338114228459
 0.4323548377268
 0.5444773709740
 0.4253792731701
 0.5550997339943
 0.4181901289426
 0.5656752720717
 0.4107864912364
 0.5762007086228
 0.4031674739816
 0.5866727301184
 0.3953322194155
 0.5970879858852
 0.3872798986615
 0.6074430879074
 0.3790097123195
 0.6177346106284
 0.3705208910669
 0.6279590907521
 0.3618126962705
 0.6381130270445
 0.3528844206108
 0.6481928801353
 0.3437353887169
 0.6581950723197
 0.3343649578139
 0.6681159873607
 0.3247725183823
 0.6779519702916
 0.3149574948294
 0.6876993272195
 0.3049193461738
 0.6973543251288
 0.2946575667424
 0.7069131916862
 0.2841716868803
 0.7163721150463
 0.2734612736746
 0.7257272436578
 0.2625259316911
 0.7349746860719
 0.2513653037254
 0.7441105107508
 0.2399790715676
 0.7531307458787
 0.2283669567816
 0.7620313791740
 0.2165287214992
 0.7708083577027
 0.2044641692288
 0.7794575876946
 0.1921731456792
 0.7879749343609
 0.1796555395995
 0.7963562217146
 0.1669112836340
 0.8045972323925
 0.1539403551935
 0.8126937074803
 0.1407427773432
 0.8206413463406
 0.1273186197067
 0.8284358064435
 0.1136679993874
 0.8360727032001
 0.0997910819071
 0.8435476097999
 0.0856880821623
 0.8508560570514
 0.0713592653980
 0.8579935332264
 0.0568049482002
 0.8649554839084
 0.0420254995069
 0.8717373118451
 0.0270213416381
 0.8783343768053
 0.0117929513450
 0.8847419954404
-0.0036591391213
 0.8909554411511
-0.0193343409209
 0.8969699439589
-0.0352320075154
 0.9027806903831
-0.0513514335387
 0.9083828233233
-0.0676918536448
 0.9137714419489
-0.0842524413362
 0.9189416015930
-0.1010323077685
 0.9238883136545
-0.1180305005340
 0.9286065455066
-0.1352460024217
 0.9330912204118
-0.1526777301549
 0.9373372174452
-0.1703245331045
 0.9413393714253
-0.1881851919792
 0.9450924728533
-0.2062584174903
 0.9485912678601
-0.2245428489922
 0.9518304581632
-0.2430370530980
 0.9548047010321
-0.2617395222680
 0.9575086092641
-0.2806486733735
 0.9599367511696
-0.2997628462328
 0.9620836505676
-0.3190803021205
 0.9639437867934
-0.3385992222491
 0.9655115947162
-0.3583177062218
 0.9667814647692
-0.3782337704578
 0.9677477429920
-0.3983453465872
 0.9684047310858
-0.4186502798168
 0.9687466864813
-0.4391463272656
 0.9687678224210
-0.4598311562689
 0.9684623080553
-0.4807023426521
 0.9678242685542
-0.5017573689715
 0.9668477852331
-0.5229936227232
 0.9655268956958
-0.5444083945188
 0.9638555939936
-0.5659988762270
 0.9618278308011
-0.5877621590817
 0.9594375136106
-0.6096952317548
 0.9566785069446
-0.6317949783930
 0.9535446325872
-0.6540581766192
 0.9500296698357
-0.6764814954968
 0.9461273557723
-0.6990614934565
 0.9418313855575
-0.7217946161847
 0.9371354127451
-0.7446771944739
 0.9320330496202
-0.7677054420329
 0.9265178675611
-0.7908754532568
 0.9205833974246
-0.8141832009564
 0.9142231299577
-0.8376245340461
 0.9074305162346
-0.8611951751889
 0.9001989681216
-0.8848907183985
 0.8925218587688
-0.9087066265980
 0.8843925231315
-0.9326382291329
 0.8758042585219
-0.9566807192399
 0.8667503251905
-0.9808291514682
 0.8572239469403
-1.0050784390546
 0.8472183117744
-1.0294233512507
 0.8367265725765
-1.0538585106005
 0.8257418478282
-1.0783783901695
 0.8142572223615
-1.1029773107225
 0.8022657481497
-1.1276494378508
 0.7897604451376
-1.1523887790461
 0.7767343021106
-1.1771891807225
 0.7631802776071
-1.2020443251833
 0.7490913008723
-1.2269477275335
 0.7344602728577
-1.2518927325359
 0.7192800672653
-1.2768725114103
 0.7035435316398
-1.3018800585753
 0.6872434885092
-1.3269081883299
 0.6703727365768
-1.3519495314764
 0.6529240519637
-1.3769965318817
 0.6348901895066
-1.4020414429761
 0.6162638841107
-1.4270763241902
 0.5970378521589
-1.4520930373259
 0.5772047929822
-1.4770832428639
 0.5567573903890
-1.5020383962028
 0.5356883142591
-1.5269497438325
 0.5139902222020
-1.5518083194373
 0.4916557612827
-1.5766049399302
 0.4686775698162
-1.6013302014152
 0.4450482792346
-1.6259744750780
 0.4207605160269
-1.6505279030031
 0.3958069037559
-1.6749803939152
 0.3701800651532
-1.6993216188459
 0.3438726242953
-1.7235410067223
 0.3168772088638
-1.7476277398767
 0.2891864524914
-1.7715707494774
 0.2607929971979
-1.7953587108773
 0.2316894959166
-1.8189800388801
 0.2018686151176
-1.8424228829230
 0.1713230375268
-1.8656751221732
 0.1400454649479
-1.8887243605386
 0.1080286211866
-1.9115579215893
 0.0752652550841
-1.9341628433902
 0.0417481436598
-1.9565258732422
 0.0074700953696
-1.9786334623309
-0.0275760465186
-2.0004717602810
-0.0633974004276
-2.0220266096153
-0.1000010428474
-2.0432835401168
-0.0633974004276
 2.0220266096153
-0.0275760465186
 2.0004717602810
 0.0074700953696
 1.9786334623309
 0.0417481436598
 1.9565258732422
 0.0752652550841
 1.9341628433902
 0.1080286211866
 1.9115579215893
 0.1400454649479
 1.8887243605386
 0.1713230375268
 1.8656751221732
 0.2018686151176
 1.8424228829230
 0.2316894959166
 1.8189800388801
 0.2607929971979
 1.7953587108773
 0.2891864524914
 1.7715707494774
 0.3168772088638
 1.7476277398767
 0.3438726242953
 1.7235410067223
 0.3701800651532
 1.6993216188459
 0.3958069037559
 1.6749803939152
 0.4207605160269
 1.6505279030031
 0.4450482792346
 1.6259744750780
 0.4686775698162
 1.6013302014152
 0.4916557612827
 1.5766049399302
 0.5139902222020
 1.5518083194373
 0.5356883142591
 1.5269497438325
 0.5567573903890
 1.5020383962028
 0.5772047929822
 1.4770832428639
 0.5970378521589
 1.4520930373259
 0.6162638841107
 1.4270763241902
 0.6348901895066
 1.4020414429761
 0.6529240519637
 1.3769965318817
 0.6703727365768
 1.3519495314764
 0.6872434885092
 1.3269081883299
 0.7035435316398
 1.3018800585753
 0.7192800672653
 1.2768725114103
 0.7344602728577
 1.2518927325359
 0.7490913008723
 1.2269477275335
 0.7631802776071
 1.2020443251833
 0.7767343021106
 1.1771891807225
 0.7897604451376
 1.1523887790461
 0.8022657481497
 1.1276494378508
 0.8142572223615
 1.1029773107225
 0.8257418478282
 1.0783783901695
 0.8367265725765
 1.0538585106005
 0.8472183117744
 1.0294233512507
 0.8572239469403
 1.0050784390546
 0.8667503251905
 0.9808291514682
 0.8758042585219
 0.9566807192399
 0.8843925231315
 0.9326382291329
 0.8925218587688
 0.9087066265980
 0.9001989681216
 0.8848907183985
 0.9074305162346
 0.8611951751889
 0.9142231299577
 0.8376245340461
 0.9205833974246
 0.8141832009564
 0.9265178675611
 0.7908754532568
 0.9320330496202
 0.7677054420329
 0.9371354127451
 0.7446771944739
 0.9418313855575
 0.7217946161847
 0.9461273557723
 0.6990614934565
 0.9500296698357
 0.6764814954968
 0.9535446325872
 0.6540581766192
 0.9566785069446
 0.6317949783930
 0.9594375136106
 0.6096952317548
 0.9618278308011
 0.5877621590817
 0.9638555939936
 0.5659988762270
 0.9655268956958
 0.5444083945188
 0.9668477852331
 0.5229936227232
 0.9678242685542
 0.5017573689715
 0.9684623080553
 0.4807023426521
 0.9687678224210
 0.4598311562689
 0.9687466864813
 0.4391463272656
 0.9684047310858
 0.4186502798168
 0.9677477429920
 0.3983453465872
 0.9667814647692
 0.3782337704578
 0.9655115947162
 0.3583177062218
 0.9639437867934
 0.3385992222491
 0.9620836505676
 0.3190803021205
 0.9599367511696
 0.2997628462328
 0.9575086092641
 0.2806486733735
 0.9548047010321
 0.2617395222680
 0.9518304581632
 0.2430370530980
 0.9485912678601
 0.2245428489922
 0.9450924728533
 0.2062584174903
 0.9413393714253
 0.1881851919792
 0.9373372174452
 0.1703245331045
 0.9330912204118
 0.1526777301549
 0.9286065455066
 0.1352460024217
 0.9238883136545
 0.1180305005340
 0.9189416015930
 0.1010323077685
 0.9137714419489
 0.0842524413362
 0.9083828233233
 0.0676918536448
 0.9027806903831
 0.0513514335387
 0.8969699439589
 0.0352320075154
 0.8909554411511
 0.0193343409209
 0.8847419954404
 0.0036591391213
 0.8783343768053
-0.0117929513450
 0.8717373118451
-0.0270213416381
 0.8649554839084
-0.0420254995069
 0.8579935332264
-0.0568049482002
 0.8508560570514
-0.0713592653980
 0.8435476097999
-0.0856880821623
 0.8360727032001
-0.0997910819071
 0.8284358064435
-0.1136679993874
 0.8206413463406
-0.1273186197067
 0.8126937074803
-0.1407427773432
 0.8045972323925
-0.1539403551935
 0.7963562217146
-0.1669112836340
 0.7879749343609
-0.1796555395995
 0.7794575876946
-0.1921731456792
 0.7708083577027
-0.2044641692288
 0.7620313791740
-0.2165287214992
 0.7531307458787
-0.2283669567816
 0.7441105107508
-0.2399790715676
 0.7349746860719
-0.2513653037254
 0.7257272436578
-0.2625259316911
 0.7163721150463
-0.2734612736746
 0.7069131916862
-0.2841716868803
 0.6973543251288
-0.2946575667424
 0.6876993272195
-0.3049193461738
 0.6779519702916
-0.3149574948294
 0.6681159873607
-0.3247725183823
 0.6581950723197
-0.3343649578139
 0.6481928801353
-0.3437353887169
 0.6381130270445
-0.3528844206108
 0.6279590907521
-0.3618126962705
 0.6177346106284
-0.3705208910669
 0.6074430879074
-0.3790097123195
 0.5970879858852
-0.3872798986615
 0.5866727301184
-0.3953322194155
 0.5762007086228
-0.4031674739816
 0.5656752720717
-0.4107864912364
 0.5550997339943
-0.4181901289426
 0.5444773709740
-0.4253792731701
 0.5338114228459
-0.4323548377268
 0.5231050928945
-0.4391177636005
 0.5123615480504
-0.4456690184108
 0.5015839190866
-0.4520095958703
 0.4907753008146
-0.4581405152568
 0.4799387522793
-0.4640628208938
 0.4690772969531
-0.4697775816413
 0.4581939229296
-0.4752858903950
 0.4472915831162
-0.4805888635955
 0.4363731954255
-0.4856876407452
 0.4254416429662
-0.4905833839348
 0.4144997742326
-0.4952772773776
 0.4035504032927
-0.4997705269526
 0.3925963099763
-0.5040643597551
 0.3816402400601
-0.5081600236561
 0.3706849054532
-0.5120587868687
 0.3597329843806
-0.5157619375223
 0.3487871215647
-0.5192707832450
 0.3378499284069
-0.5225866507520
 0.3269239831664
-0.5257108854423
 0.3160118311382
-0.5286448510018
 0.3051159848296
-0.5313899290135
 0.2942389241349
-0.5339475185740
 0.2833830965088
-0.5363190359170
 0.2725509171378
-0.5385059140433
 0.2617447691105
-0.5405096023561
 0.2509670035860
-0.5423315663037
 0.2402199399603
-0.5439732870273
 0.2295058660318
-0.5454362610147
 0.2188270381641
-0.5467219997605
 0.2081856814478
-0.5478320294305
 0.1975839898601
-0.5487678905329
 0.1870241264230
-0.5495311375939
 0.1765082233592
-0.5501233388388
 0.1660383822469
-0.5505460758781
 0.1556166741716
-0.5508009433988
 0.1452451398775
-0.5508895488600
 0.1349257899159
-0.5508135121935
 0.1246606047925
-0.5505744655089
 0.1144515351120
-0.5501740528032
 0.1043005017217
-0.5496139296745
 0.0942093958526
-0.5488957630405
 0.0841800792589
-0.5480212308600
 0.0742143843557
-0.5469920218596
 0.0643141143540
-0.5458098352638
 0.0544810433951
-0.5444763805282
 0.0447169166820
-0.5429933770776
 0.0350234506092
-0.5413625540469
 0.0254023328912
-0.5395856500250
 0.0158552226878
-0.5376644128034
 0.0063837507290
-0.5356005991268
-0.0030104805631
-0.5333959744474
-0.0123258969538
-0.5310523126820
-0.0215609522775
-0.5285713959724
-0.0307141283207
-0.5259550144484
-0.0397839347075
-0.5232049659933
-0.0487689087866
-0.5203230560124
-0.0576676155204
-0.5173110972044
-0.0664786473756
-0.5141709093343
-0.0752006242157
-0.5109043190095
-0.0838321931957
-0.5075131594579
-0.0923720286583
-0.5039992703083
-0.1008188320316
-0.5003644973725
-0.1091713317291
-0.4966106924303
-0.1174282830513
-0.4927397130153
-0.1255884680884
-0.4887534222034
-0.1336506956261
-0.4846536884032
-0.1416138010513
-0.4804423851469
-0.1494766462613
-0.4761213908844
-0.1572381195731
-0.4716925887776
-0.1648971356351
-0.4671578664971
-0.1724526353407
-0.4625191160195
-0.1799035857425
-0.4577782334267
-0.1872489799689
-0.4529371187058
-0.1944878371421
-0.4479976755505
-0.2016192022970
-0.4429618111637
-0.2086421463023
-0.4378314360606
-0.2155557657828
-0.4326084638732
-0.2223591830430
-0.4272948111553
-0.2290515459919
-0.4218923971887
-0.2356320280696
-0.4164031437897
-0.2420998281754
-0.4108289751163
-0.2484541705958
-0.4051718174765
-0.2546943049359
-0.3994335991365
-0.2608195060498
-0.3936162501292
-0.2668290739742
-0.3877217020642
-0.2727223338614
-0.3817518879368
-0.2784986359146
-0.3757087419380
-0.2841573553236
-0.3695941992648
-0.2896978922021
-0.3634101959301
-0.2951196715254
-0.3571586685730
-0.3004221430692
-0.3508415542692
-0.3056047813498
-0.3444607903414
-0.3106670855644
-0.3380183141694
-0.3156085795327
-0.3315160629999
-0.3204288116392
-0.3249559737568
-0.3251273547760
-0.3183399828507
-0.3297038062866
-0.3116700259880
-0.3341577879104
-0.3049480379803
-0.3384889457269
-0.2981759525527
-0.3426969501018
-0.2913557021520
-0.3467814956327
-0.2844892177545
-0.3507423010949
-0.2775784286731
-0.3545791093891
-0.2706252623638
-0.3582916874874
-0.2636316442319
-0.3618798263813
-0.2565994974369
-0.3653433410290
-0.2495307426976
-0.3686820703031
-0.2424272980955
-0.3718958769386
-0.2352910788781
-0.3749846474804
-0.2281239972612
-0.3779482922318
-0.2209279622304
-0.3807867452015
-0.2137048793414
-0.3834999640521
-0.2064566505197
-0.3860879300473
-0.1991851738596
-0.3885506479992
-0.1918923434213
-0.3908881462152
-0.1845800490283
-0.3931004764451
-0.1772501760624
-0.3951877138269
-0.1699046052588
-0.3971499568328
-0.1625452124994
-0.3989873272142
-0.1551738686053
-0.4006999699467
-0.1477924391279
-0.4022880531737
-0.1404027841393
-0.4037517681499
-0.1330067580210
-0.4050913291832
-0.1256062092520
-0.4063069735770
-0.1182029801951
-0.4073989615702
-0.1107989068824
-0.4083675762770
-0.1033958187995
-0.4092131236254
-0.0959955386681
-0.4099359322949
-0.0885998822282
-0.4105363536520
-0.0812106580177
-0.4110147616859
-0.0738296671524
-0.4113715529416
-0.0664587031034
-0.4116071464518
-0.0590995514737
-0.4117219836684
-0.0517539897736
-0.4117165283907
-0.0444237871948
-0.4115912666934
-0.0371107043832
-0.4113467068520
-0.0298164932103
-0.4109833792673
-0.0225428965436
-0.4105018363868
-0.0152916480158
-0.4099026526255
-0.0080644717921
-0.4091864242841
-0.0008630823374
-0.4083537694646
 0.0063108158190
-0.4074053279851
 0.0134555283186
-0.4063417612908
 0.0205693712114
-0.4051637523642
 0.0276506711933
-0.4038720056319
 0.0346977658462
-0.4024672468693
 0.0417090038779
-0.4009502231028
 0.0486827453638
-0.3993217025099
 0.0556173619895
-0.3975824743155
 0.0625112372945
-0.3957333486865
 0.0693627669165
-0.3937751566236
 0.0761703588376
-0.3917087498492
 0.0829324336300
-0.3895350006935
 0.0896474247041
-0.3872548019772
 0.0963137785567
-0.3848690668908
 0.1029299550196
-0.3823787288712
 0.1094944275101
-0.3797847414747
 0.1160056832809
-0.3770880782473
 0.1224622236720
-0.3742897325907
 0.1288625643621
-0.3713907176257
 0.1352052356216
-0.3683920660518
 0.1414887825647
-0.3652948300032
 0.1477117654036
-0.3621000809011
 0.1538727597022
-0.3588089093025
 0.1599703566300
-0.3554224247453
 0.1660031632164
-0.3519417555890
 0.1719698026061
-0.3483680488525
 0.1778689143130
-0.3447024700468
 0.1836991544759
-0.3409462030048
 0.1894591961125
-0.3371004497062
 0.1951477293750
-0.3331664300988
 0.2007634618042
-0.3291453819149
 0.2063051185842
-0.3250385604849
 0.2117714427964
-0.3208472385449
 0.2171611956732
-0.3165727060411
 0.2224731568512
-0.3122162699293
 0.2277061246240
-0.3077792539703
 0.2328589161942
-0.3032629985206
 0.2379303679245
-0.2986688603185
 0.2429193355884
-0.2939982122660
 0.2478246946195
-0.2892524432055
 0.2526453403599
-0.2844329576924
 0.2573801883080
-0.2795411757629
 0.2620281743640
-0.2745785326967
 0.2665882550751
-0.2695464787754
 0.2710594078788
-0.2644464790358
 0.2754406313445
-0.2592800130187
 0.2797309454141
-0.2540485745125
 0.2839293916396
-0.2487536712922
 0.2880350334206
-0.2433968248536
 0.2920469562380
-0.2379795701421
 0.2959642678870
-0.2325034552770
 0.2997860987069
-0.2269700412710
 0.3035116018095
-0.2213809017444
 0.3071399533039
-0.2157376226345
 0.3106703525198
-0.2100418018998
 0.3141020222276
-0.2042950492200
 0.3174342088555
-0.1984989856902
 0.3206661827043
-0.1926552435105
 0.3237972381583
-0.1867654656708
 0.3268266938938
-0.1808313056303
 0.3297538930837
-0.1748544269926
 0.3325782035989
-0.1688365031754
 0.3352990182060
-0.1627792170755
 0.3379157547618
-0.1566842607291
 0.3404278564027
-0.1505533349672
 0.3428347917320
-0.1443881490662
 0.3451360550012
-0.1381904203934
 0.3473311662883
-0.1319618740484
 0.3494196716713
-0.1257042424993
 0.3514011433974
-0.1194192652146
 0.3532751800470
-0.1131086882906
 0.3550414066939
-0.1067742640734
 0.3566994750596
-0.1004177507778
 0.3582490636635
-0.0940409121004
 0.3596898779669
-0.0876455168298
 0.3610216505126
-0.0812333384507
 0.3622441410589
-0.0748061547459
 0.3633571367074
-0.0683657473921
 0.3643604520262
-0.0619139015532
 0.3652539291660
-0.0554524054688
 0.3660374379715
-0.0489830500393
 0.3667108760860
-0.0425076284062
 0.3672741690497
-0.0360279355306
 0.3677272703923
-0.0295457677656
 0.3680701617184
-0.0230629224277
 0.3683028527872
-0.0165811973627
 0.3684253815844
-0.0101023905098
 0.3684378143885
-0.0036282994617
 0.3683402458291
 0.0028392789780
 0.3681327989388
 0.0092985492407
 0.3678156251980
 0.0157477174411
 0.3673889045716
 0.0221849918281
 0.3668528455395
 0.0286085832392
 0.3662076851188
 0.0350167055557
 0.3654536888783
 0.0414075761620
 0.3645911509463
 0.0477794164057
 0.3636203940092
 0.0541304520599
 0.3625417693038
 0.0604589137883
 0.3613556565997
 0.0667630376105
 0.3600624641757
 0.0730410653700
 0.3586626287865
 0.0792912452032
 0.3571566156217
 0.0855118320093
 0.3555449182566
 0.0917010879219
 0.3538280585945
 0.0978572827806
 0.3520065868005
 0.1039786946043
 0.3500810812263
 0.1100636100643
 0.3480521483278
 0.1161103249576
 0.3459204225719
 0.1221171446817
 0.3436865663369
 0.1280823847073
 0.3413512698020
 0.1340043710528
 0.3389152508295
 0.1398814407572
 0.3363792548376
 0.1457119423527
 0.3337440546638
 0.1514942363370
 0.3310104504205
 0.1572266956436
 0.3281792693400
 0.1629077061123
 0.3252513656124
 0.1685356669573
 0.3222276202130
 0.1741089912341
 0.3191089407210
 0.1796261063048
 0.3158962611296
 0.1850854543012
 0.3125905416468
 0.1904854925857
 0.3091927684869
 0.1958246942105
 0.3057039536529
 0.2011015483730
 0.3021251347106
 0.2063145608699
 0.2984573745527
 0.2114622545470
 0.2947017611545
 0.2165431697466
 0.2908594073204
 0.2215558647517
 0.2869314504214
 0.2264989162254
 0.2829190521237
 0.2313709196480
 0.2788233981087
 0.2361704897491
 0.2746456977836
 0.2408962609360
 0.2703871839837
 0.2455468877171
 0.2660491126655
 0.2501210451212
 0.2616327625921
 0.2546174291120
 0.2571394350083
 0.2590347569969
 0.2525704533093
 0.2633717678316
 0.2479271626990
 0.2676272228178
 0.2432109298412
 0.2717999056970
 0.2384231425020
 0.2758886231371
 0.2335652091842
 0.2798922051132
 0.2286385587536
 0.2838095052830
 0.2236446400572
 0.2876394013544
 0.2185849215336
 0.2913807954480
 0.2134608908162
 0.2950326144513
 0.2082740543275
 0.2985938103671
 0.2030259368674
 0.3020633606539
 0.1977180811932
 0.3054402685594
 0.1923520475928
 0.3087235634464
 0.1869294134503
 0.3119123011108
 0.1814517728056
 0.3150055640918
 0.1759207359062
 0.3180024619740
 0.1703379287534
 0.3209021316817
 0.1647049926410
 0.3237037377640
 0.1590235836887
 0.3264064726721
 0.1532953723687
 0.3290095570279
 0.1475220430266
 0.3315122398828
 0.1417052933969
 0.3339137989689
 0.1358468341122
 0.3362135409404
 0.1299483882076
 0.3384108016053
 0.1240116906198
 0.3405049461486
 0.1180384876810
 0.3424953693456
 0.1120305366084
 0.3443814957654
 0.1059896049886
 0.3461627799648
 0.0999174702583
 0.3478387066727
 0.0938159191799
 0.3494087909640
 0.0876867473143
 0.3508725784236
 0.0815317584889
 0.3522296453006
 0.0753527642627
 0.3534795986520
 0.0691515833881
 0.3546220764757
 0.0629300412692
 0.3556567478340
 0.0566899694179
 0.3565833129661
 0.0504332049066
 0.3574015033898
 0.0441615898194
 0.3581110819931
 0.0378769707003
 0.3587118431152
 0.0315811980002
 0.3592036126166
 0.0252761255218
 0.3595862479381
 0.0189636098632
 0.3598596381501
 0.0126455098601
 0.3600237039899
 0.0063236860275
