 0.3456844987428
 0.0000000000000
 0.3454566414851
-0.0126445438647
 0.3447733563997
-0.0252729284036
 0.3436355031247
-0.0378690153754
 0.3420445129751
-0.0504167086685
 0.3400023868248
-0.0628999752674
 0.3375116921476
-0.0753028661016
 0.3345755592265
-0.0876095367388
 0.3311976765387
-0.0998042678833
 0.3273822853300
-0.1118714856434
 0.3231341733898
-0.1237957815299
 0.3184586680442
-0.1355619321510
 0.3133616283816
-0.1471549185683
 0.3078494367334
-0.1585599452802
 0.3019289894264
-0.1697624587998
 0.2956076868326
-0.1807481657973
 0.2888934227382
-0.1915030507758
 0.2817945730574
-0.2020133932527
 0.2743199839185
-0.2122657844195
 0.2664789591481
-0.2222471432558
 0.2582812471849
-0.2319447320729
 0.2497370274506
-0.2413461714650
 0.2408568962105
-0.2504394546493
 0.2316518519543
-0.2592129611757
 0.2221332803299
-0.2676554699895
 0.2123129386628
-0.2757561718338
 0.2022029400946
-0.2835046809777
 0.1918157373744
-0.2908910462597
 0.1811641063353
-0.2979057614383
 0.1702611290929
-0.3045397748418
 0.1591201769963
-0.3107844983121
 0.1477548933676
-0.3166318154402
 0.1361791760627
-0.3220740890904
 0.1244071598864
-0.3271041682143
 0.1124531988942
-0.3317153939562
 0.1003318486144
-0.3359016050541
 0.0880578482198
-0.3396571425395
 0.0756461026822
-0.3429768537460
 0.0631116649376
-0.3458560956311
 0.0504697180935
-0.3482907374247
 0.0377355577043
-0.3502771626114
 0.0249245741441
-0.3518122702629
 0.0120522351012
-0.3528934757297
-0.0008659317784
-0.3535187107109
-0.0138143560764
-0.3536864227141
-0.0267774415933
-0.3533955739246
-0.0397395831224
-0.3526456394998
-0.0526851829881
-0.3514366053073
-0.0655986673286
-0.3497689651267
-0.0784645021046
-0.3476437173332
-0.0912672088195
-0.3450623610837
-0.1039913799336
-0.3420268920261
-0.1166216939599
-0.3385397975532
-0.1291429302292
-0.3346040516210
-0.1415399833119
-0.3302231091539
-0.1537978770880
-0.3254009000591
-0.1659017784553
-0.3201418228698
-0.1778370106697
-0.3144507380407
-0.1895890663106
-0.3083329609169
-0.2011436198657
-0.3017942543974
-0.2124865399335
-0.2948408213145
-0.2236039010384
-0.2874792965509
-0.2344819950580
-0.2797167389142
-0.2451073422624
-0.2715606227901
-0.2554667019647
-0.2630188295933
-0.2655470827852
-0.2540996390375
-0.2753357525316
-0.2448117202407
-0.2848202476978
-0.2351641226875
-0.2939883825859
-0.2251662670643
-0.3028282580564
-0.2148279359850
-0.3113282699121
-0.2041592646253
-0.3194771169222
-0.1931707312799
-0.3272638084933
-0.1818731478600
-0.3346776719953
-0.1702776503440
-0.3417083597511
-0.1583956891969
-0.3483458556969
-0.1462390197714
-0.3545804817246
-0.1338196927032
-0.3604029037148
-0.1211500443121
-0.3658041372706
-0.1082426870213
-0.3707755531626
-0.0951104998042
-0.3753088824962
-0.0817666186684
-0.3793962216122
-0.0682244271874
-0.3830300367316
-0.0544975470859
-0.3862031683560
-0.0405998288888
-0.3889088354362
-0.0265453426381
-0.3911406393193
-0.0123483686863
-0.3928925674875
 0.0019766114304
-0.3941589970994
 0.0164149240334
-0.3949346983472
 0.0309517122528
-0.3952148376394
 0.0455719448875
-0.3949949806238
 0.0602604251681
-0.3942710950606
 0.0750017994244
-0.3930395535582
 0.0897805656523
-0.3912971361833
 0.1045810819828
-0.3890410329574
 0.1193875750508
-0.3862688462503
 0.1341841482646
-0.3829785930825
 0.1489547899774
-0.3791687073485
 0.1636833815630
-0.3748380419696
 0.1783537053958
-0.3699858709903
 0.1929494527402
-0.3646118916259
 0.2074542315511
-0.3587162262735
 0.2218515741892
-0.3522994244964
 0.2361249450561
-0.3453624649909
 0.2502577481534
-0.3379067575460
 0.2642333345702
-0.3299341450054
 0.2780350099062
-0.3214469052411
 0.2916460416347
-0.3124477531459
 0.3050496664129
-0.3029398426567
 0.3182290973460
-0.2929267688134
 0.3311675312128
-0.2824125698638
 0.3438481556598
-0.2714017294219
 0.3562541563719
-0.2598991786858
 0.3683687242285
-0.2479102987249
 0.3801750624540
-0.2354409228406
 0.3916563937709
-0.2224973390092
 0.4027959675656
-0.2090862924123
 0.4135770670772
-0.1952149880611
 0.4239830166182
-0.1808910935204
 0.4339971888396
-0.1661227417375
 0.4436030120494
-0.1509185339816
 0.4527839775967
-0.1352875428980
 0.4615236473336
-0.1192393156821
 0.4698056611651
-0.1027838773773
 0.4776137447018
-0.0859317343007
 0.4849317170255
-0.0686938776001
 0.4917434985824
-0.0510817869465
 0.4980331192173
-0.0331074343632
 0.5037847263616
-0.0147832881968
 0.5089825933898
 0.0038776827702
 0.5136111281593
 0.0228620050610
 0.5176548817483
 0.0421556961001
 0.5210985574066
 0.0617442596601
 0.5239270197357
 0.0816126811609
 0.5261253041144
 0.1017454228175
 0.5276786263860
 0.1221264186393
 0.5285723928244
 0.1427390692785
 0.5287922103972
 0.1635662367298
 0.5283238973429
 0.1845902388807
 0.5271534940815
 0.2057928439149
 0.5252672744774
 0.2271552645700
 0.5226517574736
 0.2486581522514
 0.5192937191187
 0.2702815910049
 0.5151802050056
 0.2920050913520
 0.5102985431453
 0.3138075839897
 0.5046363572963
 0.3356674133606
 0.4981815807726
 0.3575623310963
 0.4909224707540
 0.3794694893407
 0.4828476231226
 0.4013654339573
 0.4739459878502
 0.4232260976286
 0.4642068849614
 0.4450267928525
 0.4536200211010
 0.4667422048454
 0.4421755067297
 0.4883463843591
 0.4298638739790
 0.5098127404201
 0.4166760951924
 0.5311140330035
 0.4026036021842
 0.5522223656490
 0.3876383062449
 0.5731091780339
 0.3717726189274
 0.5937452385127
 0.3549994736449
 0.6141006366393
 0.3373123481158
 0.6341447756845
 0.3187052876905
 0.6538463651657
 0.2991729295961
 0.6731734134049
 0.2787105281370
 0.6920932201341
 0.2573139808906
 0.7105723691660
 0.2349798559371
 0.7285767211523
 0.2117054201673
 0.7460714064509
 0.1874886687089
 0.7630208181265
 0.1623283555182
 0.7793886051099
 0.1362240251815
 0.7951376655425
 0.1091760459758
 0.8102301403373
 0.0811856442368
 0.8246274069844
 0.0522549400864
 0.8382900736379
 0.0223869845723
 0.8511779735160
-0.0084142017247
 0.8632501596556
-0.0401435885598
 0.8744649000591
-0.0727950943093
 0.8847796732783
-0.1063615426118
 0.8941511644800
-0.1408346173017
 0.9025352620441
-0.1762048155685
 0.9098870547439
-0.2124613992764
 0.9161608295665
-0.2495923443702
 0.9213100702313
-0.2875842882986
 0.9252874564703
-0.3264224753750
 0.9280448641367
-0.3660907000018
 0.9295333662147
-0.4065712476731
 0.9297032348050
-0.4478448336748
 0.9285039441685
-0.4898905393935
 0.9258841749146
-0.5326857461434
 0.9217918194247
-0.5762060664202
 0.9161739886110
-0.6204252724819
 0.9089770201121
-0.6653152221593
 0.9001464880396
-0.7108457817905
 0.8896272143903
-0.7569847461725
 0.8773632822526
-0.8036977554185
 0.8632980509388
-0.8509482086068
 0.8473741731868
-0.8986971740995
 0.8295336145821
-0.9469032964112
 0.8097176753614
-0.9955226994966
 0.7878670147693
-1.0445088863279
 0.7639216781512
-1.0938126346232
 0.7378211269756
-1.1433818885868
 0.7095042719937
-1.1931616465138
 0.6789095097561
-1.2430938441093
 0.6459747627200
-1.2931172333668
 0.6106375231980
-1.3431672568441
 0.5728349014124
-1.3931759171716
 0.5325036779383
-1.4430716416213
 0.4895803608365
-1.4927791415607
 0.4440012477961
-1.5422192666089
 0.3957024936282
-1.5913088533081
 0.3446201834734
-1.6399605681166
 0.2906904121110
-1.6880827445259
 0.2338493697801
-1.7355792140968
 0.1740334349533
-1.7823491312047
 0.1111792745286
-1.8282867912787
 0.0452239519387
-1.8732814423134
-0.0238949562927
-1.9172170894272
-0.0962392349815
-1.9599722922336
-0.0238949562927
 1.9172170894272
 0.0452239519387
 1.8732814423134
 0.1111792745286
 1.8282867912787
 0.1740334349533
 1.7823491312047
 0.2338493697801
 1.7355792140968
 0.2906904121110
 1.6880827445259
 0.3446201834734
 1.6399605681166
 0.3957024936282
 1.5913088533081
 0.4440012477961
 1.5422192666089
 0.4895803608365
 1.4927791415607
 0.5325036779383
 1.4430716416213
 0.5728349014124
 1.3931759171716
 0.6106375231980
 1.3431672568441
 0.6459747627200
 1.2931172333668
 0.6789095097561
 1.2430938441093
 0.7095042719937
 1.1931616465138
 0.7378211269756
 1.1433818885868
 0.7639216781512
 1.0938126346232
 0.7878670147693
 1.0445088863279
 0.8097176753614
 0.9955226994966
 0.8295336145821
 0.9469032964112
 0.8473741731868
 0.8986971740995
 0.8632980509388
 0.8509482086068
 0.8773632822526
 0.8036977554185
 0.8896272143903
 0.7569847461725
 0.9001464880396
 0.7108457817905
 0.9089770201121
 0.6653152221593
 0.9161739886110
 0.6204252724819
 0.9217918194247
 0.5762060664202
 0.9258841749146
 0.5326857461434
 0.9285039441685
 0.4898905393935
 0.9297032348050
 0.4478448336748
 0.9295333662147
 0.4065712476731
 0.9280448641367
 0.3660907000018
 0.9252874564703
 0.3264224753750
 0.9213100702313
 0.2875842882986
 0.9161608295665
 0.2495923443702
 0.9098870547439
 0.2124613992764
 0.9025352620441
 0.1762048155685
 0.8941511644800
 0.1408346173017
 0.8847796732783
 0.1063615426118
 0.8744649000591
 0.0727950943093
 0.8632501596556
 0.0401435885598
 0.8511779735160
 0.0084142017247
 0.8382900736379
-0.0223869845723
 0.8246274069844
-0.0522549400864
 0.8102301403373
-0.0811856442368
 0.7951376655425
-0.1091760459758
 0.7793886051099
-0.1362240251815
 0.7630208181265
-0.1623283555182
 0.7460714064509
-0.1874886687089
 0.7285767211523
-0.2117054201673
 0.7105723691660
-0.2349798559371
 0.6920932201341
-0.2573139808906
 0.6731734134049
-0.2787105281370
 0.6538463651657
-0.2991729295961
 0.6341447756845
-0.3187052876905
 0.6141006366393
-0.3373123481158
 0.5937452385127
-0.3549994736449
 0.5731091780339
-0.3717726189274
 0.5522223656490
-0.3876383062449
 0.5311140330035
-0.4026036021842
 0.5098127404201
-0.4166760951924
 0.4883463843591
-0.4298638739790
 0.4667422048454
-0.4421755067297
 0.4450267928525
-0.4536200211010
 0.4232260976286
-0.4642068849614
 0.4013654339573
-0.4739459878502
 0.3794694893407
-0.4828476231226
 0.3575623310963
-0.4909224707540
 0.3356674133606
-0.4981815807726
 0.3138075839897
-0.5046363572963
 0.2920050913520
-0.5102985431453
 0.2702815910049
-0.5151802050056
 0.2486581522514
-0.5192937191187
 0.2271552645700
-0.5226517574736
 0.2057928439149
-0.5252672744774
 0.1845902388807
-0.5271534940815
 0.1635662367298
-0.5283238973429
 0.1427390692785
-0.5287922103972
 0.1221264186393
-0.5285723928244
 0.1017454228175
-0.5276786263860
 0.0816126811609
-0.5261253041144
 0.0617442596601
-0.5239270197357
 0.0421556961001
-0.5210985574066
 0.0228620050610
-0.5176548817483
 0.0038776827702
-0.5136111281593
-0.0147832881968
-0.5089825933898
-0.0331074343632
-0.5037847263616
-0.0510817869465
-0.4980331192173
-0.0686938776001
-0.4917434985824
-0.0859317343007
-0.4849317170255
-0.1027838773773
-0.4776137447018
-0.1192393156821
-0.4698056611651
-0.1352875428980
-0.4615236473336
-0.1509185339816
-0.4527839775967
-0.1661227417375
-0.4436030120494
-0.1808910935204
-0.4339971888396
-0.1952149880611
-0.4239830166182
-0.2090862924123
-0.4135770670772
-0.2224973390092
-0.4027959675656
-0.2354409228406
-0.3916563937709
-0.2479102987249
-0.3801750624540
-0.2598991786858
-0.3683687242285
-0.2714017294219
-0.3562541563719
-0.2824125698638
-0.3438481556598
-0.2929267688134
-0.3311675312128
-0.3029398426567
-0.3182290973460
-0.3124477531459
-0.3050496664129
-0.3214469052411
-0.2916460416347
-0.3299341450054
-0.2780350099062
-0.3379067575460
-0.2642333345702
-0.3453624649909
-0.2502577481534
-0.3522994244964
-0.2361249450561
-0.3587162262735
-0.2218515741892
-0.3646118916259
-0.2074542315511
-0.3699858709903
-0.1929494527402
-0.3748380419696
-0.1783537053958
-0.3791687073485
-0.1636833815630
-0.3829785930825
-0.1489547899774
-0.3862688462503
-0.1341841482646
-0.3890410329574
-0.1193875750508
-0.3912971361833
-0.1045810819828
-0.3930395535582
-0.0897805656523
-0.3942710950606
-0.0750017994244
-0.3949949806238
-0.0602604251681
-0.3952148376394
-0.0455719448875
-0.3949346983472
-0.0309517122528
-0.3941589970994
-0.0164149240334
-0.3928925674875
-0.0019766114304
-0.3911406393193
 0.0123483686863
-0.3889088354362
 0.0265453426381
-0.3862031683560
 0.0405998288888
-0.3830300367316
 0.0544975470859
-0.3793962216122
 0.0682244271874
-0.3753088824962
 0.0817666186684
-0.3707755531626
 0.0951104998042
-0.3658041372706
 0.1082426870213
-0.3604029037148
 0.1211500443121
-0.3545804817246
 0.1338196927032
-0.3483458556969
 0.1462390197714
-0.3417083597511
 0.1583956891969
-0.3346776719953
 0.1702776503440
-0.3272638084933
 0.1818731478600
-0.3194771169222
 0.1931707312799
-0.3113282699121
 0.2041592646253
-0.3028282580564
 0.2148279359850
-0.2939883825859
 0.2251662670643
-0.2848202476978
 0.2351641226875
-0.2753357525316
 0.2448117202407
-0.2655470827852
 0.2540996390375
-0.2554667019647
 0.2630188295933
-0.2451073422624
 0.2715606227901
-0.2344819950580
 0.2797167389142
-0.2236039010384
 0.2874792965509
-0.2124865399335
 0.2948408213145
-0.2011436198657
 0.3017942543974
-0.1895890663106
 0.3083329609169
-0.1778370106697
 0.3144507380407
-0.1659017784553
 0.3201418228698
-0.1537978770880
 0.3254009000591
-0.1415399833119
 0.3302231091539
-0.1291429302292
 0.3346040516210
-0.1166216939599
 0.3385397975532
-0.1039913799336
 0.3420268920261
-0.0912672088195
 0.3450623610837
-0.0784645021046
 0.3476437173332
-0.0655986673286
 0.3497689651267
-0.0526851829881
 0.3514366053073
-0.0397395831224
 0.3526456394998
-0.0267774415933
 0.3533955739246
-0.0138143560764
 0.3536864227141
-0.0008659317784
 0.3535187107109
 0.0120522351012
 0.3528934757297
 0.0249245741441
 0.3518122702629
 0.0377355577043
 0.3502771626114
 0.0504697180935
 0.3482907374247
 0.0631116649376
 0.3458560956311
 0.0756461026822
 0.3429768537460
 0.0880578482198
 0.3396571425395
 0.1003318486144
 0.3359016050541
 0.1124531988942
 0.3317153939562
 0.1244071598864
 0.3271041682143
 0.1361791760627
 0.3220740890904
 0.1477548933676
 0.3166318154402
 0.1591201769963
 0.3107844983121
 0.1702611290929
 0.3045397748418
 0.1811641063353
 0.2979057614383
 0.1918157373744
 0.2908910462597
 0.2022029400946
 0.2835046809777
 0.2123129386628
 0.2757561718338
 0.2221332803299
 0.2676554699895
 0.2316518519543
 0.2592129611757
 0.2408568962105
 0.2504394546493
 0.2497370274506
 0.2413461714650
 0.2582812471849
 0.2319447320729
 0.2664789591481
 0.2222471432558
 0.2743199839185
 0.2122657844195
 0.2817945730574
 0.2020133932527
 0.2888934227382
 0.1915030507758
 0.2956076868326
 0.1807481657973
 0.3019289894264
 0.1697624587998
 0.3078494367334
 0.1585599452802
 0.3133616283816
 0.1471549185683
 0.3184586680442
 0.1355619321510
 0.3231341733898
 0.1237957815299
 0.3273822853300
 0.1118714856434
 0.3311976765387
 0.0998042678833
 0.3345755592265
 0.0876095367388
 0.3375116921476
 0.0753028661016
 0.3400023868248
 0.0628999752674
 0.3420445129751
 0.0504167086685
 0.3436355031247
 0.0378690153754
 0.3447733563997
 0.0252729284036
 0.3454566414851
 0.0126445438647
