 0.5760975358016
 0.0000000000000
 0.5739110774160
-0.0505287161225
 0.5673675386344
-0.1006856631454
 0.5565142936466
-0.1501018624558
 0.5414298515852
-0.1984138865111
 0.5222231914847
-0.2452665601836
 0.4990328445239
-0.2903155746496
 0.4720257364719
-0.3332299872433
 0.4413958064196
-0.3736945828048
 0.4073624206677
-0.4114120745723
 0.3701686030036
-0.4461051255322
 0.3300791044923
-0.4775181742674
 0.2873783372990
-0.5054190526529
 0.2423681979440
-0.5296003861581
 0.1953658057666
-0.5498807709353
 0.1467011822621
-0.5661057252346
 0.0967148963730
-0.5781484159108
 0.0457556998227
-0.5859101638061
-0.0058218247992
-0.5893207345637
-0.0576595821793
-0.5883384238927
-0.1093982295843
-0.5829499484384
-0.1606793724082
-0.5731701551955
-0.2111476753356
-0.5590415638146
-0.2604528768563
-0.5406337572046
-0.3082516972579
-0.5180426365276
-0.3542096325817
-0.4913895570366
-0.3980026293178
-0.4608203612451
-0.4393186367874
-0.4265043256684
-0.4778590362001
-0.3886330368694
-0.5133399472363
-0.3474192118151
-0.5454934146897
-0.3030954766399
-0.5740684791910
-0.2559131168429
-0.5988321373166
-0.2061408107726
-0.6195701974717
-0.1540633569859
-0.6360880388201
-0.0999804047484
-0.6482112812295
-0.0442051956024
-0.6557863747192
 0.0129366774265
-0.6586811172454
 0.0711084877421
-0.6567851098643
 0.1299635662755
-0.6500101583758
 0.1891464630845
-0.6382906304986
 0.2482940779811
-0.6215837774715
 0.3070367598472
-0.5998700287309
 0.3649993753824
-0.5731532679985
 0.4218023490330
-0.5414610987358
 0.4770626768002
-0.5048451064963
 0.5303949175058
-0.4633811252489
 0.5814121659230
-0.4171695142517
 0.6297270129491
-0.3663354515513
 0.6749524987317
-0.3110292496557
 0.7167030653472
-0.2514266983990
 0.7545955162998
-0.1877294394747
 0.7882499907513
-0.1201653765698
 0.8172909610306
-0.0489891244824
 0.8413482626092
 0.0255174999524
 0.8600581663765
 0.1030449428729
 0.8730645037193
 0.1832553326612
 0.8800198556129
 0.2657818524049
 0.8805868176743
 0.3502280651080
 0.8744393539318
 0.4361671918846
 0.8612642529256
 0.5231413440809
 0.8407627007005
 0.6106607110562
 0.8126519862822
 0.6982027062064
 0.7766673563627
 0.7852110747671
 0.7325640371682
 0.8710949679975
 0.6801194428606
 0.9552279895483
 0.6191355913392
 1.0369472211863
 0.5494417499877
 1.1155522366065
 0.4708973357521
 1.1903041138567
 0.3833950959728
 1.2604244589594
 0.2868645986225
 1.3250944556933
 0.1812760630622
 1.3834539592414
 0.0666445651086
 1.4346006545908
-0.0569653468485
 1.4775893042363
-0.1894345847351
 1.5114311139943
-0.3305839592556
 1.5350932506417
-0.4801680767057
 1.5474985507788
-0.6378686428173
 1.5475254668701
-0.8032871178935
 1.5340083039897
-0.9759366627440
 1.5057378095117
-1.1552333098359
 1.4614621880246
-1.3404862886433
 1.3998886252649
-1.5308874283924
 1.3196854180760
-1.7254995552611
 1.2194848225058
-1.9232437945856
 1.0978867493984
-2.1228856817418
 0.9534634564664
-2.3230199780525
 0.7847654081155
-2.5220540802654
 0.5903284995395
-2.7181899037113
 0.3686828701017
-2.9094041099789
 0.1183635631388
-3.0934265394782
-0.1620766745852
-3.2677166970577
 0.1183635631388
 3.0934265394782
 0.3686828701017
 2.9094041099789
 0.5903284995395
 2.7181899037113
 0.7847654081155
 2.5220540802654
 0.9534634564664
 2.3230199780525
 1.0978867493984
 2.1228856817418
 1.2194848225058
 1.9232437945856
 1.3196854180760
 1.7254995552611
 1.3998886252649
 1.5308874283924
 1.4614621880246
 1.3404862886433
 1.5057378095117
 1.1552333098359
 1.5340083039897
 0.9759366627440
 1.5475254668701
 0.8032871178935
 1.5474985507788
 0.6378686428173
 1.5350932506417
 0.4801680767057
 1.5114311139943
 0.3305839592556
 1.4775893042363
 0.1894345847351
 1.4346006545908
 0.0569653468485
 1.3834539592414
-0.0666445651086
 1.3250944556933
-0.1812760630622
 1.2604244589594
-0.2868645986225
 1.1903041138567
-0.3833950959728
 1.1155522366065
-0.4708973357521
 1.0369472211863
-0.5494417499877
 0.9552279895483
-0.6191355913392
 0.8710949679975
-0.6801194428606
 0.7852110747671
-0.7325640371682
 0.6982027062064
-0.7766673563627
 0.6106607110562
-0.8126519862822
 0.5231413440809
-0.8407627007005
 0.4361671918846
-0.8612642529256
 0.3502280651080
-0.8744393539318
 0.2657818524049
-0.8805868176743
 0.1832553326612
-0.8800198556129
 0.1030449428729
-0.8730645037193
 0.0255174999524
-0.8600581663765
-0.0489891244824
-0.8413482626092
-0.1201653765698
-0.8172909610306
-0.1877294394747
-0.7882499907513
-0.2514266983990
-0.7545955162998
-0.3110292496557
-0.7167030653472
-0.3663354515513
-0.6749524987317
-0.4171695142517
-0.6297270129491
-0.4633811252489
-0.5814121659230
-0.5048451064963
-0.5303949175058
-0.5414610987358
-0.4770626768002
-0.5731532679985
-0.4218023490330
-0.5998700287309
-0.3649993753824
-0.6215837774715
-0.3070367598472
-0.6382906304986
-0.2482940779811
-0.6500101583758
-0.1891464630845
-0.6567851098643
-0.1299635662755
-0.6586811172454
-0.0711084877421
-0.6557863747192
-0.0129366774265
-0.6482112812295
 0.0442051956024
-0.6360880388201
 0.0999804047484
-0.6195701974717
 0.1540633569859
-0.5988321373166
 0.2061408107726
-0.5740684791910
 0.2559131168429
-0.5454934146897
 0.3030954766399
-0.5133399472363
 0.3474192118151
-0.4778590362001
 0.3886330368694
-0.4393186367874
 0.4265043256684
-0.3980026293178
 0.4608203612451
-0.3542096325817
 0.4913895570366
-0.3082516972579
 0.5180426365276
-0.2604528768563
 0.5406337572046
-0.2111476753356
 0.5590415638146
-0.1606793724082
 0.5731701551955
-0.1093982295843
 0.5829499484384
-0.0576595821793
 0.5883384238927
-0.0058218247992
 0.5893207345637
 0.0457556998227
 0.5859101638061
 0.0967148963730
 0.5781484159108
 0.1467011822621
 0.5661057252346
 0.1953658057666
 0.5498807709353
 0.2423681979440
 0.5296003861581
 0.2873783372990
 0.5054190526529
 0.3300791044923
 0.4775181742674
 0.3701686030036
 0.4461051255322
 0.4073624206677
 0.4114120745723
 0.4413958064196
 0.3736945828048
 0.4720257364719
 0.3332299872433
 0.4990328445239
 0.2903155746496
 0.5222231914847
 0.2452665601836
 0.5414298515852
 0.1984138865111
 0.5565142936466
 0.1501018624558
 0.5673675386344
 0.1006856631454
 0.5739110774160
 0.0505287161225
