 0.3456844987428
 0.0000000000000
 0.3456275299480
-0.0063232821374
 0.3454566414851
-0.0126445438647
 0.3451718871113
-0.0189617654310
 0.3447733563997
-0.0252729284036
 0.3442611747067
-0.0315760163259
 0.3436355031247
-0.0378690153754
 0.3428965384230
-0.0441499150191
 0.3420445129751
-0.0504167086685
 0.3410796946722
-0.0566673943325
 0.3400023868248
-0.0628999752674
 0.3388129280501
-0.0691124606258
 0.3375116921476
-0.0753028661016
 0.3360990879608
-0.0814692145724
 0.3345755592265
-0.0876095367388
 0.3329415844120
-0.0937218717595
 0.3311976765387
-0.0998042678833
 0.3293443829939
-0.1058547830760
 0.3273822853300
-0.1118714856434
 0.3253119990514
-0.1178524548496
 0.3231341733898
-0.1237957815299
 0.3208494910666
-0.1296995686985
 0.3184586680442
-0.1355619321510
 0.3159624532655
-0.1413810010606
 0.3133616283816
-0.1471549185683
 0.3106570074689
-0.1528818423674
 0.3078494367334
-0.1585599452802
 0.3049397942062
-0.1641874158290
 0.3019289894264
-0.1697624587998
 0.2988179631140
-0.1752832957979
 0.2956076868326
-0.1807481657973
 0.2922991626416
-0.1861553256814
 0.2888934227382
-0.1915030507758
 0.2853915290899
-0.1967896353739
 0.2817945730574
-0.2020133932527
 0.2781036750077
-0.2071726581811
 0.2743199839185
-0.2122657844195
 0.2704446769732
-0.2172911472095
 0.2664789591481
-0.2222471432558
 0.2624240627896
-0.2271321911980
 0.2582812471849
-0.2319447320729
 0.2540517981232
-0.2366832297681
 0.2497370274506
-0.2413461714650
 0.2453382726159
-0.2459320680722
 0.2408568962105
-0.2504394546493
 0.2362942855010
-0.2548668908201
 0.2316518519543
-0.2592129611757
 0.2269310307574
-0.2634762756675
 0.2221332803299
-0.2676554699895
 0.2172600818314
-0.2717492059502
 0.2123129386628
-0.2757561718338
 0.2072933759619
-0.2796750827508
 0.2022029400946
-0.2835046809777
 0.1970431981406
-0.2872437362859
 0.1918157373744
-0.2908910462597
 0.1865221647423
-0.2944454366037
 0.1811641063353
-0.2979057614383
 0.1757432068578
-0.3012709035854
 0.1702611290929
-0.3045397748418
 0.1647195533645
-0.3077113162424
 0.1591201769963
-0.3107844983121
 0.1534647137676
-0.3137583213062
 0.1477548933676
-0.3166318154402
 0.1419924608459
-0.3194040411082
 0.1361791760627
-0.3220740890904
 0.1303168131357
-0.3246410807491
 0.1244071598864
-0.3271041682143
 0.1184520172850
-0.3294625345577
 0.1124531988942
-0.3317153939562
 0.1064125303120
-0.3338619918440
 0.1003318486144
-0.3359016050541
 0.0942130017975
-0.3378335419487
 0.0880578482198
-0.3396571425395
 0.0818682560445
-0.3413717785964
 0.0756461026822
-0.3429768537460
 0.0693932742343
-0.3444718035597
 0.0631116649376
-0.3458560956311
 0.0568031766092
-0.3471292296431
 0.0504697180935
-0.3482907374247
 0.0441132047102
-0.3493401829972
 0.0377355577043
-0.3502771626114
 0.0313387036979
-0.3511013047738
 0.0249245741441
-0.3518122702629
 0.0184951047830
-0.3524097521367
 0.0120522351012
-0.3528934757297
 0.0055979077922
-0.3532631986406
-0.0008659317784
-0.3535187107109
-0.0073373361060
-0.3536598339937
-0.0138143560764
-0.3536864227141
-0.0202950414918
-0.3535983632201
-0.0267774415933
-0.3533955739246
-0.0332596055796
-0.3530780052395
-0.0397395831224
-0.3526456394998
-0.0462154248766
-0.3520984908811
-0.0526851829881
-0.3514366053073
-0.0591469115955
-0.3506600603512
-0.0655986673286
-0.3497689651267
-0.0720385098021
-0.3487634601734
-0.0784645021046
-0.3476437173332
-0.0848747112825
-0.3464099396205
-0.0912672088195
-0.3450623610837
-0.0976400711111
-0.3436012466605
-0.1039913799336
-0.3420268920261
-0.1103192229081
-0.3403396234346
-0.1166216939599
-0.3385397975532
-0.1228968937710
-0.3366278012912
-0.1291429302292
-0.3346040516210
-0.1353579188695
-0.3324689953948
-0.1415399833119
-0.3302231091539
-0.1476872556923
-0.3278668989332
-0.1537978770880
-0.3254009000591
-0.1598699979376
-0.3228256769433
-0.1659017784553
-0.3201418228698
-0.1718913890383
-0.3173499597781
-0.1778370106697
-0.3144507380407
-0.1837368353147
-0.3114448362360
-0.1895890663106
-0.3083329609169
-0.1953919187513
-0.3051158463744
-0.2011436198657
-0.3017942543974
-0.2068424093899
-0.2983689740283
-0.2124865399335
-0.2948408213145
-0.2180742773394
-0.2912106390562
-0.2236039010384
-0.2874792965509
-0.2290737043966
-0.2836476893334
-0.2344819950580
-0.2797167389142
-0.2398270952798
-0.2756873925129
-0.2451073422624
-0.2715606227901
-0.2503210884733
-0.2673374275753
-0.2554667019647
-0.2630188295933
-0.2605425666850
-0.2586058761868
-0.2655470827852
-0.2540996390375
-0.2704786669179
-0.2495012138844
-0.2753357525316
-0.2448117202407
-0.2801167901589
-0.2400323011076
-0.2848202476978
-0.2351641226875
-0.2894446106891
-0.2302083740946
-0.2939883825859
-0.2251662670643
-0.2984500850192
-0.2200390356610
-0.3028282580564
-0.2148279359850
-0.3071214604554
-0.2095342458775
-0.3113282699121
-0.2041592646253
-0.3154472833031
-0.1987043126638
-0.3194771169222
-0.1931707312799
-0.3234164067128
-0.1875598823138
-0.3272638084933
-0.1818731478600
-0.3310179981785
-0.1761119299683
-0.3346776719953
-0.1702776503440
-0.3382415466935
-0.1643717500480
-0.3417083597511
-0.1583956891969
-0.3450768695750
-0.1523509466624
-0.3483458556969
-0.1462390197714
-0.3515141189638
-0.1400614240060
-0.3545804817246
-0.1338196927032
-0.3575437880110
-0.1275153767556
-0.3604029037148
-0.1211500443121
-0.3631567167600
-0.1147252804789
-0.3658041372706
-0.1082426870213
-0.3683440977345
-0.1017038820661
-0.3707755531626
-0.0951104998042
-0.3730974812437
-0.0884641901945
-0.3753088824962
-0.0817666186684
-0.3774087804144
-0.0750194658350
-0.3793962216122
-0.0682244271874
-0.3812702759623
-0.0613832128098
-0.3830300367316
-0.0544975470859
-0.3846746207135
-0.0475691684084
-0.3862031683560
-0.0405998288888
-0.3876148438872
-0.0335912940699
-0.3889088354362
-0.0265453426381
-0.3900843551523
-0.0194637661377
-0.3911406393193
-0.0123483686863
-0.3920769484686
-0.0052009666916
-0.3928925674875
 0.0019766114304
-0.3935868057258
 0.0091825255362
-0.3941589970994
 0.0164149240334
-0.3946085001908
 0.0236719441584
-0.3949346983472
 0.0309517122528
-0.3951369997763
 0.0382523440379
-0.3952148376394
 0.0455719448875
-0.3951676701423
 0.0529086101000
-0.3949949806238
 0.0602604251681
-0.3946962776424
 0.0676254660477
-0.3942710950606
 0.0750017994244
-0.3937189921272
 0.0823874829792
-0.3930395535582
 0.0897805656523
-0.3922323896153
 0.0971790879055
-0.3912971361833
 0.1045810819828
-0.3902334548455
 0.1119845721698
-0.3890410329574
 0.1193875750508
-0.3877195837200
 0.1267880997659
-0.3862688462503
 0.1341841482646
-0.3846885856516
 0.1415737155594
-0.3829785930825
 0.1489547899774
-0.3811386858245
 0.1563253534103
-0.3791687073485
 0.1636833815630
-0.3770685273811
 0.1710268442009
-0.3748380419696
 0.1783537053958
-0.3724771735458
 0.1856619237701
-0.3699858709903
 0.1929494527402
-0.3673641096950
 0.2002142407579
-0.3646118916259
 0.2074542315511
-0.3617292453853
 0.2146673643628
-0.3587162262735
 0.2218515741892
-0.3555729163503
 0.2290047920164
-0.3522994244964
 0.2361249450561
-0.3488958864746
 0.2432099569800
-0.3453624649909
 0.2502577481534
-0.3416993497559
 0.2572662358673
-0.3379067575460
 0.2642333345702
-0.3339849322649
 0.2711569560986
-0.3299341450054
 0.2780350099062
-0.3257546941116
 0.2848654032934
-0.3214469052411
 0.2916460416347
-0.3170111314278
 0.2983748286064
-0.3124477531459
 0.3050496664129
-0.3077571783734
 0.3116684560132
-0.3029398426567
 0.3182290973460
-0.2979962091765
 0.3247294895549
-0.2929267688134
 0.3311675312128
-0.2877320402150
 0.3375411205465
-0.2824125698638
 0.3438481556598
-0.2769689321462
 0.3500865347583
-0.2714017294219
 0.3562541563719
-0.2657115920949
 0.3623489195787
-0.2598991786858
 0.3683687242285
-0.2539651759045
 0.3743114711658
-0.2479102987249
 0.3801750624540
-0.2417352904603
 0.3859574015984
-0.2354409228406
 0.3916563937709
-0.2290279960905
 0.3972699460339
-0.2224973390092
 0.4027959675656
-0.2158498090519
 0.4082323698848
-0.2090862924123
 0.4135770670772
-0.2022077041069
 0.4188279760217
-0.1952149880611
 0.4239830166182
-0.1881091171965
 0.4290401120153
-0.1808910935204
 0.4339971888396
-0.1735619482164
 0.4388521774262
-0.1661227417375
 0.4436030120494
-0.1585745639003
 0.4482476311556
-0.1509185339816
 0.4527839775967
-0.1431558008163
 0.4572099988659
-0.1352875428980
 0.4615236473336
-0.1273149684804
 0.4657228804860
-0.1192393156821
 0.4698056611651
-0.1110618525919
 0.4737699578103
-0.1027838773773
 0.4776137447018
-0.0944067183945
 0.4813350022065
-0.0859317343007
 0.4849317170255
-0.0773603141679
 0.4884018824437
-0.0686938776001
 0.4917434985824
-0.0599338748513
 0.4949545726537
-0.0510817869465
 0.4980331192173
-0.0421391258044
 0.5009771604409
-0.0331074343632
 0.5037847263616
-0.0239882867071
 0.5064538551525
-0.0147832881968
 0.5089825933898
-0.0054940756007
 0.5113689963251
 0.0038776827702
 0.5136111281593
 0.0133302869265
 0.5157070623212
 0.0228620050610
 0.5176548817483
 0.0324710734082
 0.5194526791721
 0.0421556961001
 0.5210985574066
 0.0519140450212
 0.5225906296409
 0.0617442596601
 0.5239270197357
 0.0716444469590
 0.5251058625237
 0.0816126811609
 0.5261253041144
 0.0916470036547
 0.5269835022035
 0.1017454228175
 0.5276786263860
 0.1119059138550
 0.5282088584750
 0.1221264186393
 0.5285723928244
 0.1324048455441
 0.5287674366570
 0.1427390692785
 0.5287922103972
 0.1531269307173
 0.5286449480098
 0.1635662367298
 0.5283238973429
 0.1740547600060
 0.5278273204774
 0.1845902388807
 0.5271534940815
 0.1951703771547
 0.5263007097713
 0.2057928439149
 0.5252672744774
 0.2164552733508
 0.5240515108170
 0.2271552645700
 0.5226517574736
 0.2378903814105
 0.5210663695816
 0.2486581522514
 0.5192937191187
 0.2594560698214
 0.5173321953043
 0.2702815910049
 0.5151802050056
 0.2811321366463
 0.5128361731499
 0.2920050913520
 0.5102985431453
 0.3028978032903
 0.5075657773077
 0.3138075839897
 0.5046363572963
 0.3247317081349
 0.5015087845569
 0.3356674133606
 0.4981815807726
 0.3466119000443
 0.4946532883234
 0.3575623310963
 0.4909224707540
 0.3685158317484
 0.4869877132499
 0.3794694893407
 0.4828476231226
 0.3904203531068
 0.4785008303042
 0.4013654339573
 0.4739459878502
 0.4123017042617
 0.4691817724523
 0.4232260976286
 0.4642068849614
 0.4341355086847
 0.4590200509193
 0.4450267928525
 0.4536200211010
 0.4558967661259
 0.4480055720678
 0.4667422048455
 0.4421755067297
 0.4775598454720
 0.4361286549199
 0.4883463843591
 0.4298638739790
 0.4990984775243
 0.4233800493513
 0.5098127404201
 0.4166760951924
 0.5204857477032
 0.4097509549878
 0.5311140330035
 0.4026036021842
 0.5416940886921
 0.3952330408329
 0.5522223656490
 0.3876383062449
 0.5626952730301
 0.3798184656601
 0.5731091780339
 0.3717726189274
 0.5834604056673
 0.3634998992005
 0.5937452385127
 0.3549994736449
 0.6039599164932
 0.3462705441602
 0.6141006366393
 0.3373123481158
 0.6241635528550
 0.3281241591011
 0.6341447756845
 0.3187052876905
 0.6440403720793
 0.3090550822227
 0.6538463651657
 0.2991729295961
 0.6635587340135
 0.2890582560792
 0.6731734134049
 0.2787105281370
 0.6826862936053
 0.2681292532735
 0.6920932201341
 0.2573139808906
 0.7013899935382
 0.2462643031642
 0.7105723691660
 0.2349798559371
 0.7196360569435
 0.2234603196295
 0.7285767211523
 0.2117054201673
 0.7373899802097
 0.1997149299286
 0.7460714064509
 0.1874886687089
 0.7546165259138
 0.1750265047050
 0.7630208181265
 0.1623283555182
 0.7712797158977
 0.1493941891773
 0.7793886051099
 0.1362240251815
 0.7873428245166
 0.1228179355639
 0.7951376655425
 0.1091760459758
 0.8027683720880
 0.0952985367916
 0.8102301403373
 0.0811856442368
 0.8175181185711
 0.0668376615362
 0.8246274069844
 0.0522549400864
 0.8315530575084
 0.0374378906497
 0.8382900736379
 0.0223869845723
 0.8448334102647
 0.0071027550264
 0.8511779735160
-0.0084142017247
 0.8573186205997
-0.0241632250348
 0.8632501596556
-0.0401435885598
 0.8689673496136
-0.0563544989152
 0.8744649000591
-0.0727950943093
 0.8797374711063
-0.0894644431475
 0.8847796732783
-0.1063615426118
 0.8895860673969
-0.1234853172107
 0.8941511644800
-0.1408346173017
 0.8984694256489
-0.1584082175852
 0.9025352620441
-0.1762048155685
 0.9063430347526
-0.1942230300008
 0.9098870547439
-0.2124613992764
 0.9131615828185
-0.2309183798085
 0.9161608295665
-0.2495923443702
 0.9188789553390
-0.2684815804042
 0.9213100702313
-0.2875842882986
 0.9234482340795
-0.3068985796305
 0.9252874564703
-0.3264224753750
 0.9268216967646
-0.3461539040793
 0.9280448641367
-0.3660907000018
 0.9289508176276
-0.3862306012152
 0.9295333662147
-0.4065712476731
 0.9297862688984
-0.4271101792384
 0.9297032348050
-0.4478448336748
 0.9292779233081
-0.4687725445991
 0.9285039441685
-0.4898905393935
 0.9273748576932
-0.5111959370782
 0.9258841749146
-0.5326857461434
 0.9240253577902
-0.5543568623386
 0.9217918194247
-0.5762060664202
 0.9191769243137
-0.5982300218553
 0.9161739886110
-0.6204252724819
 0.9127762804204
-0.6427882401236
 0.9089770201121
-0.6653152221593
 0.9047693806658
-0.6880023890452
 0.9001464880396
-0.7108457817905
 0.8951014215685
-0.7338413093842
 0.8896272143903
-0.7569847461725
 0.8837168539031
-0.7802717291864
 0.8773632822526
-0.8036977554185
 0.8705593968527
-0.8272581790468
 0.8632980509388
-0.8509482086068
 0.8555720541569
-0.8747629041084
 0.8473741731868
-0.8986971740995
 0.8386971324047
-0.9227457726718
 0.8295336145821
-0.9469032964112
 0.8198762616264
-0.9711641812893
 0.8097176753614
-0.9955226994966
 0.7990504183514
-1.0199729562146
 0.7878670147693
-1.0445088863279
 0.7761599513098
-1.0691242510727
 0.7639216781511
-1.0938126346232
 0.7511446099646
-1.1185674406123
 0.7378211269756
-1.1433818885868
 0.7239435760763
-1.1682490103966
 0.7095042719937
-1.1931616465138
 0.6944954985124
-1.2181124422847
 0.6789095097561
-1.2430938441093
 0.6627385315293
-1.2680980955500
 0.6459747627200
-1.2931172333668
 0.6286103767681
-1.3181430834777
 0.6106375231980
-1.3431672568441
 0.5920483292220
-1.3681811452780
 0.5728349014124
-1.3931759171716
 0.5529893274485
-1.4181425131464
 0.5325036779383
-1.4430716416213
 0.5113700083186
-1.4679537742977
 0.4895803608365
-1.4927791415607
 0.4671267666133
-1.5175377277941
 0.4440012477961
-1.5422192666089
 0.4201958197975
-1.5668132359826
 0.3957024936282
-1.5913088533081
 0.3705132783242
-1.6156950703517
 0.3446201834734
-1.6399605681166
 0.3180152218427
-1.6640937516120
 0.2906904121110
-1.6880827445259
 0.2626377817105
-1.7119153837984
 0.2338493697801
-1.7355792140968
 0.2043172302346
-1.7590614821873
 0.1740334349533
-1.7823491312047
 0.1429900770933
-1.8054287948162
 0.1111792745286
-1.8282867912787
 0.0785931734232
-1.8509091173872
 0.0452239519387
-1.8732814423134
 0.0110638240835
-1.8953891013308
-0.0238949562927
-1.9172170894272
-0.0596600913546
-1.9387500547998
-0.0962392349815
-1.9599722922336
-0.0596600913546
 1.9387500547998
-0.0238949562927
 1.9172170894272
 0.0110638240835
 1.8953891013308
 0.0452239519387
 1.8732814423134
 0.0785931734232
 1.8509091173872
 0.1111792745286
 1.8282867912787
 0.1429900770933
 1.8054287948162
 0.1740334349533
 1.7823491312047
 0.2043172302346
 1.7590614821873
 0.2338493697801
 1.7355792140968
 0.2626377817105
 1.7119153837984
 0.2906904121110
 1.6880827445259
 0.3180152218427
 1.6640937516120
 0.3446201834734
 1.6399605681166
 0.3705132783242
 1.6156950703517
 0.3957024936282
 1.5913088533081
 0.4201958197975
 1.5668132359826
 0.4440012477961
 1.5422192666089
 0.4671267666133
 1.5175377277941
 0.4895803608365
 1.4927791415607
 0.5113700083186
 1.4679537742977
 0.5325036779383
 1.4430716416213
 0.5529893274485
 1.4181425131464
 0.5728349014124
 1.3931759171716
 0.5920483292220
 1.3681811452780
 0.6106375231980
 1.3431672568441
 0.6286103767681
 1.3181430834777
 0.6459747627200
 1.2931172333668
 0.6627385315293
 1.2680980955500
 0.6789095097561
 1.2430938441093
 0.6944954985124
 1.2181124422847
 0.7095042719937
 1.1931616465138
 0.7239435760763
 1.1682490103966
 0.7378211269756
 1.1433818885868
 0.7511446099646
 1.1185674406123
 0.7639216781511
 1.0938126346232
 0.7761599513098
 1.0691242510727
 0.7878670147693
 1.0445088863279
 0.7990504183514
 1.0199729562146
 0.8097176753614
 0.9955226994966
 0.8198762616264
 0.9711641812893
 0.8295336145821
 0.9469032964112
 0.8386971324047
 0.9227457726718
 0.8473741731868
 0.8986971740995
 0.8555720541569
 0.8747629041084
 0.8632980509388
 0.8509482086068
 0.8705593968527
 0.8272581790468
 0.8773632822526
 0.8036977554185
 0.8837168539031
 0.7802717291864
 0.8896272143903
 0.7569847461725
 0.8951014215685
 0.7338413093842
 0.9001464880396
 0.7108457817905
 0.9047693806658
 0.6880023890452
 0.9089770201121
 0.6653152221593
 0.9127762804204
 0.6427882401236
 0.9161739886110
 0.6204252724819
 0.9191769243137
 0.5982300218553
 0.9217918194247
 0.5762060664202
 0.9240253577902
 0.5543568623386
 0.9258841749146
 0.5326857461434
 0.9273748576932
 0.5111959370782
 0.9285039441685
 0.4898905393935
 0.9292779233081
 0.4687725445991
 0.9297032348050
 0.4478448336748
 0.9297862688984
 0.4271101792384
 0.9295333662147
 0.4065712476731
 0.9289508176276
 0.3862306012152
 0.9280448641367
 0.3660907000018
 0.9268216967646
 0.3461539040793
 0.9252874564703
 0.3264224753750
 0.9234482340795
 0.3068985796305
 0.9213100702313
 0.2875842882986
 0.9188789553390
 0.2684815804042
 0.9161608295665
 0.2495923443702
 0.9131615828185
 0.2309183798085
 0.9098870547439
 0.2124613992764
 0.9063430347526
 0.1942230300008
 0.9025352620441
 0.1762048155685
 0.8984694256489
 0.1584082175852
 0.8941511644800
 0.1408346173017
 0.8895860673969
 0.1234853172107
 0.8847796732783
 0.1063615426118
 0.8797374711063
 0.0894644431475
 0.8744649000591
 0.0727950943093
 0.8689673496136
 0.0563544989152
 0.8632501596556
 0.0401435885598
 0.8573186205997
 0.0241632250348
 0.8511779735160
 0.0084142017247
 0.8448334102647
-0.0071027550264
 0.8382900736379
-0.0223869845723
 0.8315530575084
-0.0374378906497
 0.8246274069844
-0.0522549400864
 0.8175181185711
-0.0668376615362
 0.8102301403373
-0.0811856442368
 0.8027683720880
-0.0952985367916
 0.7951376655425
-0.1091760459758
 0.7873428245166
-0.1228179355639
 0.7793886051099
-0.1362240251815
 0.7712797158977
-0.1493941891773
 0.7630208181265
-0.1623283555182
 0.7546165259138
-0.1750265047050
 0.7460714064509
-0.1874886687089
 0.7373899802097
-0.1997149299286
 0.7285767211523
-0.2117054201673
 0.7196360569435
-0.2234603196295
 0.7105723691660
-0.2349798559371
 0.7013899935382
-0.2462643031642
 0.6920932201341
-0.2573139808906
 0.6826862936053
-0.2681292532735
 0.6731734134049
-0.2787105281370
 0.6635587340135
-0.2890582560792
 0.6538463651657
-0.2991729295961
 0.6440403720793
-0.3090550822227
 0.6341447756845
-0.3187052876905
 0.6241635528550
-0.3281241591011
 0.6141006366393
-0.3373123481158
 0.6039599164932
-0.3462705441602
 0.5937452385127
-0.3549994736449
 0.5834604056673
-0.3634998992005
 0.5731091780339
-0.3717726189274
 0.5626952730301
-0.3798184656601
 0.5522223656490
-0.3876383062449
 0.5416940886921
-0.3952330408329
 0.5311140330035
-0.4026036021842
 0.5204857477032
-0.4097509549878
 0.5098127404201
-0.4166760951924
 0.4990984775243
-0.4233800493513
 0.4883463843591
-0.4298638739790
 0.4775598454720
-0.4361286549199
 0.4667422048455
-0.4421755067297
 0.4558967661259
-0.4480055720678
 0.4450267928525
-0.4536200211010
 0.4341355086847
-0.4590200509193
 0.4232260976286
-0.4642068849614
 0.4123017042617
-0.4691817724523
 0.4013654339573
-0.4739459878502
 0.3904203531068
-0.4785008303042
 0.3794694893407
-0.4828476231226
 0.3685158317484
-0.4869877132499
 0.3575623310963
-0.4909224707540
 0.3466119000443
-0.4946532883234
 0.3356674133606
-0.4981815807726
 0.3247317081349
-0.5015087845569
 0.3138075839897
-0.5046363572963
 0.3028978032903
-0.5075657773077
 0.2920050913520
-0.5102985431453
 0.2811321366463
-0.5128361731499
 0.2702815910049
-0.5151802050056
 0.2594560698214
-0.5173321953043
 0.2486581522514
-0.5192937191187
 0.2378903814105
-0.5210663695816
 0.2271552645700
-0.5226517574736
 0.2164552733508
-0.5240515108170
 0.2057928439149
-0.5252672744774
 0.1951703771547
-0.5263007097713
 0.1845902388807
-0.5271534940815
 0.1740547600060
-0.5278273204774
 0.1635662367298
-0.5283238973429
 0.1531269307173
-0.5286449480098
 0.1427390692785
-0.5287922103972
 0.1324048455441
-0.5287674366570
 0.1221264186393
-0.5285723928244
 0.1119059138550
-0.5282088584750
 0.1017454228175
-0.5276786263860
 0.0916470036547
-0.5269835022035
 0.0816126811609
-0.5261253041144
 0.0716444469590
-0.5251058625237
 0.0617442596601
-0.5239270197357
 0.0519140450212
-0.5225906296409
 0.0421556961001
-0.5210985574066
 0.0324710734082
-0.5194526791721
 0.0228620050610
-0.5176548817483
 0.0133302869265
-0.5157070623212
 0.0038776827702
-0.5136111281593
-0.0054940756007
-0.5113689963251
-0.0147832881968
-0.5089825933898
-0.0239882867071
-0.5064538551525
-0.0331074343632
-0.5037847263616
-0.0421391258044
-0.5009771604409
-0.0510817869465
-0.4980331192173
-0.0599338748513
-0.4949545726537
-0.0686938776001
-0.4917434985824
-0.0773603141679
-0.4884018824437
-0.0859317343007
-0.4849317170255
-0.0944067183945
-0.4813350022065
-0.1027838773773
-0.4776137447018
-0.1110618525919
-0.4737699578103
-0.1192393156821
-0.4698056611651
-0.1273149684804
-0.4657228804860
-0.1352875428980
-0.4615236473336
-0.1431558008163
-0.4572099988659
-0.1509185339816
-0.4527839775967
-0.1585745639003
-0.4482476311556
-0.1661227417375
-0.4436030120494
-0.1735619482164
-0.4388521774262
-0.1808910935204
-0.4339971888396
-0.1881091171965
-0.4290401120153
-0.1952149880611
-0.4239830166182
-0.2022077041069
-0.4188279760217
-0.2090862924123
-0.4135770670772
-0.2158498090519
-0.4082323698848
-0.2224973390092
-0.4027959675656
-0.2290279960905
-0.3972699460339
-0.2354409228406
-0.3916563937709
-0.2417352904603
-0.3859574015984
-0.2479102987249
-0.3801750624540
-0.2539651759045
-0.3743114711658
-0.2598991786858
-0.3683687242285
-0.2657115920949
-0.3623489195787
-0.2714017294219
-0.3562541563719
-0.2769689321462
-0.3500865347583
-0.2824125698638
-0.3438481556598
-0.2877320402150
-0.3375411205465
-0.2929267688134
-0.3311675312128
-0.2979962091765
-0.3247294895549
-0.3029398426567
-0.3182290973460
-0.3077571783734
-0.3116684560132
-0.3124477531459
-0.3050496664129
-0.3170111314278
-0.2983748286064
-0.3214469052411
-0.2916460416347
-0.3257546941116
-0.2848654032934
-0.3299341450054
-0.2780350099062
-0.3339849322649
-0.2711569560986
-0.3379067575460
-0.2642333345702
-0.3416993497559
-0.2572662358673
-0.3453624649909
-0.2502577481534
-0.3488958864746
-0.2432099569800
-0.3522994244964
-0.2361249450561
-0.3555729163503
-0.2290047920164
-0.3587162262735
-0.2218515741892
-0.3617292453853
-0.2146673643628
-0.3646118916259
-0.2074542315511
-0.3673641096950
-0.2002142407579
-0.3699858709903
-0.1929494527402
-0.3724771735458
-0.1856619237701
-0.3748380419696
-0.1783537053958
-0.3770685273811
-0.1710268442009
-0.3791687073485
-0.1636833815630
-0.3811386858245
-0.1563253534103
-0.3829785930825
-0.1489547899774
-0.3846885856516
-0.1415737155594
-0.3862688462503
-0.1341841482646
-0.3877195837200
-0.1267880997659
-0.3890410329574
-0.1193875750508
-0.3902334548455
-0.1119845721698
-0.3912971361833
-0.1045810819828
-0.3922323896153
-0.0971790879055
-0.3930395535582
-0.0897805656523
-0.3937189921272
-0.0823874829792
-0.3942710950606
-0.0750017994244
-0.3946962776424
-0.0676254660477
-0.3949949806238
-0.0602604251681
-0.3951676701423
-0.0529086101000
-0.3952148376394
-0.0455719448875
-0.3951369997763
-0.0382523440379
-0.3949346983472
-0.0309517122528
-0.3946085001908
-0.0236719441584
-0.3941589970994
-0.0164149240334
-0.3935868057258
-0.0091825255362
-0.3928925674875
-0.0019766114304
-0.3920769484686
 0.0052009666916
-0.3911406393193
 0.0123483686863
-0.3900843551523
 0.0194637661377
-0.3889088354362
 0.0265453426381
-0.3876148438872
 0.0335912940699
-0.3862031683560
 0.0405998288888
-0.3846746207135
 0.0475691684084
-0.3830300367316
 0.0544975470859
-0.3812702759623
 0.0613832128098
-0.3793962216122
 0.0682244271874
-0.3774087804144
 0.0750194658350
-0.3753088824962
 0.0817666186684
-0.3730974812437
 0.0884641901945
-0.3707755531626
 0.0951104998042
-0.3683440977345
 0.1017038820661
-0.3658041372706
 0.1082426870213
-0.3631567167600
 0.1147252804789
-0.3604029037148
 0.1211500443121
-0.3575437880110
 0.1275153767556
-0.3545804817246
 0.1338196927032
-0.3515141189638
 0.1400614240060
-0.3483458556969
 0.1462390197714
-0.3450768695750
 0.1523509466624
-0.3417083597511
 0.1583956891969
-0.3382415466935
 0.1643717500480
-0.3346776719953
 0.1702776503440
-0.3310179981785
 0.1761119299683
-0.3272638084933
 0.1818731478600
-0.3234164067128
 0.1875598823138
-0.3194771169222
 0.1931707312799
-0.3154472833031
 0.1987043126638
-0.3113282699121
 0.2041592646253
-0.3071214604554
 0.2095342458775
-0.3028282580564
 0.2148279359850
-0.2984500850192
 0.2200390356610
-0.2939883825859
 0.2251662670643
-0.2894446106891
 0.2302083740946
-0.2848202476978
 0.2351641226875
-0.2801167901589
 0.2400323011076
-0.2753357525316
 0.2448117202407
-0.2704786669179
 0.2495012138844
-0.2655470827852
 0.2540996390375
-0.2605425666850
 0.2586058761868
-0.2554667019647
 0.2630188295933
-0.2503210884733
 0.2673374275753
-0.2451073422624
 0.2715606227901
-0.2398270952798
 0.2756873925129
-0.2344819950580
 0.2797167389142
-0.2290737043966
 0.2836476893334
-0.2236039010384
 0.2874792965509
-0.2180742773394
 0.2912106390562
-0.2124865399335
 0.2948408213145
-0.2068424093899
 0.2983689740283
-0.2011436198657
 0.3017942543974
-0.1953919187513
 0.3051158463744
-0.1895890663106
 0.3083329609169
-0.1837368353147
 0.3114448362360
-0.1778370106697
 0.3144507380407
-0.1718913890383
 0.3173499597781
-0.1659017784553
 0.3201418228698
-0.1598699979376
 0.3228256769433
-0.1537978770880
 0.3254009000591
-0.1476872556923
 0.3278668989332
-0.1415399833119
 0.3302231091539
-0.1353579188695
 0.3324689953948
-0.1291429302292
 0.3346040516210
-0.1228968937710
 0.3366278012912
-0.1166216939599
 0.3385397975532
-0.1103192229081
 0.3403396234346
-0.1039913799336
 0.3420268920261
-0.0976400711111
 0.3436012466605
-0.0912672088195
 0.3450623610837
-0.0848747112825
 0.3464099396205
-0.0784645021046
 0.3476437173332
-0.0720385098021
 0.3487634601734
-0.0655986673286
 0.3497689651267
-0.0591469115955
 0.3506600603512
-0.0526851829881
 0.3514366053073
-0.0462154248766
 0.3520984908811
-0.0397395831224
 0.3526456394998
-0.0332596055796
 0.3530780052395
-0.0267774415933
 0.3533955739246
-0.0202950414918
 0.3535983632201
-0.0138143560764
 0.3536864227141
-0.0073373361060
 0.3536598339937
-0.0008659317784
 0.3535187107109
 0.0055979077922
 0.3532631986406
 0.0120522351012
 0.3528934757297
 0.0184951047830
 0.3524097521367
 0.0249245741441
 0.3518122702629
 0.0313387036979
 0.3511013047738
 0.0377355577043
 0.3502771626114
 0.0441132047102
 0.3493401829972
 0.0504697180935
 0.3482907374247
 0.0568031766092
 0.3471292296431
 0.0631116649376
 0.3458560956311
 0.0693932742343
 0.3444718035597
 0.0756461026822
 0.3429768537460
 0.0818682560445
 0.3413717785964
 0.0880578482198
 0.3396571425395
 0.0942130017975
 0.3378335419487
 0.1003318486144
 0.3359016050541
 0.1064125303120
 0.3338619918440
 0.1124531988942
 0.3317153939562
 0.1184520172850
 0.3294625345577
 0.1244071598864
 0.3271041682143
 0.1303168131357
 0.3246410807491
 0.1361791760627
 0.3220740890904
 0.1419924608459
 0.3194040411082
 0.1477548933676
 0.3166318154402
 0.1534647137676
 0.3137583213062
 0.1591201769963
 0.3107844983121
 0.1647195533645
 0.3077113162424
 0.1702611290929
 0.3045397748418
 0.1757432068578
 0.3012709035854
 0.1811641063353
 0.2979057614383
 0.1865221647423
 0.2944454366037
 0.1918157373744
 0.2908910462597
 0.1970431981406
 0.2872437362859
 0.2022029400946
 0.2835046809777
 0.2072933759619
 0.2796750827508
 0.2123129386628
 0.2757561718338
 0.2172600818314
 0.2717492059502
 0.2221332803299
 0.2676554699895
 0.2269310307574
 0.2634762756675
 0.2316518519543
 0.2592129611757
 0.2362942855010
 0.2548668908201
 0.2408568962105
 0.2504394546493
 0.2453382726159
 0.2459320680722
 0.2497370274506
 0.2413461714650
 0.2540517981232
 0.2366832297681
 0.2582812471849
 0.2319447320729
 0.2624240627896
 0.2271321911980
 0.2664789591481
 0.2222471432558
 0.2704446769732
 0.2172911472095
 0.2743199839185
 0.2122657844195
 0.2781036750077
 0.2071726581811
 0.2817945730574
 0.2020133932527
 0.2853915290899
 0.1967896353739
 0.2888934227382
 0.1915030507758
 0.2922991626416
 0.1861553256814
 0.2956076868326
 0.1807481657973
 0.2988179631140
 0.1752832957979
 0.3019289894264
 0.1697624587998
 0.3049397942062
 0.1641874158290
 0.3078494367334
 0.1585599452802
 0.3106570074689
 0.1528818423674
 0.3133616283816
 0.1471549185683
 0.3159624532655
 0.1413810010606
 0.3184586680442
 0.1355619321510
 0.3208494910666
 0.1296995686985
 0.3231341733898
 0.1237957815299
 0.3253119990514
 0.1178524548496
 0.3273822853300
 0.1118714856434
 0.3293443829939
 0.1058547830760
 0.3311976765387
 0.0998042678833
 0.3329415844120
 0.0937218717595
 0.3345755592265
 0.0876095367388
 0.3360990879608
 0.0814692145724
 0.3375116921476
 0.0753028661016
 0.3388129280501
 0.0691124606258
 0.3400023868248
 0.0628999752674
 0.3410796946722
 0.0566673943325
 0.3420445129751
 0.0504167086685
 0.3428965384230
 0.0441499150191
 0.3436355031247
 0.0378690153754
 0.3442611747067
 0.0315760163259
 0.3447733563997
 0.0252729284036
 0.3451718871113
 0.0189617654310
 0.3454566414851
 0.0126445438647
 0.3456275299480
 0.0063232821374
