 0.3841112179589
 0.0000000000000
 0.3710492319172
-0.1000892841119
 0.3327109529489
-0.1935792039923
 0.2715750138323
-0.2743121106882
 0.1915659503291
-0.3369721193811
 0.0977712884900
-0.3774086976161
-0.0039064381949
-0.3928610351814
-0.1071261414779
-0.3820748048848
-0.2054788505865
-0.3453165667447
-0.2928254434278
-0.2843015679120
-0.3635839374626
-0.2020567680970
-0.4129588663415
-0.1027424949007
-0.4371139478893
 0.0085459737221
-0.4332956145605
 0.1259801238169
-0.3999187760192
 0.2431920861445
-0.3366276818452
 0.3534552954649
-0.2443444903462
 0.4498517348119
-0.1253167253618
 0.5254299439857
 0.0168272705657
 0.5733615424340
 0.1770081471506
 0.5871069982701
 0.3486063719163
 0.5606040877045
 0.5233524322200
 0.4884953045029
 0.6911976744274
 0.3664137957915
 0.8401705638854
 0.1913516457094
 0.9562278385102
-0.0378600192306
 1.0231167115101
-0.3199219999447
 1.0222742169762
-0.6502416471075
 0.9328049411477
-1.0198497835296
 0.7316018288878
-1.4139798396878
 0.3937114591229
-1.8102040540582
-0.1068967559021
-2.1759883572046
 0.3937114591229
 1.8102040540582
 0.7316018288878
 1.4139798396878
 0.9328049411477
 1.0198497835296
 1.0222742169762
 0.6502416471075
 1.0231167115101
 0.3199219999447
 0.9562278385102
 0.0378600192306
 0.8401705638854
-0.1913516457094
 0.6911976744274
-0.3664137957915
 0.5233524322200
-0.4884953045029
 0.3486063719163
-0.5606040877045
 0.1770081471506
-0.5871069982701
 0.0168272705657
-0.5733615424340
-0.1253167253618
-0.5254299439857
-0.2443444903462
-0.4498517348119
-0.3366276818452
-0.3534552954649
-0.3999187760192
-0.2431920861445
-0.4332956145605
-0.1259801238169
-0.4371139478893
-0.0085459737221
-0.4129588663415
 0.1027424949007
-0.3635839374626
 0.2020567680970
-0.2928254434278
 0.2843015679120
-0.2054788505865
 0.3453165667447
-0.1071261414779
 0.3820748048848
-0.0039064381949
 0.3928610351814
 0.0977712884900
 0.3774086976161
 0.1915659503291
 0.3369721193811
 0.2715750138323
 0.2743121106882
 0.3327109529489
 0.1935792039923
 0.3710492319172
 0.1000892841119
