 0.4608653853687
 0.0000000000000
 0.4606945091329
-0.0126449849502
 0.4601820012982
-0.0252808817937
 0.4593282243823
-0.0378986090858
 0.4581337822466
-0.0504890986995
 0.4565995195944
-0.0630433024664
 0.4547265212696
-0.0755521987976
 0.4525161113563
-0.0880067992759
 0.4499698520814
-0.1003981552145
 0.4470895425210
-0.1127173641737
 0.4438772171127
-0.1249555764294
 0.4403351439756
-0.1371040013876
 0.4364658230408
-0.1491539139373
 0.4322719839949
-0.1610966607358
 0.4277565840384
-0.1729236664201
 0.4229228054637
-0.1846264397390
 0.4177740530546
-0.1961965795985
 0.4123139513111
-0.2076257810156
 0.4065463415044
-0.2189058409744
 0.4004752785641
-0.2300286641801
 0.3941050278036
-0.2409862687033
 0.3874400614870
-0.2517707915120
 0.3804850552420
-0.2623744938848
 0.3732448843246
-0.2727897667009
 0.3657246197394
-0.2830091356025
 0.3579295242201
-0.2930252660258
 0.3498650480775
-0.3028309680949
 0.3415368249181
-0.3124192013775
 0.3329506672394
-0.3217830794952
 0.3241125619084
-0.3309158745890
 0.3150286655277
-0.3398110216335
 0.3057052996947
-0.3484621225986
 0.2961489461621
-0.3568629504565
 0.2863662419018
-0.3650074530293
 0.2763639740814
-0.3728897566787
 0.2661490749578
-0.3805041698317
 0.2557286166936
-0.3878451863445
 0.2451098061034
-0.3949074887005
 0.2342999793342
-0.4016859510423
 0.2233065964887
-0.4081756420375
 0.2121372361941
-0.4143718275759
 0.2007995901254
-0.4202699732989
 0.1893014574866
-0.4258657469614
 0.1776507394580
-0.4311550206241
 0.1658554336134
-0.4361338726792
 0.1539236283139
-0.4407985897079
 0.1418634970842
-0.4451456681711
 0.1296832929766
-0.4491718159350
 0.1173913429277
-0.4528739536307
 0.1049960421143
-0.4562492158523
 0.0925058483130
-0.4592949521910
 0.0799292762689
-0.4620087281109
 0.0672748920785
-0.4643883256655
 0.0545513075913
-0.4664317440583
 0.0417671748357
-0.4681372000495
 0.0289311804732
-0.4695031282111
 0.0160520402854
-0.4705281810328
 0.0031384936986
-0.4712112288818
-0.0098007016504
-0.4715513598187
-0.0227567753025
-0.4715478792731
-0.0357209493153
-0.4712003095816
-0.0486844435493
-0.4705083893909
-0.0616384808965
-0.4694720729303
-0.0745742924500
-0.4680915291564
-0.0874831226094
-0.4663671407730
-0.1003562341202
-0.4642995031305
-0.1131849130445
-0.4618894230079
-0.1259604736587
-0.4591379172812
-0.1386742632781
-0.4560462114819
-0.1513176670036
-0.4526157382493
-0.1638821123903
-0.4488481356803
-0.1763590740347
-0.4447452455806
-0.1887400780796
-0.4403091116212
-0.2010167066337
-0.4355419774039
-0.2131806021067
-0.4304462844398
-0.2252234714555
-0.4250246700438
-0.2371370903437
-0.4192799651512
-0.2489133072103
-0.4132151920569
-0.2605440472487
-0.4068335620841
-0.2720213162951
-0.4001384731844
-0.2833372046248
-0.3931335074738
-0.2944838906566
-0.3858224287080
-0.3054536445661
-0.3782091797011
-0.3162388318051
-0.3702978796908
-0.3268319165300
-0.3620928216537
-0.3372254649381
-0.3535984695751
-0.3474121485111
-0.3448194556752
-0.3573847471685
-0.3357605775971
-0.3671361523292
-0.3264267955573
-0.3766593698836
-0.3168232294651
-0.3859475230756
-0.3069551560111
-0.3949938552965
-0.2968280057300
-0.4037917327912
-0.2864473600395
-0.4123346472779
-0.2758189482593
-0.4206162184817
-0.2649486446114
-0.4286301965855
-0.2538424652066
-0.4363704645966
-0.2425065650181
-0.4438310406325
-0.2309472348454
-0.4510060801271
-0.2191708982715
-0.4578898779578
-0.2071841086151
-0.4644768704965
-0.1949935458799
-0.4707616375847
-0.1826060137043
-0.4767389044361
-0.1700284363127
-0.4824035434674
-0.1572678554699
-0.4877505760584
-0.1443314274427
-0.4927751742460
-0.1312264199676
-0.4974726623506
-0.1179602092289
-0.5018385185394
-0.1045402768466
-0.5058683763276
-0.0909742068774
-0.5095580260197
-0.0772696828299
-0.5129034160922
-0.0634344846936
-0.5159006545216
-0.0494764859856
-0.5185460100574
-0.0354036508139
-0.5208359134446
-0.0212240309599
-0.5227669585955
-0.0069457629799
-0.5243359037153
 0.0074229346730
-0.5255396723810
 0.0218737645057
-0.5263753545786
 0.0363983528205
-0.5268402076980
 0.0509882525277
-0.5269316574898
 0.0656349459358
-0.5266472989850
 0.0803298475185
-0.5259848973800
 0.0950643066576
-0.5249423888895
 0.1098296103630
-0.5235178815682
 0.1246169859681
-0.5217096561047
 0.1394176038013
-0.5195161665893
 0.1542225798339
-0.5169360412565
 0.1690229783039
-0.5139680832069
 0.1838098143158
-0.5106112711073
 0.1985740564176
-0.5068647598739
 0.2133066291539
-0.5027278813384
 0.2279984155967
-0.4982001449002
 0.2426402598538
-0.4932812381663
 0.2572229695554
-0.4879710275804
 0.2717373183196
-0.4822695590438
 0.2861740481971
-0.4761770585291
 0.3005238720968
-0.4696939326890
 0.3147774761913
-0.4628207694623
 0.3289255223058
-0.4555583386779
 0.3429586502884
-0.4479075926590
 0.3568674803648
-0.4398696668298
 0.3706426154781
-0.4314458803251
 0.3842746436141
-0.4226377366048
 0.3977541401137
-0.4134469240764
 0.4110716699737
-0.4038753167239
 0.4242177901376
-0.3939249747478
 0.4371830517764
-0.3835981452155
 0.4499580025626
-0.3728972627246
 0.4625331889372
-0.3618249500800
 0.4748991583724
-0.3503840189864
 0.4870464616304
-0.3385774707570
 0.4989656550216
-0.3264084970407
 0.5106473026613
-0.3138804805676
 0.5220819787292
-0.3009969959157
 0.5332602697318
-0.2877618102976
 0.5441727767699
-0.2741788843714
 0.5548101178131
-0.2602523730736
 0.5651629299831
-0.2459866264779
 0.5752218718483
-0.2313861906785
 0.5849776257300
-0.2164558087005
 0.5944209000249
-0.2012004214377
 0.6035424315428
-0.1856251686187
 0.6123329878647
-0.1697353898020
 0.6207833697211
-0.1535366254007
 0.6288844133943
-0.1370346177387
 0.6366269931454
-0.1202353121375
 0.6440020236702
-0.1031448580352
 0.6510004625850
-0.0857696101383
 0.6576133129449
-0.0681161296064
 0.6638316257974
-0.0501911852709
 0.6696465027739
-0.0320017548879
 0.6750490987212
-0.0135550264255
 0.6800306243759
 0.0051416006137
 0.6845823490843
 0.0240805138346
 0.6886956035710
 0.0432538865556
 0.6923617827578
 0.0626536763797
 0.6955723486372
 0.0822716237280
 0.6983188332023
 0.1020992503376
 0.7005928414370
 0.1221278577232
 0.7023860543681
 0.1423485256015
 0.7036902321842
 0.1627521102794
 0.7044972174229
 0.1833292430060
 0.7047989382310
 0.2040703282871
 0.7045874116998
 0.2249655421647
 0.7038547472788
 0.2460048304590
 0.7025931502728
 0.2671779069760
 0.7007949254243
 0.2884742516782
 0.6984524805846
 0.3098831088211
 0.6955583304792
 0.3313934850542
 0.6921051005690
 0.3529941474883
 0.6880855310124
 0.3746736217288
 0.6834924807319
 0.3964201898759
 0.6783189315891
 0.4182218884928
 0.6725579926718
 0.4400665065420
 0.6662029046988
 0.4619415832907
 0.6592470445441
 0.4838344061867
 0.6516839298879
 0.5057320087055
 0.6435072239963
 0.5276211681693
 0.6347107406353
 0.5494884035401
 0.6252884491243
 0.5713199731865
 0.6152344795328
 0.5931018726279
 0.6045431280258
 0.6148198322548
 0.5932088623626
 0.6364593150295
 0.5812263275541
 0.6580055141664
 0.5685903516850
 0.6794433507959
 0.5552959519036
 0.7007574716116
 0.5413383405875
 0.7219322465047
 0.5267129316894
 0.7429517661868
 0.5114153472688
 0.7637998398027
 0.4954414242154
 0.7844599925379
 0.4787872211716
 0.8049154632199
 0.4614490256579
 0.8251492019192
 0.4434233614097
 0.8451438675512
 0.4247069959309
 0.8648818254819
 0.4052969482714
 0.8843451451408
 0.3851904970347
 0.9035155976451
 0.3643851886238
 0.9223746534373
 0.3428788457313
 0.9409034799410
 0.3206695760815
 0.9590829392380
 0.2977557814330
 0.9768935857715
 0.2741361668480
 0.9943156640788
 0.2498097502369
 1.0113291065596
 0.2247758721872
 1.0279135312822
 0.1990342060834
 1.0440482398350
 0.1725847685281
 1.0597122152275
 0.1454279300720
 1.0748841198458
 0.1175644262622
 1.0895422934694
 0.0889953690180
 1.1036647513551
 0.0597222583444
 1.1172291823938
 0.0297469943916
 1.1302129473476
-0.0009281101280
 1.1425930771740
-0.0323003171563
 1.1543462714447
-0.0643664501275
 1.1654488968661
-0.0971228804186
 1.1758769859112
-0.1305655133993
 1.1856062355690
-0.1646897740718
 1.1946120062232
-0.1994905922873
 1.2028693206670
-0.2349623875284
 1.2103528632654
-0.2710990532435
 1.2170369792749
-0.3078939407231
 1.2228956743316
-0.3453398425018
 1.2279026141177
-0.3834289752759
 1.2320311242209
-0.4221529623202
 1.2352541901964
-0.4615028153918
 1.2375444578462
-0.5014689161062
 1.2388742337288
-0.5420409967698
 1.2392154859138
-0.5832081206552
 1.2385398449959
-0.6249586617026
 1.2368186053846
-0.6672802836322
 1.2340227268862
-0.7101599184504
 1.2301228365940
-0.7535837443339
 1.2250892311062
-0.7975371628733
 1.2188918790902
-0.8420047756600
 1.2115004242120
-0.8869703601972
 1.2028841884526
-0.9324168451162
 1.1930121758327
-0.9783262846804
 1.1818530765683
-1.0246798325556
 1.1693752716806
-1.0714577148279
 1.1555468380869
-1.1186392022479
 1.1403355541957
-1.1662025816806
 1.1237089060363
-1.2141251267386
 1.1056340939496
-1.2623830675777
 1.0860780398701
-1.3109515598308
 1.0650073952325
-1.3598046526579
 1.0423885495326
-1.4089152558876
 1.0181876395798
-1.4582551062262
 0.9923705594754
-1.5077947325089
 0.9649029713556
-1.5575034199680
 0.9357503169375
-1.6073491734912
 0.9048778299111
-1.6572986798436
 0.8722505492189
-1.7073172688258
 0.8378333332695
-1.7573688733394
 0.8015908751333
-1.8074159883321
 0.7634877187683
-1.8574196285918
 0.7234882763300
-1.9073392853601
 0.6815568466190
-1.9571328817347
 0.6376576347233
-2.0067567268279
 0.5917547729166
-2.0561654686504
 0.5438123428737
-2.1053120456867
 0.4937943992702
-2.1541476371285
 0.4416649948339
-2.2026216117316
 0.3873882069218
-2.2506814752616
 0.3309281656971
-2.2982728164926
 0.2722490839858
-2.3453392517218
 0.2113152888962
-2.3918223677631
 0.1480912552882
-2.4376616633823
 0.0825416411831
-2.4827944891343
 0.0146313252106
-2.5271559855633
-0.0556745538079
-2.5706790197262
-0.1284105550342
-2.6132941199978
-0.0556745538079
 2.5706790197262
 0.0146313252106
 2.5271559855633
 0.0825416411831
 2.4827944891343
 0.1480912552882
 2.4376616633823
 0.2113152888962
 2.3918223677631
 0.2722490839858
 2.3453392517218
 0.3309281656971
 2.2982728164926
 0.3873882069218
 2.2506814752616
 0.4416649948339
 2.2026216117316
 0.4937943992702
 2.1541476371285
 0.5438123428737
 2.1053120456867
 0.5917547729166
 2.0561654686504
 0.6376576347233
 2.0067567268279
 0.6815568466190
 1.9571328817347
 0.7234882763300
 1.9073392853601
 0.7634877187683
 1.8574196285918
 0.8015908751333
 1.8074159883321
 0.8378333332695
 1.7573688733394
 0.8722505492189
 1.7073172688258
 0.9048778299111
 1.6572986798436
 0.9357503169375
 1.6073491734912
 0.9649029713556
 1.5575034199680
 0.9923705594754
 1.5077947325089
 1.0181876395798
 1.4582551062262
 1.0423885495326
 1.4089152558876
 1.0650073952325
 1.3598046526579
 1.0860780398701
 1.3109515598308
 1.1056340939496
 1.2623830675777
 1.1237089060363
 1.2141251267386
 1.1403355541957
 1.1662025816806
 1.1555468380869
 1.1186392022479
 1.1693752716806
 1.0714577148279
 1.1818530765683
 1.0246798325556
 1.1930121758327
 0.9783262846804
 1.2028841884526
 0.9324168451162
 1.2115004242120
 0.8869703601972
 1.2188918790902
 0.8420047756600
 1.2250892311062
 0.7975371628733
 1.2301228365940
 0.7535837443339
 1.2340227268862
 0.7101599184504
 1.2368186053846
 0.6672802836322
 1.2385398449959
 0.6249586617026
 1.2392154859138
 0.5832081206552
 1.2388742337288
 0.5420409967698
 1.2375444578462
 0.5014689161062
 1.2352541901964
 0.4615028153918
 1.2320311242209
 0.4221529623202
 1.2279026141177
 0.3834289752759
 1.2228956743316
 0.3453398425018
 1.2170369792749
 0.3078939407231
 1.2103528632654
 0.2710990532435
 1.2028693206670
 0.2349623875284
 1.1946120062232
 0.1994905922873
 1.1856062355690
 0.1646897740718
 1.1758769859112
 0.1305655133993
 1.1654488968661
 0.0971228804186
 1.1543462714447
 0.0643664501275
 1.1425930771740
 0.0323003171563
 1.1302129473476
 0.0009281101280
 1.1172291823938
-0.0297469943916
 1.1036647513551
-0.0597222583444
 1.0895422934694
-0.0889953690180
 1.0748841198458
-0.1175644262622
 1.0597122152275
-0.1454279300720
 1.0440482398350
-0.1725847685281
 1.0279135312822
-0.1990342060834
 1.0113291065596
-0.2247758721872
 0.9943156640788
-0.2498097502369
 0.9768935857715
-0.2741361668480
 0.9590829392380
-0.2977557814330
 0.9409034799410
-0.3206695760815
 0.9223746534373
-0.3428788457313
 0.9035155976451
-0.3643851886238
 0.8843451451408
-0.3851904970347
 0.8648818254819
-0.4052969482714
 0.8451438675512
-0.4247069959309
 0.8251492019192
-0.4434233614097
 0.8049154632199
-0.4614490256579
 0.7844599925379
-0.4787872211716
 0.7637998398027
-0.4954414242154
 0.7429517661868
-0.5114153472688
 0.7219322465047
-0.5267129316894
 0.7007574716116
-0.5413383405875
 0.6794433507959
-0.5552959519036
 0.6580055141664
-0.5685903516850
 0.6364593150295
-0.5812263275541
 0.6148198322548
-0.5932088623626
 0.5931018726279
-0.6045431280258
 0.5713199731865
-0.6152344795328
 0.5494884035401
-0.6252884491243
 0.5276211681693
-0.6347107406353
 0.5057320087055
-0.6435072239963
 0.4838344061867
-0.6516839298879
 0.4619415832907
-0.6592470445441
 0.4400665065420
-0.6662029046988
 0.4182218884928
-0.6725579926718
 0.3964201898759
-0.6783189315891
 0.3746736217288
-0.6834924807319
 0.3529941474883
-0.6880855310124
 0.3313934850542
-0.6921051005690
 0.3098831088211
-0.6955583304792
 0.2884742516782
-0.6984524805846
 0.2671779069760
-0.7007949254243
 0.2460048304590
-0.7025931502728
 0.2249655421647
-0.7038547472788
 0.2040703282871
-0.7045874116998
 0.1833292430060
-0.7047989382310
 0.1627521102794
-0.7044972174229
 0.1423485256015
-0.7036902321842
 0.1221278577232
-0.7023860543681
 0.1020992503376
-0.7005928414370
 0.0822716237280
-0.6983188332023
 0.0626536763797
-0.6955723486372
 0.0432538865556
-0.6923617827578
 0.0240805138346
-0.6886956035710
 0.0051416006137
-0.6845823490843
-0.0135550264255
-0.6800306243759
-0.0320017548879
-0.6750490987212
-0.0501911852709
-0.6696465027739
-0.0681161296064
-0.6638316257974
-0.0857696101383
-0.6576133129449
-0.1031448580352
-0.6510004625850
-0.1202353121375
-0.6440020236702
-0.1370346177387
-0.6366269931454
-0.1535366254007
-0.6288844133943
-0.1697353898020
-0.6207833697211
-0.1856251686187
-0.6123329878647
-0.2012004214377
-0.6035424315428
-0.2164558087005
-0.5944209000249
-0.2313861906785
-0.5849776257300
-0.2459866264779
-0.5752218718483
-0.2602523730736
-0.5651629299831
-0.2741788843714
-0.5548101178131
-0.2877618102976
-0.5441727767699
-0.3009969959157
-0.5332602697318
-0.3138804805676
-0.5220819787292
-0.3264084970407
-0.5106473026613
-0.3385774707570
-0.4989656550216
-0.3503840189864
-0.4870464616304
-0.3618249500800
-0.4748991583724
-0.3728972627246
-0.4625331889372
-0.3835981452155
-0.4499580025626
-0.3939249747478
-0.4371830517764
-0.4038753167239
-0.4242177901376
-0.4134469240764
-0.4110716699737
-0.4226377366048
-0.3977541401137
-0.4314458803251
-0.3842746436141
-0.4398696668298
-0.3706426154781
-0.4479075926590
-0.3568674803648
-0.4555583386779
-0.3429586502884
-0.4628207694623
-0.3289255223058
-0.4696939326890
-0.3147774761913
-0.4761770585291
-0.3005238720968
-0.4822695590438
-0.2861740481971
-0.4879710275804
-0.2717373183196
-0.4932812381663
-0.2572229695554
-0.4982001449002
-0.2426402598538
-0.5027278813384
-0.2279984155967
-0.5068647598739
-0.2133066291539
-0.5106112711073
-0.1985740564176
-0.5139680832069
-0.1838098143158
-0.5169360412565
-0.1690229783039
-0.5195161665893
-0.1542225798339
-0.5217096561047
-0.1394176038013
-0.5235178815682
-0.1246169859681
-0.5249423888895
-0.1098296103630
-0.5259848973800
-0.0950643066576
-0.5266472989850
-0.0803298475185
-0.5269316574898
-0.0656349459358
-0.5268402076980
-0.0509882525277
-0.5263753545786
-0.0363983528205
-0.5255396723810
-0.0218737645057
-0.5243359037153
-0.0074229346730
-0.5227669585955
 0.0069457629799
-0.5208359134446
 0.0212240309599
-0.5185460100574
 0.0354036508139
-0.5159006545216
 0.0494764859856
-0.5129034160922
 0.0634344846936
-0.5095580260197
 0.0772696828299
-0.5058683763276
 0.0909742068774
-0.5018385185394
 0.1045402768466
-0.4974726623506
 0.1179602092289
-0.4927751742460
 0.1312264199676
-0.4877505760584
 0.1443314274427
-0.4824035434674
 0.1572678554699
-0.4767389044361
 0.1700284363127
-0.4707616375847
 0.1826060137043
-0.4644768704965
 0.1949935458799
-0.4578898779578
 0.2071841086151
-0.4510060801271
 0.2191708982715
-0.4438310406325
 0.2309472348454
-0.4363704645966
 0.2425065650181
-0.4286301965855
 0.2538424652066
-0.4206162184817
 0.2649486446114
-0.4123346472779
 0.2758189482593
-0.4037917327912
 0.2864473600395
-0.3949938552965
 0.2968280057300
-0.3859475230756
 0.3069551560111
-0.3766593698836
 0.3168232294651
-0.3671361523292
 0.3264267955573
-0.3573847471685
 0.3357605775971
-0.3474121485111
 0.3448194556752
-0.3372254649381
 0.3535984695751
-0.3268319165300
 0.3620928216537
-0.3162388318051
 0.3702978796908
-0.3054536445661
 0.3782091797011
-0.2944838906566
 0.3858224287080
-0.2833372046248
 0.3931335074738
-0.2720213162951
 0.4001384731844
-0.2605440472487
 0.4068335620841
-0.2489133072103
 0.4132151920569
-0.2371370903437
 0.4192799651512
-0.2252234714555
 0.4250246700438
-0.2131806021067
 0.4304462844398
-0.2010167066337
 0.4355419774039
-0.1887400780796
 0.4403091116212
-0.1763590740347
 0.4447452455806
-0.1638821123903
 0.4488481356803
-0.1513176670036
 0.4526157382493
-0.1386742632781
 0.4560462114819
-0.1259604736587
 0.4591379172812
-0.1131849130445
 0.4618894230079
-0.1003562341202
 0.4642995031305
-0.0874831226094
 0.4663671407730
-0.0745742924500
 0.4680915291564
-0.0616384808965
 0.4694720729303
-0.0486844435493
 0.4705083893909
-0.0357209493153
 0.4712003095816
-0.0227567753025
 0.4715478792731
-0.0098007016504
 0.4715513598187
 0.0031384936986
 0.4712112288818
 0.0160520402854
 0.4705281810328
 0.0289311804732
 0.4695031282111
 0.0417671748357
 0.4681372000495
 0.0545513075913
 0.4664317440583
 0.0672748920785
 0.4643883256655
 0.0799292762689
 0.4620087281109
 0.0925058483130
 0.4592949521910
 0.1049960421143
 0.4562492158523
 0.1173913429277
 0.4528739536307
 0.1296832929766
 0.4491718159350
 0.1418634970842
 0.4451456681711
 0.1539236283139
 0.4407985897079
 0.1658554336134
 0.4361338726792
 0.1776507394580
 0.4311550206241
 0.1893014574866
 0.4258657469614
 0.2007995901254
 0.4202699732989
 0.2121372361941
 0.4143718275759
 0.2233065964887
 0.4081756420375
 0.2342999793342
 0.4016859510423
 0.2451098061034
 0.3949074887005
 0.2557286166936
 0.3878451863445
 0.2661490749578
 0.3805041698317
 0.2763639740814
 0.3728897566787
 0.2863662419018
 0.3650074530293
 0.2961489461621
 0.3568629504565
 0.3057052996947
 0.3484621225986
 0.3150286655277
 0.3398110216335
 0.3241125619084
 0.3309158745890
 0.3329506672394
 0.3217830794952
 0.3415368249181
 0.3124192013775
 0.3498650480775
 0.3028309680949
 0.3579295242201
 0.2930252660258
 0.3657246197394
 0.2830091356025
 0.3732448843246
 0.2727897667009
 0.3804850552420
 0.2623744938848
 0.3874400614870
 0.2517707915120
 0.3941050278036
 0.2409862687033
 0.4004752785641
 0.2300286641801
 0.4065463415044
 0.2189058409744
 0.4123139513111
 0.2076257810156
 0.4177740530546
 0.1961965795985
 0.4229228054637
 0.1846264397390
 0.4277565840384
 0.1729236664201
 0.4322719839949
 0.1610966607358
 0.4364658230408
 0.1491539139373
 0.4403351439756
 0.1371040013876
 0.4438772171127
 0.1249555764294
 0.4470895425210
 0.1127173641737
 0.4499698520814
 0.1003981552145
 0.4525161113563
 0.0880067992759
 0.4547265212696
 0.0755521987976
 0.4565995195944
 0.0630433024664
 0.4581337822466
 0.0504890986995
 0.4593282243823
 0.0378986090858
 0.4601820012982
 0.0252808817937
 0.4606945091329
 0.0126449849502
