 0.5760975358016
 0.0000000000000
 0.5759608047397
-0.0126467227703
 0.5755506734977
-0.0252876264043
 0.5748673278725
-0.0379168945001
 0.5739110774160
-0.0505287161225
 0.5726823552694
-0.0631172885315
 0.5711817179325
-0.0756768199058
 0.5694098449669
-0.0882015320589
 0.5673675386344
-0.1006856631454
 0.5650557234696
-0.1131234703569
 0.5624754457882
-0.1255092326053
 0.5596278731315
-0.1378372531911
 0.5565142936466
-0.1501018624558
 0.5531361154034
-0.1622974204158
 0.5494948656497
-0.1744183193772
 0.5455921900036
-0.1864589865287
 0.5414298515852
-0.1984138865111
 0.5370097300877
-0.2102775239632
 0.5323338207892
-0.2220444460399
 0.5274042335055
-0.2337092449032
 0.5222231914847
-0.2452665601836
 0.5167930302460
-0.2567110814101
 0.5111161963618
-0.2680375504082
 0.5051952461851
-0.2792407636633
 0.4990328445239
-0.2903155746496
 0.4926317632619
-0.3012568961213
 0.4859948799292
-0.3120597023664
 0.4791251762216
-0.3227190314211
 0.4720257364719
-0.3332299872433
 0.4646997460729
-0.3435877418446
 0.4571504898551
-0.3537875373793
 0.4493813504181
-0.3638246881895
 0.4413958064196
-0.3736945828048
 0.4331974308218
-0.3833926858965
 0.4247898890971
-0.3929145401841
 0.4161769373943
-0.4022557682946
 0.4073624206677
-0.4114120745723
 0.3983502707691
-0.4203792468396
 0.3891445045057
-0.4291531581073
 0.3797492216642
-0.4377297682337
 0.3701686030036
-0.4461051255322
 0.3604069082176
-0.4542753683270
 0.3504684738689
-0.4622367264551
 0.3403577112954
-0.4699855227161
 0.3300791044923
-0.4775181742674
 0.3196372079694
-0.4848311939659
 0.3090366445866
-0.4919211916553
 0.2982821033683
-0.4987848753980
 0.2873783372990
-0.5054190526529
 0.2763301611017
-0.5118206313978
 0.2651424489992
-0.5179866211967
 0.2538201324622
-0.5239141342113
 0.2423681979440
-0.5296003861581
 0.2307916846038
-0.5350426972094
 0.2190956820208
-0.5402384928395
 0.2072853278991
-0.5451853046159
 0.1953658057666
-0.5498807709353
 0.1833423426688
-0.5543226377048
 0.1712202068577
-0.5585087589694
 0.1590047054799
-0.5624370974844
 0.1467011822621
-0.5661057252346
 0.1343150151986
-0.5695128239000
 0.1218516142398
-0.5726566852682
 0.1093164189837
-0.5755357115946
 0.0967148963730
-0.5781484159108
 0.0840525383968
-0.5804934222806
 0.0713348598002
-0.5825694660061
 0.0585673958022
-0.5843753937830
 0.0457556998227
-0.5859101638061
 0.0329053412209
-0.5871728458264
 0.0200219030449
-0.5881626211592
 0.0071109797950
-0.5888787826450
-0.0058218247992
-0.5893207345637
-0.0187708999867
-0.5894879925026
-0.0317306301868
-0.5893801831791
-0.0446953971629
-0.5889970442193
-0.0576595821793
-0.5883384238927
-0.0706175681385
-0.5874042808047
-0.0835637416980
-0.5861946835470
-0.0964924953677
-0.5847098103072
-0.1093982295843
-0.5829499484384
-0.1222753547644
-0.5809154939901
-0.1351182933344
-0.5786069512008
-0.1479214817359
-0.5760249319536
-0.1606793724082
-0.5731701551955
-0.1733864357439
-0.5700434463219
-0.1860371620209
-0.5666457365272
-0.1986260633064
-0.5629780621212
-0.2111476753356
-0.5590415638146
-0.2235965593628
-0.5548374859726
-0.2359673039846
-0.5503671758392
-0.2482545269358
-0.5456320827310
-0.2604528768563
-0.5406337572046
-0.2725570350299
-0.5353738501957
-0.2845617170935
-0.5298541121327
-0.2964616747178
-0.5240763920250
-0.3082516972579
-0.5180426365276
-0.3199266133744
-0.5117548889824
-0.3314812926250
-0.5052152884370
-0.3429106470257
-0.4984260686436
-0.3542096325817
-0.4913895570366
-0.3653732507892
-0.4841081736917
-0.3763965501058
-0.4765844302669
-0.3872746273911
-0.4688209289258
-0.3980026293178
-0.4608203612451
-0.4085757537513
-0.4525855071064
-0.4189892511003
-0.4441192335740
-0.4292384256370
-0.4354244937585
-0.4393186367874
-0.4265043256684
-0.4492253003921
-0.4173618510496
-0.4589538899371
-0.4080002742138
-0.4684999377554
-0.3984228808571
-0.4778590362001
-0.3886330368694
-0.4870268387875
-0.3786341871347
-0.4959990613123
-0.3684298543250
-0.5047714829342
-0.3580236376854
-0.5133399472363
-0.3474192118151
-0.5217003632559
-0.3366203254415
-0.5298487064882
-0.3256308001902
-0.5377810198619
-0.3144545293509
-0.5454934146897
-0.3030954766399
-0.5529820715905
-0.2915576749603
-0.5602432413877
-0.2798452251593
-0.5672732459805
-0.2679622947853
-0.5740684791910
-0.2559131168429
-0.5806254075861
-0.2437019885485
-0.5869405712759
-0.2313332700864
-0.5930105846876
-0.2188113833644
-0.5988321373166
-0.2061408107726
-0.6044019944550
-0.1933260939425
-0.6097169978975
-0.1803718325094
-0.6147740666259
-0.1672826828771
-0.6195701974717
-0.1540633569859
-0.6241024657589
-0.1407186210845
-0.6283680259259
-0.1272532945052
-0.6323641121278
-0.1136722484448
-0.6360880388201
-0.0999804047484
-0.6395372013230
-0.0861827347001
-0.6427090763684
-0.0722842578177
-0.6456012226288
-0.0582900406537
-0.6482112812295
-0.0442051956024
-0.6505369762447
-0.0300348797126
-0.6525761151769
-0.0157842935071
-0.6543265894220
-0.0014586798089
-0.6557863747192
 0.0129366774265
-0.6569535315865
 0.0273964542705
-0.6578262057428
 0.0419152879750
-0.6584026285172
 0.0564877781180
-0.6586811172454
 0.0711084877421
-0.6586600756543
 0.0857719444853
-0.6583379942353
 0.1004726417040
-0.6577134506063
 0.1152050395896
-0.6567851098643
 0.1299635662755
-0.6555517249272
 0.1447426189381
-0.6540121368671
 0.1595365648894
-0.6521652752347
 0.1743397426616
-0.6500101583758
 0.1891464630845
-0.6475458937394
 0.2039510103552
-0.6447716781799
 0.2187476430997
-0.6416867982517
 0.2335305954282
-0.6382906304986
 0.2482940779811
-0.6345826417370
 0.2630322789695
-0.6305623893344
 0.2777393652074
-0.6262295214833
 0.2924094831369
-0.6215837774715
 0.3070367598472
-0.6166249879480
 0.3216153040856
-0.6113530751864
 0.3361392072632
-0.6057680533462
 0.3506025444529
-0.5998700287309
 0.3649993753824
-0.5936592000451
 0.3793237454199
-0.5871358586506
 0.3935696865556
-0.5803003888214
 0.4077312183757
-0.5731532679985
 0.4218023490330
-0.5656950670451
 0.4357770762112
-0.5579264505016
 0.4496493880848
-0.5498481768429
 0.4634132642749
-0.5414610987358
 0.4770626768002
-0.5327661632989
 0.4905915910243
-0.5237644123650
 0.5039939666004
-0.5144569827451
 0.5172637584108
-0.5048451064963
 0.5303949175058
-0.4949301111928
 0.5433813920386
-0.4847134202005
 0.5562171281983
-0.4741965529559
 0.5688960711416
-0.4633811252489
 0.5814121659230
-0.4522688495113
 0.5937593584235
-0.4408615351096
 0.6059315962794
-0.4291610886439
 0.6179228298105
-0.4171695142517
 0.6297270129491
-0.4048889139186
 0.6413381041690
-0.3923214877953
 0.6527500674160
-0.3794695345203
 0.6639568730406
-0.3663354515513
 0.6749524987317
-0.3529217355019
 0.6857309304539
-0.3392309824873
 0.6962861633869
-0.3252658884770
 0.7066122028697
-0.3110292496557
 0.7167030653472
-0.2965239627924
 0.7265527793233
-0.2817530256182
 0.7361553863174
-0.2667195372126
 0.7455049418276
-0.2514266983990
 0.7545955162998
-0.2358778121488
 0.7634211961034
-0.2200762839956
 0.7719760845145
-0.2040256224584
 0.7802543027067
-0.1877294394747
 0.7882499907513
-0.1711914508438
 0.7959573086249
-0.1544154766794
 0.8033704372284
-0.1374054418735
 0.8104835794152
-0.1201653765698
 0.8172909610306
-0.1026994166480
 0.8237868319630
-0.0850118042190
 0.8299654672071
-0.0671068881301
 0.8358211679396
-0.0489891244824
 0.8413482626092
-0.0306630771576
 0.8465411080400
-0.0121334183574
 0.8513940905505
 0.0065950708467
 0.8559016270874
 0.0255174999524
 0.8600581663765
 0.0446288684537
 0.8638581900900
 0.0639240652570
 0.8672962140322
 0.0833978680856
 0.8703667893425
 0.1030449428729
 0.8730645037193
 0.1228598431434
 0.8753839826627
 0.1428370093835
 0.8773198907384
 0.1629707683986
 0.8788669328631
 0.1832553326612
 0.8800198556129
 0.2036847996451
 0.8807734485538
 0.2242531511496
 0.8811225455975
 0.2449542526112
 0.8810620263813
 0.2657818524049
 0.8805868176743
 0.2867295811327
 0.8796918948096
 0.3077909509019
 0.8783722831451
 0.3289593545916
 0.8766230595518
 0.3502280651080
 0.8744393539318
 0.3715902346287
 0.8718163507674
 0.3930388938358
 0.8687492907000
 0.4145669511385
 0.8652334721428
 0.4361671918846
 0.8612642529256
 0.4578322775617
 0.8568370519750
 0.4795547449876
 0.8519473510285
 0.5013270054908
 0.8465906963865
 0.5231413440809
 0.8407627007005
 0.5449899186090
 0.8344590448005
 0.5668647589185
 0.8276754795618
 0.5887577659865
 0.8204078278123
 0.6106607110562
 0.8126519862822
 0.6325652347606
 0.8044039275963
 0.6544628462367
 0.7956597023109
 0.6763449222327
 0.7864154409957
 0.6982027062064
 0.7766673563627
 0.7200273074162
 0.7664117454432
 0.7418097000049
 0.7556449918138
 0.7635407220766
 0.7443635678726
 0.7852110747671
 0.7325640371682
 0.8068113213084
 0.7202430567810
 0.8283318860873
 0.7073973797595
 0.8497630536993
 0.6940238576129
 0.8710949679975
 0.6801194428606
 0.8923176311373
 0.6656811916411
 0.9134209026184
 0.6507062663811
 0.9343944983221
 0.6351919385271
 0.9552279895483
 0.6191355913392
 0.9759108020487
 0.6025347227520
 0.9964322150603
 0.5853869483005
 1.0167813603378
 0.5676900041152
 1.0369472211863
 0.5494417499877
 1.0569186314951
 0.5306401725068
 1.0766842747735
 0.5112833882700
 1.0962326831884
 0.4913696471688
 1.1155522366065
 0.4708973357521
 1.1346311616399
 0.4498649806687
 1.1534575306976
 0.4282712521902
 1.1720192610426
 0.4061149678177
 1.1903041138567
 0.3833950959728
 1.2082996933136
 0.3601107597762
 1.2259934456611
 0.3362612409149
 1.2433726583142
 0.3118459836007
 1.2604244589594
 0.2868645986225
 1.2771358146725
 0.2613168674936
 1.2934935310501
 0.2352027466974
 1.3094842513577
 0.2085223720327
 1.3250944556933
 0.1812760630622
 1.3403104601707
 0.1534643276656
 1.3551184161224
 0.1250878666995
 1.3695043093239
 0.0961475787688
 1.3834539592414
 0.0666445651086
 1.3969530183041
 0.0365801345825
 1.4099869712038
 0.0059558087987
 1.4225411342226
-0.0252266726545
 1.4346006545908
-0.0569653468485
 1.4461505098784
-0.0892580220294
 1.4571755074197
-0.1221022720030
 1.4676602837760
-0.1554954303881
 1.4775893042363
-0.1894345847351
 1.4869468623599
-0.2239165705058
 1.4957170795626
-0.2589379649128
 1.5038839047490
-0.2944950806131
 1.5114311139943
-0.3305839592556
 1.5183423102774
-0.3672003648757
 1.5246009232684
-0.4043397771366
 1.5301902091736
-0.4419973844117
 1.5350932506417
-0.4801680767057
 1.5392929567328
-0.5188464384105
 1.5427720629547
-0.5580267408915
 1.5455131313705
-0.5977029349013
 1.5474985507788
-0.6378686428173
 1.5487105369728
-0.6785171506974
 1.5491311330807
-0.7196414001523
 1.5487422099913
-0.7612339800274
 1.5475254668701
-0.8032871178935
 1.5454624317686
-0.8457926713385
 1.5425344623327
-0.8887421190585
 1.5387227466142
-0.9321265517420
 1.5340083039897
-0.9759366627440
 1.5283719861937
-1.0201627385445
 1.5217944784685
-1.0647946489866
 1.5142563008381
-1.1098218372902
 1.5057378095117
-1.1552333098359
 1.4962191984215
-1.2010176257134
 1.4856805009013
-1.2471628860310
 1.4741015915127
-1.2936567229789
 1.4614621880246
-1.3404862886433
 1.4477418535526
-1.3876382435631
 1.4329199988661
-1.4350987450271
 1.4169758848695
-1.4828534351026
 1.3998886252649
-1.5308874283924
 1.3816371894051
-1.5791852995132
 1.3622004053431
-1.6277310702887
 1.3415569630882
-1.6765081966539
 1.3196854180760
-1.7254995552611
 1.2965641948619
-1.7746874297843
 1.2721715910468
-1.8240534969137
 1.2464857814455
-1.8735788120349
 1.2194848225058
-1.9232437945856
 1.1911466569908
-1.9730282130830
 1.1614491189337
-2.0229111698157
 1.1303699388754
-2.0728710851926
 1.0978867493984
-2.1228856817418
 1.0639770909664
-2.1729319677520
 1.0286184180833
-2.2229862205498
 0.9917881057834
-2.2730239694043
 0.9534634564664
-2.3230199780525
 0.9136217070896
-2.3729482268370
 0.8722400367330
-2.4227818944477
 0.8292955745492
-2.4724933392609
 0.7847654081155
-2.5220540802654
 0.7386265922021
-2.5714347775696
 0.6908561579720
-2.6206052124786
 0.6414311226303
-2.6695342671349
 0.5903284995395
-2.7181899037113
 0.5375253088167
-2.7665391431493
 0.4829985884337
-2.8145480434321
 0.4267254058359
-2.8621816773828
 0.3686828701017
-2.9094041099789
 0.3088481446601
-2.9561783751722
 0.2471984605893
-3.0024664522043
 0.1837111305162
-3.0482292414072
 0.1183635631388
-3.0934265394782
 0.0511332783947
-3.1380170142178
-0.0180020767005
-3.1819581787196
-0.0890647115218
-3.2252063650003
-0.1620766745852
-3.2677166970577
-0.0890647115218
 3.2252063650003
-0.0180020767005
 3.1819581787196
 0.0511332783947
 3.1380170142178
 0.1183635631388
 3.0934265394782
 0.1837111305162
 3.0482292414072
 0.2471984605893
 3.0024664522043
 0.3088481446601
 2.9561783751722
 0.3686828701017
 2.9094041099789
 0.4267254058359
 2.8621816773828
 0.4829985884337
 2.8145480434321
 0.5375253088167
 2.7665391431493
 0.5903284995395
 2.7181899037113
 0.6414311226303
 2.6695342671349
 0.6908561579720
 2.6206052124786
 0.7386265922021
 2.5714347775696
 0.7847654081155
 2.5220540802654
 0.8292955745492
 2.4724933392609
 0.8722400367330
 2.4227818944477
 0.9136217070896
 2.3729482268370
 0.9534634564664
 2.3230199780525
 0.9917881057834
 2.2730239694043
 1.0286184180833
 2.2229862205498
 1.0639770909664
 2.1729319677520
 1.0978867493984
 2.1228856817418
 1.1303699388754
 2.0728710851926
 1.1614491189337
 2.0229111698157
 1.1911466569908
 1.9730282130830
 1.2194848225058
 1.9232437945856
 1.2464857814455
 1.8735788120349
 1.2721715910468
 1.8240534969137
 1.2965641948619
 1.7746874297843
 1.3196854180760
 1.7254995552611
 1.3415569630882
 1.6765081966539
 1.3622004053431
 1.6277310702887
 1.3816371894051
 1.5791852995132
 1.3998886252649
 1.5308874283924
 1.4169758848695
 1.4828534351026
 1.4329199988661
 1.4350987450271
 1.4477418535526
 1.3876382435631
 1.4614621880246
 1.3404862886433
 1.4741015915127
 1.2936567229789
 1.4856805009013
 1.2471628860310
 1.4962191984215
 1.2010176257134
 1.5057378095117
 1.1552333098359
 1.5142563008381
 1.1098218372902
 1.5217944784685
 1.0647946489866
 1.5283719861937
 1.0201627385445
 1.5340083039897
 0.9759366627440
 1.5387227466142
 0.9321265517420
 1.5425344623327
 0.8887421190585
 1.5454624317686
 0.8457926713385
 1.5475254668701
 0.8032871178935
 1.5487422099913
 0.7612339800274
 1.5491311330807
 0.7196414001523
 1.5487105369728
 0.6785171506974
 1.5474985507788
 0.6378686428173
 1.5455131313705
 0.5977029349013
 1.5427720629547
 0.5580267408915
 1.5392929567328
 0.5188464384105
 1.5350932506417
 0.4801680767057
 1.5301902091736
 0.4419973844117
 1.5246009232684
 0.4043397771366
 1.5183423102774
 0.3672003648757
 1.5114311139943
 0.3305839592556
 1.5038839047490
 0.2944950806131
 1.4957170795626
 0.2589379649128
 1.4869468623599
 0.2239165705058
 1.4775893042363
 0.1894345847351
 1.4676602837760
 0.1554954303881
 1.4571755074197
 0.1221022720030
 1.4461505098784
 0.0892580220294
 1.4346006545908
 0.0569653468485
 1.4225411342226
 0.0252266726545
 1.4099869712038
-0.0059558087987
 1.3969530183041
-0.0365801345825
 1.3834539592414
-0.0666445651086
 1.3695043093239
-0.0961475787688
 1.3551184161224
-0.1250878666995
 1.3403104601707
-0.1534643276656
 1.3250944556933
-0.1812760630622
 1.3094842513577
-0.2085223720327
 1.2934935310501
-0.2352027466974
 1.2771358146725
-0.2613168674936
 1.2604244589594
-0.2868645986225
 1.2433726583142
-0.3118459836007
 1.2259934456611
-0.3362612409149
 1.2082996933136
-0.3601107597762
 1.1903041138567
-0.3833950959728
 1.1720192610426
-0.4061149678177
 1.1534575306976
-0.4282712521902
 1.1346311616399
-0.4498649806687
 1.1155522366065
-0.4708973357521
 1.0962326831884
-0.4913696471688
 1.0766842747735
-0.5112833882700
 1.0569186314951
-0.5306401725068
 1.0369472211863
-0.5494417499877
 1.0167813603378
-0.5676900041152
 0.9964322150603
-0.5853869483005
 0.9759108020487
-0.6025347227520
 0.9552279895483
-0.6191355913392
 0.9343944983221
-0.6351919385271
 0.9134209026184
-0.6507062663811
 0.8923176311373
-0.6656811916411
 0.8710949679975
-0.6801194428606
 0.8497630536993
-0.6940238576129
 0.8283318860873
-0.7073973797595
 0.8068113213084
-0.7202430567810
 0.7852110747671
-0.7325640371682
 0.7635407220766
-0.7443635678726
 0.7418097000049
-0.7556449918138
 0.7200273074162
-0.7664117454432
 0.6982027062064
-0.7766673563627
 0.6763449222327
-0.7864154409957
 0.6544628462367
-0.7956597023109
 0.6325652347606
-0.8044039275963
 0.6106607110562
-0.8126519862822
 0.5887577659865
-0.8204078278123
 0.5668647589185
-0.8276754795618
 0.5449899186090
-0.8344590448005
 0.5231413440809
-0.8407627007005
 0.5013270054908
-0.8465906963865
 0.4795547449876
-0.8519473510285
 0.4578322775617
-0.8568370519750
 0.4361671918846
-0.8612642529256
 0.4145669511385
-0.8652334721428
 0.3930388938358
-0.8687492907000
 0.3715902346287
-0.8718163507674
 0.3502280651080
-0.8744393539318
 0.3289593545916
-0.8766230595518
 0.3077909509019
-0.8783722831451
 0.2867295811327
-0.8796918948096
 0.2657818524049
-0.8805868176743
 0.2449542526112
-0.8810620263813
 0.2242531511496
-0.8811225455975
 0.2036847996451
-0.8807734485538
 0.1832553326612
-0.8800198556129
 0.1629707683986
-0.8788669328631
 0.1428370093835
-0.8773198907384
 0.1228598431434
-0.8753839826627
 0.1030449428729
-0.8730645037193
 0.0833978680856
-0.8703667893425
 0.0639240652570
-0.8672962140322
 0.0446288684537
-0.8638581900900
 0.0255174999524
-0.8600581663765
 0.0065950708467
-0.8559016270874
-0.0121334183574
-0.8513940905505
-0.0306630771576
-0.8465411080400
-0.0489891244824
-0.8413482626092
-0.0671068881301
-0.8358211679396
-0.0850118042190
-0.8299654672071
-0.1026994166480
-0.8237868319630
-0.1201653765698
-0.8172909610306
-0.1374054418735
-0.8104835794152
-0.1544154766794
-0.8033704372284
-0.1711914508438
-0.7959573086249
-0.1877294394747
-0.7882499907513
-0.2040256224584
-0.7802543027067
-0.2200762839956
-0.7719760845145
-0.2358778121488
-0.7634211961034
-0.2514266983990
-0.7545955162998
-0.2667195372126
-0.7455049418276
-0.2817530256182
-0.7361553863174
-0.2965239627924
-0.7265527793233
-0.3110292496557
-0.7167030653472
-0.3252658884770
-0.7066122028697
-0.3392309824873
-0.6962861633869
-0.3529217355019
-0.6857309304539
-0.3663354515513
-0.6749524987317
-0.3794695345203
-0.6639568730406
-0.3923214877953
-0.6527500674160
-0.4048889139186
-0.6413381041690
-0.4171695142517
-0.6297270129491
-0.4291610886439
-0.6179228298105
-0.4408615351096
-0.6059315962794
-0.4522688495113
-0.5937593584235
-0.4633811252489
-0.5814121659230
-0.4741965529559
-0.5688960711416
-0.4847134202005
-0.5562171281983
-0.4949301111928
-0.5433813920386
-0.5048451064963
-0.5303949175058
-0.5144569827451
-0.5172637584108
-0.5237644123650
-0.5039939666004
-0.5327661632989
-0.4905915910243
-0.5414610987358
-0.4770626768002
-0.5498481768429
-0.4634132642749
-0.5579264505016
-0.4496493880848
-0.5656950670451
-0.4357770762112
-0.5731532679985
-0.4218023490330
-0.5803003888214
-0.4077312183757
-0.5871358586506
-0.3935696865556
-0.5936592000451
-0.3793237454199
-0.5998700287309
-0.3649993753824
-0.6057680533462
-0.3506025444529
-0.6113530751864
-0.3361392072632
-0.6166249879480
-0.3216153040856
-0.6215837774715
-0.3070367598472
-0.6262295214833
-0.2924094831369
-0.6305623893344
-0.2777393652074
-0.6345826417370
-0.2630322789695
-0.6382906304986
-0.2482940779811
-0.6416867982517
-0.2335305954282
-0.6447716781799
-0.2187476430997
-0.6475458937394
-0.2039510103552
-0.6500101583758
-0.1891464630845
-0.6521652752347
-0.1743397426616
-0.6540121368671
-0.1595365648894
-0.6555517249272
-0.1447426189381
-0.6567851098643
-0.1299635662755
-0.6577134506063
-0.1152050395896
-0.6583379942353
-0.1004726417040
-0.6586600756543
-0.0857719444853
-0.6586811172454
-0.0711084877421
-0.6584026285172
-0.0564877781180
-0.6578262057428
-0.0419152879750
-0.6569535315865
-0.0273964542705
-0.6557863747192
-0.0129366774265
-0.6543265894220
 0.0014586798089
-0.6525761151769
 0.0157842935071
-0.6505369762447
 0.0300348797126
-0.6482112812295
 0.0442051956024
-0.6456012226288
 0.0582900406537
-0.6427090763684
 0.0722842578177
-0.6395372013230
 0.0861827347001
-0.6360880388201
 0.0999804047484
-0.6323641121278
 0.1136722484448
-0.6283680259259
 0.1272532945052
-0.6241024657589
 0.1407186210845
-0.6195701974717
 0.1540633569859
-0.6147740666259
 0.1672826828771
-0.6097169978975
 0.1803718325094
-0.6044019944550
 0.1933260939425
-0.5988321373166
 0.2061408107726
-0.5930105846876
 0.2188113833644
-0.5869405712759
 0.2313332700864
-0.5806254075861
 0.2437019885485
-0.5740684791910
 0.2559131168429
-0.5672732459805
 0.2679622947853
-0.5602432413877
 0.2798452251593
-0.5529820715905
 0.2915576749603
-0.5454934146897
 0.3030954766399
-0.5377810198619
 0.3144545293509
-0.5298487064882
 0.3256308001902
-0.5217003632559
 0.3366203254415
-0.5133399472363
 0.3474192118151
-0.5047714829342
 0.3580236376854
-0.4959990613123
 0.3684298543250
-0.4870268387875
 0.3786341871347
-0.4778590362001
 0.3886330368694
-0.4684999377554
 0.3984228808571
-0.4589538899371
 0.4080002742138
-0.4492253003921
 0.4173618510496
-0.4393186367874
 0.4265043256684
-0.4292384256370
 0.4354244937585
-0.4189892511003
 0.4441192335740
-0.4085757537513
 0.4525855071064
-0.3980026293178
 0.4608203612451
-0.3872746273911
 0.4688209289258
-0.3763965501058
 0.4765844302669
-0.3653732507892
 0.4841081736917
-0.3542096325817
 0.4913895570366
-0.3429106470257
 0.4984260686436
-0.3314812926250
 0.5052152884370
-0.3199266133744
 0.5117548889824
-0.3082516972579
 0.5180426365276
-0.2964616747178
 0.5240763920250
-0.2845617170935
 0.5298541121327
-0.2725570350299
 0.5353738501957
-0.2604528768563
 0.5406337572046
-0.2482545269358
 0.5456320827310
-0.2359673039846
 0.5503671758392
-0.2235965593628
 0.5548374859726
-0.2111476753356
 0.5590415638146
-0.1986260633064
 0.5629780621212
-0.1860371620209
 0.5666457365272
-0.1733864357439
 0.5700434463219
-0.1606793724082
 0.5731701551955
-0.1479214817359
 0.5760249319536
-0.1351182933344
 0.5786069512008
-0.1222753547644
 0.5809154939901
-0.1093982295843
 0.5829499484384
-0.0964924953677
 0.5847098103072
-0.0835637416980
 0.5861946835470
-0.0706175681385
 0.5874042808047
-0.0576595821793
 0.5883384238927
-0.0446953971629
 0.5889970442193
-0.0317306301868
 0.5893801831791
-0.0187708999867
 0.5894879925026
-0.0058218247992
 0.5893207345637
 0.0071109797950
 0.5888787826450
 0.0200219030449
 0.5881626211592
 0.0329053412209
 0.5871728458264
 0.0457556998227
 0.5859101638061
 0.0585673958022
 0.5843753937830
 0.0713348598002
 0.5825694660061
 0.0840525383968
 0.5804934222806
 0.0967148963730
 0.5781484159108
 0.1093164189837
 0.5755357115946
 0.1218516142398
 0.5726566852682
 0.1343150151986
 0.5695128239000
 0.1467011822621
 0.5661057252346
 0.1590047054799
 0.5624370974844
 0.1712202068577
 0.5585087589694
 0.1833423426688
 0.5543226377048
 0.1953658057666
 0.5498807709353
 0.2072853278991
 0.5451853046159
 0.2190956820208
 0.5402384928395
 0.2307916846038
 0.5350426972094
 0.2423681979440
 0.5296003861581
 0.2538201324622
 0.5239141342113
 0.2651424489992
 0.5179866211967
 0.2763301611017
 0.5118206313978
 0.2873783372990
 0.5054190526529
 0.2982821033683
 0.4987848753980
 0.3090366445866
 0.4919211916553
 0.3196372079694
 0.4848311939659
 0.3300791044923
 0.4775181742674
 0.3403577112954
 0.4699855227161
 0.3504684738689
 0.4622367264551
 0.3604069082176
 0.4542753683270
 0.3701686030036
 0.4461051255322
 0.3797492216642
 0.4377297682337
 0.3891445045057
 0.4291531581073
 0.3983502707691
 0.4203792468396
 0.4073624206677
 0.4114120745723
 0.4161769373943
 0.4022557682946
 0.4247898890971
 0.3929145401841
 0.4331974308218
 0.3833926858965
 0.4413958064196
 0.3736945828048
 0.4493813504181
 0.3638246881895
 0.4571504898551
 0.3537875373793
 0.4646997460729
 0.3435877418446
 0.4720257364719
 0.3332299872433
 0.4791251762216
 0.3227190314211
 0.4859948799292
 0.3120597023664
 0.4926317632619
 0.3012568961213
 0.4990328445239
 0.2903155746496
 0.5051952461851
 0.2792407636633
 0.5111161963618
 0.2680375504082
 0.5167930302460
 0.2567110814101
 0.5222231914847
 0.2452665601836
 0.5274042335055
 0.2337092449032
 0.5323338207892
 0.2220444460399
 0.5370097300877
 0.2102775239632
 0.5414298515852
 0.1984138865111
 0.5455921900036
 0.1864589865287
 0.5494948656497
 0.1744183193772
 0.5531361154034
 0.1622974204158
 0.5565142936466
 0.1501018624558
 0.5596278731315
 0.1378372531911
 0.5624754457882
 0.1255092326053
 0.5650557234696
 0.1131234703569
 0.5673675386344
 0.1006856631454
 0.5694098449669
 0.0882015320589
 0.5711817179325
 0.0756768199058
 0.5726823552694
 0.0631172885315
 0.5739110774160
 0.0505287161225
 0.5748673278725
 0.0379168945001
 0.5755506734977
 0.0252876264043
 0.5759608047397
 0.0126467227703
