 0.3841112179589
 0.0000000000000
 0.3832906626302
-0.0252835765029
 0.3808323480833
-0.0504623842893
 0.3767463124235
-0.0754320993070
 0.3710492319172
-0.1000892841119
 0.3637643405929
-0.1243318244006
 0.3549213186067
-0.1480593575008
 0.3445561502790
-0.1711736902725
 0.3327109529489
-0.1935792039923
 0.3194337780163
-0.2151832439245
 0.3047783857410
-0.2358964914515
 0.2888039955594
-0.2556333168107
 0.2715750138323
-0.2743121106882
 0.2531607410784
-0.2918555931296
 0.2336350608566
-0.3081910984509
 0.2130761125463
-0.3232508350664
 0.1915659503291
-0.3369721193811
 0.1691901907105
-0.3492975831346
 0.1460376509212
-0.3601753538146
 0.1221999805222
-0.3695592079880
 0.0977712884900
-0.3774086976161
 0.0728477679958
-0.3836892496339
 0.0475273210062
-0.3883722392649
 0.0219091847286
-0.3914350377311
-0.0039064381949
-0.3928610351814
-0.0298187439724
-0.3926396398094
-0.0557266848001
-0.3907662542653
-0.0815293173766
-0.3872422305767
-0.1071261414779
-0.3820748048848
-0.1324174274400
-0.3752770133785
-0.1573045315570
-0.3668675908625
-0.1816901985708
-0.3568708534315
-0.2054788505865
-0.3453165667447
-0.2285768619071
-0.3322398013953
-0.2508928194300
-0.3176807768592
-0.2723377683979
-0.3016846954804
-0.2928254434278
-0.2843015679120
-0.3122724848734
-0.2655860313820
-0.3305986406955
-0.2455971620926
-0.3477269541197
-0.2243982829940
-0.3635839374626
-0.2020567680970
-0.3780997325933
-0.1786438444101
-0.3912082585739
-0.1542343924966
-0.4028473470907
-0.1289067465639
-0.4129588663415
-0.1027424949007
-0.4214888340946
-0.0758262813887
-0.4283875206686
-0.0482456087225
-0.4336095426132
-0.0200906438776
-0.4371139478893
 0.0085459737221
-0.4388642933611
 0.0375693209754
-0.4388287154152
 0.0668823765391
-0.4369799945240
 0.0963862027350
-0.4332956145605
 0.1259801238169
-0.4277578176612
 0.1555619005649
-0.4203536554176
 0.1850279012444
-0.4110750371526
 0.2142732690406
-0.3999187760192
 0.2431920861445
-0.3868866336259
 0.2716775347283
-0.3719853638687
 0.2996220551099
-0.3552267566139
 0.3269175014605
-0.3366276818452
 0.3534552954649
-0.3162101348524
 0.3791265783920
-0.2940012830041
 0.4038223620833
-0.2700335146108
 0.4274336794125
-0.2443444903462
 0.4498517348119
-0.2169771976582
 0.4709680555055
-0.1879800085654
 0.4906746441289
-0.1574067411920
 0.5088641334546
-0.1253167253618
 0.5254299439857
-0.0917748725301
 0.5402664452135
-0.0568517502953
 0.5532691213801
-0.0206236616925
 0.5643347426250
 0.0168272705657
 0.5733615424340
 0.0554130147784
 0.5802494023540
 0.0950395357905
 0.5849000449805
 0.1356066953304
 0.5872172362684
 0.1770081471506
 0.5871069982701
 0.2191312270160
 0.5844778334500
 0.2618568376310
 0.5792409617864
 0.3050593286433
 0.5713105719237
 0.3486063719163
 0.5606040877045
 0.3923588323139
 0.5470424514772
 0.4361706343009
 0.5305504256454
 0.4798886247261
 0.5110569140060
 0.5233524322200
 0.4884953045029
 0.5663943237164
 0.4628038351161
 0.6088390586831
 0.4339259847030
 0.6505037417389
 0.4018108907099
 0.6911976744274
 0.3664137957915
 0.7307222070241
 0.3276965254906
 0.7688705913732
 0.2856279992682
 0.8054278358739
 0.2401847773126
 0.8401705638854
 0.1913516457094
 0.8728668769725
 0.1391222427217
 0.9032762245923
 0.0834997291055
 0.9311492820177
 0.0244975055789
 0.9562278385102
-0.0378600192306
 0.9782446979952
-0.1035366068127
 0.9969235947652
-0.1724833089861
 1.0119791270354
-0.2446375262493
 1.0231167115101
-0.3199219999447
 1.0300325624975
-0.3982437336103
 1.0324136995237
-0.4794928385716
 1.0299379878698
-0.5635412984768
 1.0222742169762
-0.6502416471075
 1.0090822222468
-0.7394255533945
 0.9900130564423
-0.8309023071362
 0.9647092175881
-0.9244571984549
 0.9328049411477
-1.0198497835296
 0.8939265651423
-1.1168120286098
 0.8476929779350
-1.2150463237450
 0.7937161595722
-1.3142233570513
 0.7316018288878
-1.4139798396878
 0.6609502100612
-1.5139160710112
 0.5813569339843
-1.6135933326421
 0.4924140916789
-1.7125310993784
 0.3937114591229
-1.8102040540582
 0.2848379152411
-1.9060388925825
 0.1653830775238
-1.9994109043760
 0.0349391827925
-2.0896403125748
-0.1068967559021
-2.1759883572046
 0.0349391827925
 2.0896403125748
 0.1653830775238
 1.9994109043760
 0.2848379152411
 1.9060388925825
 0.3937114591229
 1.8102040540582
 0.4924140916789
 1.7125310993784
 0.5813569339843
 1.6135933326421
 0.6609502100612
 1.5139160710112
 0.7316018288878
 1.4139798396878
 0.7937161595722
 1.3142233570513
 0.8476929779350
 1.2150463237450
 0.8939265651423
 1.1168120286098
 0.9328049411477
 1.0198497835296
 0.9647092175881
 0.9244571984549
 0.9900130564423
 0.8309023071362
 1.0090822222468
 0.7394255533945
 1.0222742169762
 0.6502416471075
 1.0299379878698
 0.5635412984768
 1.0324136995237
 0.4794928385716
 1.0300325624975
 0.3982437336103
 1.0231167115101
 0.3199219999447
 1.0119791270354
 0.2446375262493
 0.9969235947652
 0.1724833089861
 0.9782446979952
 0.1035366068127
 0.9562278385102
 0.0378600192306
 0.9311492820177
-0.0244975055789
 0.9032762245923
-0.0834997291055
 0.8728668769725
-0.1391222427217
 0.8401705638854
-0.1913516457094
 0.8054278358739
-0.2401847773126
 0.7688705913732
-0.2856279992682
 0.7307222070241
-0.3276965254906
 0.6911976744274
-0.3664137957915
 0.6505037417389
-0.4018108907099
 0.6088390586831
-0.4339259847030
 0.5663943237164
-0.4628038351161
 0.5233524322200
-0.4884953045029
 0.4798886247261
-0.5110569140060
 0.4361706343009
-0.5305504256454
 0.3923588323139
-0.5470424514772
 0.3486063719163
-0.5606040877045
 0.3050593286433
-0.5713105719237
 0.2618568376310
-0.5792409617864
 0.2191312270160
-0.5844778334500
 0.1770081471506
-0.5871069982701
 0.1356066953304
-0.5872172362684
 0.0950395357905
-0.5849000449805
 0.0554130147784
-0.5802494023540
 0.0168272705657
-0.5733615424340
-0.0206236616925
-0.5643347426250
-0.0568517502953
-0.5532691213801
-0.0917748725301
-0.5402664452135
-0.1253167253618
-0.5254299439857
-0.1574067411920
-0.5088641334546
-0.1879800085654
-0.4906746441289
-0.2169771976582
-0.4709680555055
-0.2443444903462
-0.4498517348119
-0.2700335146108
-0.4274336794125
-0.2940012830041
-0.4038223620833
-0.3162101348524
-0.3791265783920
-0.3366276818452
-0.3534552954649
-0.3552267566139
-0.3269175014605
-0.3719853638687
-0.2996220551099
-0.3868866336259
-0.2716775347283
-0.3999187760192
-0.2431920861445
-0.4110750371526
-0.2142732690406
-0.4203536554176
-0.1850279012444
-0.4277578176612
-0.1555619005649
-0.4332956145605
-0.1259801238169
-0.4369799945240
-0.0963862027350
-0.4388287154152
-0.0668823765391
-0.4388642933611
-0.0375693209754
-0.4371139478893
-0.0085459737221
-0.4336095426132
 0.0200906438776
-0.4283875206686
 0.0482456087225
-0.4214888340946
 0.0758262813887
-0.4129588663415
 0.1027424949007
-0.4028473470907
 0.1289067465639
-0.3912082585739
 0.1542343924966
-0.3780997325933
 0.1786438444101
-0.3635839374626
 0.2020567680970
-0.3477269541197
 0.2243982829940
-0.3305986406955
 0.2455971620926
-0.3122724848734
 0.2655860313820
-0.2928254434278
 0.2843015679120
-0.2723377683979
 0.3016846954804
-0.2508928194300
 0.3176807768592
-0.2285768619071
 0.3322398013953
-0.2054788505865
 0.3453165667447
-0.1816901985708
 0.3568708534315
-0.1573045315570
 0.3668675908625
-0.1324174274400
 0.3752770133785
-0.1071261414779
 0.3820748048848
-0.0815293173766
 0.3872422305767
-0.0557266848001
 0.3907662542653
-0.0298187439724
 0.3926396398094
-0.0039064381949
 0.3928610351814
 0.0219091847286
 0.3914350377311
 0.0475273210062
 0.3883722392649
 0.0728477679958
 0.3836892496339
 0.0977712884900
 0.3774086976161
 0.1221999805222
 0.3695592079880
 0.1460376509212
 0.3601753538146
 0.1691901907105
 0.3492975831346
 0.1915659503291
 0.3369721193811
 0.2130761125463
 0.3232508350664
 0.2336350608566
 0.3081910984509
 0.2531607410784
 0.2918555931296
 0.2715750138323
 0.2743121106882
 0.2888039955594
 0.2556333168107
 0.3047783857410
 0.2358964914515
 0.3194337780163
 0.2151832439245
 0.3327109529489
 0.1935792039923
 0.3445561502790
 0.1711736902725
 0.3549213186067
 0.1480593575008
 0.3637643405929
 0.1243318244006
 0.3710492319172
 0.1000892841119
 0.3767463124235
 0.0754320993070
 0.3808323480833
 0.0504623842893
 0.3832906626302
 0.0252835765029
