 0.6145191568573
 0.0000000000000
 0.5819804430283
-0.1988864678660
 0.4876440326276
-0.3773666709575
 0.3409667183067
-0.5171427548809
 0.1565081991811
-0.6038328094160
-0.0476384421369
-0.6282505724615
-0.2516502178738
-0.5870511482184
-0.4357550137617
-0.4827635448017
-0.5817938504091
-0.3233278422183
-0.6744572895020
-0.1213030748542
-0.7021757158997
 0.1070878181942
-0.6577093032971
 0.3429435075655
-0.5385213914498
 0.5656180515087
-0.3470313365516
 0.7535727731784
-0.0908370511127
 0.8851615618465
 0.2170186636401
 0.9394016861592
 0.5576844923054
 0.8968124964717
 0.9060087444060
 0.7404330219836
 1.2299139134407
 0.4571624982820
 1.4896661132683
 0.0396118047165
 1.6371202560021
-0.5112852887160
 1.6151103822637
-1.1825710452308
 1.3573049547821
-1.9440476926778
 0.7890863335158
-2.7410430728263
-0.1696671081897
-3.4846799546904
 0.7890863335158
 2.7410430728263
 1.3573049547821
 1.9440476926778
 1.6151103822637
 1.1825710452308
 1.6371202560021
 0.5112852887160
 1.4896661132683
-0.0396118047165
 1.2299139134407
-0.4571624982820
 0.9060087444060
-0.7404330219836
 0.5576844923054
-0.8968124964717
 0.2170186636401
-0.9394016861592
-0.0908370511127
-0.8851615618465
-0.3470313365516
-0.7535727731784
-0.5385213914498
-0.5656180515087
-0.6577093032971
-0.3429435075655
-0.7021757158997
-0.1070878181942
-0.6744572895020
 0.1213030748542
-0.5817938504091
 0.3233278422183
-0.4357550137617
 0.4827635448017
-0.2516502178738
 0.5870511482184
-0.0476384421369
 0.6282505724615
 0.1565081991811
 0.6038328094160
 0.3409667183067
 0.5171427548809
 0.4876440326276
 0.3773666709575
 0.5819804430283
 0.1988864678660
