 0.6145191568573
 0.0000000000000
 0.6140064684848
-0.0252881889796
 0.6124692199403
-0.0505354729519
 0.6099098594109
-0.0757010144859
 0.6063324621054
-0.1007441111434
 0.6017427226166
-0.1256242625768
 0.5961479442621
-0.1503012371495
 0.5895570254382
-0.1747351379243
 0.5819804430283
-0.1988864678660
 0.5734302329198
-0.2227161941074
 0.5639199676877
-0.2461858111353
 0.5534647315173
-0.2692574027514
 0.5420810924406
-0.2918937026747
 0.5297870719739
-0.3140581536525
 0.5166021122470
-0.3357149649554
 0.5025470407250
-0.3568291681389
 0.4876440326276
-0.3773666709575
 0.4719165711569
-0.3972943093300
 0.4553894056510
-0.4165798972571
 0.4380885077847
-0.4351922746024
 0.4200410259425
-0.4531013526576
 0.4012752378928
-0.4702781574178
 0.3818205018953
-0.4866948705033
 0.3617072063763
-0.5023248676730
 0.3409667183067
-0.5171427548809
 0.3196313304204
-0.5311244018392
 0.2977342074108
-0.5442469730569
 0.2753093312427
-0.5564889563325
 0.2523914457153
-0.5678301886890
 0.2290160004149
-0.5782518797444
 0.2052190941873
-0.5877366325231
 0.1810374182659
-0.5962684617170
 0.1565081991811
-0.6038328094160
 0.1316691415796
-0.6104165583337
 0.1065583710747
-0.6160080425586
 0.0812143772469
-0.6205970558728
 0.0556759569093
-0.6241748576814
 0.0299821577463
-0.6267341766030
 0.0041722224328
-0.6282692117796
-0.0217144666688
-0.6287756319656
-0.0476384421369
-0.6282505724615
-0.0735602053583
-0.6266926299635
-0.0994402795484
-0.6241018554015
-0.1252392618501
-0.6204797448418
-0.1509178744373
-0.6158292285364
-0.1764370145584
-0.6101546581983
-0.2017578034604
-0.6034617925882
-0.2268416341401
-0.5957577814981
-0.2516502178738
-0.5870511482184
-0.2761456294849
-0.5773517705758
-0.3002903513122
-0.5666708606303
-0.3240473158508
-0.5550209431186
-0.3473799470375
-0.5424158327330
-0.3702522001653
-0.5288706103205
-0.3926286004103
-0.5144015980906
-0.4144742799633
-0.4990263339146
-0.4357550137617
-0.4827635448017
-0.4564372538240
-0.4656331196311
-0.4764881621892
-0.4476560812218
-0.4958756424742
-0.4288545578166
-0.5145683700600
-0.4092517540545
-0.5325358209260
-0.3888719215053
-0.5497482991527
-0.3677403288351
-0.5661769631171
-0.3458832316694
-0.5817938504091
-0.3233278422183
-0.5965719014985
-0.3001022987233
-0.6104849821862
-0.2762356347849
-0.6235079048748
-0.2517577486230
-0.6356164486966
-0.2266993723236
-0.6467873785384
-0.2010920411170
-0.6569984630043
-0.1749680627337
-0.6662284913600
-0.1483604868775
-0.6744572895020
-0.1213030748542
-0.6816657349977
-0.0938302693900
-0.6878357712425
-0.0659771646696
-0.6929504207803
-0.0377794766230
-0.6969937978358
-0.0092735134833
-0.6999511201066
 0.0195038533607
-0.7018087198621
 0.0485152182026
-0.7025540543988
 0.0777226695293
-0.7021757158997
 0.1070878181942
-0.7006634407462
 0.1365718252451
-0.6980081183297
 0.1661354293984
-0.6942017994105
 0.1957389741585
-0.6892377040718
 0.2253424345810
-0.6831102293129
 0.2549054436830
-0.6758149563298
 0.2843873185043
-0.6673486575259
 0.3137470858271
-0.6577093032971
 0.3429435075655
-0.6468960686359
 0.3719351058347
-0.6349093395935
 0.4006801877163
-0.6217507196443
 0.4291368697353
-0.6074230359897
 0.4572631020682
-0.5919303458419
 0.4850166925025
-0.5752779427248
 0.5123553301719
-0.5574723628280
 0.5392366090895
-0.5385213914498
 0.5656180515087
-0.5184340695626
 0.5914571311379
-0.4972207005338
 0.6167112962416
-0.4748928570340
 0.6413379926574
-0.4514633881618
 0.6652946867652
-0.4269464268148
 0.6885388884428
-0.4013573973345
 0.7110281740448
-0.3747130234508
 0.7327202094445
-0.3470313365516
 0.7535727731784
-0.3183316843013
 0.7735437797354
-0.2886347396301
 0.7925913030343
-0.2579625101154
 0.8106736001347
-0.2263383477753
 0.8277491352280
-0.1937869592918
 0.8437766039566
-0.1603344166826
 0.8587149581110
-0.1260081684338
 0.8725234307572
-0.0908370511127
 0.8851615618465
-0.0548513014682
 0.8965892243631
-0.0180825690356
 0.9067666510664
 0.0194360707477
 0.9156544618856
 0.0576701029054
 0.9232136920277
 0.0965835587567
 0.9294058208604
 0.1361390012171
 0.9341928016340
 0.1762975095605
 0.9375370921094
 0.2170186636401
 0.9394016861592
 0.2582605275674
 0.9397501464126
 0.2999796328493
 0.9385466380179
 0.3421309609861
 0.9357559635960
 0.3846679255339
 0.9313435994643
 0.4275423536388
 0.9252757332101
 0.4707044670492
 0.9175193026960
 0.5141028626180
 0.9080420365849
 0.5576844923054
 0.8968124964717
 0.6013946426993
 0.8838001207139
 0.6451769140678
 0.8689752700565
 0.6889731989655
 0.8523092751499
 0.7327236604160
 0.8337744860622
 0.7763667096951
 0.8133443238918
 0.8198389837446
 0.7909933345901
 0.8630753222482
 0.7666972451080
 0.9060087444060
 0.7404330219836
 0.9485704254455
 0.7121789324933
 0.9906896729154
 0.6819146084934
 1.0322939028078
 0.6496211130831
 1.0733086155642
 0.6152810102259
 1.1136573720213
 0.5788784374695
 1.1532617693613
 0.5403991819123
 1.1920414171360
 0.4998307595674
 1.2299139134407
 0.4571624982820
 1.2667948213187
 0.4123856243756
 1.3025976454891
 0.3654933531662
 1.3372338094926
 0.3164809835594
 1.3706126333623
 0.2653459968817
 1.4026413119344
 0.2120881601460
 1.4332248939228
 0.1567096339426
 1.4622662618909
 0.0992150851564
 1.4896661132683
 0.0396118047165
 1.5153229425661
-0.0220901694087
 1.5391330249626
-0.0858779237509
 1.5609904014401
-0.1517355351912
 1.5807868656694
-0.2196439308871
 1.5984119528532
-0.2895807420391
 1.6137529307549
-0.3615201512552
 1.6266947931559
-0.4354327332627
 1.6371202560021
-0.5112852887160
 1.6449097565187
-0.5890406708425
 1.6499414555911
-0.6686576046639
 1.6520912437311
-0.7500904985318
 1.6512327509662
-0.8332892477088
 1.6472373610151
-0.9181990297315
 1.6399742301308
-1.0047600912860
 1.6293103110194
-1.0929075263347
 1.6151103822637
-1.1825710452308
 1.5972370837066
-1.2736747345674
 1.5755509582717
-1.3661368075102
 1.5499105007230
-1.4598693443788
 1.5201722138888
-1.5547780232477
 1.4861906728990
-1.6507618403579
 1.4478185980023
-1.7477128201474
 1.4049069365548
-1.8455157147296
 1.3573049547821
-1.9440476926778
 1.3048603399370
-2.0431780170015
 1.2474193134783
-2.1427677122380
 1.1848267559044
-2.2426692206226
 1.1169263438713
-2.3427260473460
 1.0435607002140
-2.4427723949619
 0.9645715574693
-2.5426327870641
 0.8797999354680
-2.6421216814212
 0.7890863335158
-2.7410430728263
 0.6922709376199
-2.8391900860045
 0.5891938431352
-2.9363445590062
 0.4796952930985
-3.0322766176135
 0.3636159323803
-3.1267442413930
 0.2407970776227
-3.2194928221430
 0.1110810027210
-3.3102547156066
-0.0256887606404
-3.3987487874557
-0.1696671081897
-3.4846799546905
-0.0256887606404
 3.3987487874557
 0.1110810027210
 3.3102547156066
 0.2407970776227
 3.2194928221430
 0.3636159323803
 3.1267442413930
 0.4796952930985
 3.0322766176135
 0.5891938431352
 2.9363445590062
 0.6922709376199
 2.8391900860045
 0.7890863335158
 2.7410430728263
 0.8797999354680
 2.6421216814212
 0.9645715574693
 2.5426327870641
 1.0435607002140
 2.4427723949619
 1.1169263438713
 2.3427260473460
 1.1848267559044
 2.2426692206226
 1.2474193134783
 2.1427677122380
 1.3048603399370
 2.0431780170015
 1.3573049547821
 1.9440476926778
 1.4049069365548
 1.8455157147296
 1.4478185980023
 1.7477128201474
 1.4861906728990
 1.6507618403579
 1.5201722138888
 1.5547780232477
 1.5499105007230
 1.4598693443788
 1.5755509582717
 1.3661368075102
 1.5972370837066
 1.2736747345674
 1.6151103822637
 1.1825710452308
 1.6293103110194
 1.0929075263347
 1.6399742301308
 1.0047600912860
 1.6472373610151
 0.9181990297315
 1.6512327509662
 0.8332892477088
 1.6520912437311
 0.7500904985318
 1.6499414555911
 0.6686576046639
 1.6449097565187
 0.5890406708425
 1.6371202560021
 0.5112852887160
 1.6266947931559
 0.4354327332627
 1.6137529307549
 0.3615201512552
 1.5984119528532
 0.2895807420391
 1.5807868656694
 0.2196439308871
 1.5609904014401
 0.1517355351912
 1.5391330249626
 0.0858779237509
 1.5153229425661
 0.0220901694087
 1.4896661132683
-0.0396118047165
 1.4622662618909
-0.0992150851564
 1.4332248939228
-0.1567096339426
 1.4026413119344
-0.2120881601460
 1.3706126333623
-0.2653459968817
 1.3372338094926
-0.3164809835594
 1.3025976454891
-0.3654933531662
 1.2667948213187
-0.4123856243756
 1.2299139134407
-0.4571624982820
 1.1920414171360
-0.4998307595674
 1.1532617693613
-0.5403991819123
 1.1136573720213
-0.5788784374695
 1.0733086155642
-0.6152810102259
 1.0322939028078
-0.6496211130831
 0.9906896729154
-0.6819146084934
 0.9485704254455
-0.7121789324933
 0.9060087444060
-0.7404330219836
 0.8630753222482
-0.7666972451080
 0.8198389837446
-0.7909933345901
 0.7763667096951
-0.8133443238918
 0.7327236604160
-0.8337744860622
 0.6889731989655
-0.8523092751499
 0.6451769140678
-0.8689752700565
 0.6013946426993
-0.8838001207139
 0.5576844923054
-0.8968124964717
 0.5141028626180
-0.9080420365849
 0.4707044670492
-0.9175193026960
 0.4275423536388
-0.9252757332101
 0.3846679255339
-0.9313435994643
 0.3421309609861
-0.9357559635960
 0.2999796328493
-0.9385466380179
 0.2582605275674
-0.9397501464126
 0.2170186636401
-0.9394016861592
 0.1762975095605
-0.9375370921094
 0.1361390012171
-0.9341928016340
 0.0965835587567
-0.9294058208604
 0.0576701029054
-0.9232136920277
 0.0194360707477
-0.9156544618856
-0.0180825690356
-0.9067666510664
-0.0548513014682
-0.8965892243631
-0.0908370511127
-0.8851615618465
-0.1260081684338
-0.8725234307572
-0.1603344166826
-0.8587149581110
-0.1937869592918
-0.8437766039566
-0.2263383477753
-0.8277491352280
-0.2579625101154
-0.8106736001347
-0.2886347396301
-0.7925913030343
-0.3183316843013
-0.7735437797354
-0.3470313365516
-0.7535727731784
-0.3747130234508
-0.7327202094445
-0.4013573973345
-0.7110281740448
-0.4269464268148
-0.6885388884428
-0.4514633881618
-0.6652946867652
-0.4748928570340
-0.6413379926574
-0.4972207005338
-0.6167112962416
-0.5184340695626
-0.5914571311379
-0.5385213914498
-0.5656180515087
-0.5574723628280
-0.5392366090895
-0.5752779427248
-0.5123553301719
-0.5919303458419
-0.4850166925025
-0.6074230359897
-0.4572631020682
-0.6217507196443
-0.4291368697353
-0.6349093395935
-0.4006801877163
-0.6468960686359
-0.3719351058347
-0.6577093032971
-0.3429435075655
-0.6673486575259
-0.3137470858271
-0.6758149563298
-0.2843873185043
-0.6831102293129
-0.2549054436830
-0.6892377040718
-0.2253424345810
-0.6942017994105
-0.1957389741585
-0.6980081183297
-0.1661354293984
-0.7006634407462
-0.1365718252451
-0.7021757158997
-0.1070878181942
-0.7025540543988
-0.0777226695293
-0.7018087198621
-0.0485152182026
-0.6999511201066
-0.0195038533607
-0.6969937978358
 0.0092735134833
-0.6929504207803
 0.0377794766230
-0.6878357712425
 0.0659771646696
-0.6816657349977
 0.0938302693900
-0.6744572895020
 0.1213030748542
-0.6662284913600
 0.1483604868775
-0.6569984630043
 0.1749680627337
-0.6467873785384
 0.2010920411170
-0.6356164486966
 0.2266993723236
-0.6235079048748
 0.2517577486230
-0.6104849821862
 0.2762356347849
-0.5965719014985
 0.3001022987233
-0.5817938504091
 0.3233278422183
-0.5661769631171
 0.3458832316694
-0.5497482991527
 0.3677403288351
-0.5325358209260
 0.3888719215053
-0.5145683700600
 0.4092517540545
-0.4958756424742
 0.4288545578166
-0.4764881621892
 0.4476560812218
-0.4564372538240
 0.4656331196311
-0.4357550137617
 0.4827635448017
-0.4144742799633
 0.4990263339146
-0.3926286004103
 0.5144015980906
-0.3702522001653
 0.5288706103205
-0.3473799470375
 0.5424158327330
-0.3240473158508
 0.5550209431186
-0.3002903513122
 0.5666708606303
-0.2761456294849
 0.5773517705758
-0.2516502178738
 0.5870511482184
-0.2268416341401
 0.5957577814981
-0.2017578034604
 0.6034617925882
-0.1764370145584
 0.6101546581983
-0.1509178744373
 0.6158292285364
-0.1252392618501
 0.6204797448418
-0.0994402795484
 0.6241018554015
-0.0735602053583
 0.6266926299635
-0.0476384421369
 0.6282505724615
-0.0217144666688
 0.6287756319656
 0.0041722224328
 0.6282692117796
 0.0299821577463
 0.6267341766030
 0.0556759569093
 0.6241748576814
 0.0812143772469
 0.6205970558728
 0.1065583710747
 0.6160080425586
 0.1316691415796
 0.6104165583337
 0.1565081991811
 0.6038328094160
 0.1810374182659
 0.5962684617170
 0.2052190941873
 0.5877366325231
 0.2290160004149
 0.5782518797444
 0.2523914457153
 0.5678301886890
 0.2753093312427
 0.5564889563325
 0.2977342074108
 0.5442469730569
 0.3196313304204
 0.5311244018392
 0.3409667183067
 0.5171427548809
 0.3617072063763
 0.5023248676730
 0.3818205018953
 0.4866948705033
 0.4012752378928
 0.4702781574178
 0.4200410259425
 0.4531013526576
 0.4380885077847
 0.4351922746024
 0.4553894056510
 0.4165798972571
 0.4719165711569
 0.3972943093300
 0.4876440326276
 0.3773666709575
 0.5025470407250
 0.3568291681389
 0.5166021122470
 0.3357149649554
 0.5297870719739
 0.3140581536525
 0.5420810924406
 0.2918937026747
 0.5534647315173
 0.2692574027514
 0.5639199676877
 0.2461858111353
 0.5734302329198
 0.2227161941074
 0.5819804430283
 0.1988864678660
 0.5895570254382
 0.1747351379243
 0.5961479442621
 0.1503012371495
 0.6017427226166
 0.1256242625768
 0.6063324621054
 0.1007441111434
 0.6099098594109
 0.0757010144859
 0.6124692199403
 0.0505354729519
 0.6140064684848
 0.0252881889796
