 0.4608653853687
 0.0000000000000
 0.4581337822466
-0.0504890986995
 0.4499698520814
-0.1003981552145
 0.4364658230408
-0.1491539139373
 0.4177740530546
-0.1961965795985
 0.3941050278036
-0.2409862687033
 0.3657246197394
-0.2830091356025
 0.3329506672394
-0.3217830794952
 0.2961489461621
-0.3568629504565
 0.2557286166936
-0.3878451863445
 0.2121372361941
-0.4143718275759
 0.1658554336134
-0.4361338726792
 0.1173913429277
-0.4528739536307
 0.0672748920785
-0.4643883256655
 0.0160520402854
-0.4705281810328
-0.0357209493153
-0.4712003095816
-0.0874831226094
-0.4663671407730
-0.1386742632781
-0.4560462114819
-0.1887400780796
-0.4403091116212
-0.2371370903437
-0.4192799651512
-0.2833372046248
-0.3931335074738
-0.3268319165300
-0.3620928216537
-0.3671361523292
-0.3264267955573
-0.4037917327912
-0.2864473600395
-0.4363704645966
-0.2425065650181
-0.4644768704965
-0.1949935458799
-0.4877505760584
-0.1443314274427
-0.5058683763276
-0.0909742068774
-0.5185460100574
-0.0354036508139
-0.5255396723810
 0.0218737645057
-0.5266472989850
 0.0803298475185
-0.5217096561047
 0.1394176038013
-0.5106112711073
 0.1985740564176
-0.4932812381663
 0.2572229695554
-0.4696939326890
 0.3147774761913
-0.4398696668298
 0.3706426154781
-0.4038753167239
 0.4242177901376
-0.3618249500800
 0.4748991583724
-0.3138804805676
 0.5220819787292
-0.2602523730736
 0.5651629299831
-0.2012004214377
 0.6035424315428
-0.1370346177387
 0.6366269931454
-0.0681161296064
 0.6638316257974
 0.0051416006137
 0.6845823490843
 0.0822716237280
 0.6983188332023
 0.1627521102794
 0.7044972174229
 0.2460048304590
 0.7025931502728
 0.3313934850542
 0.6921051005690
 0.4182218884928
 0.6725579926718
 0.5057320087055
 0.6435072239963
 0.5931018726279
 0.6045431280258
 0.6794433507959
 0.5552959519036
 0.7637998398027
 0.4954414242154
 0.8451438675512
 0.4247069959309
 0.9223746534373
 0.3428788457313
 0.9943156640788
 0.2498097502369
 1.0597122152275
 0.1454279300720
 1.1172291823938
 0.0297469943916
 1.1654488968661
-0.0971228804186
 1.2028693206670
-0.2349623875284
 1.2279026141177
-0.3834289752759
 1.2388742337288
-0.5420409967698
 1.2340227268862
-0.7101599184504
 1.2115004242120
-0.8869703601972
 1.1693752716806
-1.0714577148279
 1.1056340939496
-1.2623830675777
 1.0181876395798
-1.4582551062262
 0.9048778299111
-1.6572986798436
 0.7634877187683
-1.8574196285918
 0.5917547729166
-2.0561654686504
 0.3873882069218
-2.2506814752616
 0.1480912552882
-2.4376616633823
-0.1284105550342
-2.6132941199978
 0.1480912552882
 2.4376616633823
 0.3873882069218
 2.2506814752616
 0.5917547729166
 2.0561654686504
 0.7634877187683
 1.8574196285918
 0.9048778299111
 1.6572986798436
 1.0181876395798
 1.4582551062262
 1.1056340939496
 1.2623830675777
 1.1693752716806
 1.0714577148279
 1.2115004242120
 0.8869703601972
 1.2340227268862
 0.7101599184504
 1.2388742337288
 0.5420409967698
 1.2279026141177
 0.3834289752759
 1.2028693206670
 0.2349623875284
 1.1654488968661
 0.0971228804186
 1.1172291823938
-0.0297469943916
 1.0597122152275
-0.1454279300720
 0.9943156640788
-0.2498097502369
 0.9223746534373
-0.3428788457313
 0.8451438675512
-0.4247069959309
 0.7637998398027
-0.4954414242154
 0.6794433507959
-0.5552959519036
 0.5931018726279
-0.6045431280258
 0.5057320087055
-0.6435072239963
 0.4182218884928
-0.6725579926718
 0.3313934850542
-0.6921051005690
 0.2460048304590
-0.7025931502728
 0.1627521102794
-0.7044972174229
 0.0822716237280
-0.6983188332023
 0.0051416006137
-0.6845823490843
-0.0681161296064
-0.6638316257974
-0.1370346177387
-0.6366269931454
-0.2012004214377
-0.6035424315428
-0.2602523730736
-0.5651629299831
-0.3138804805676
-0.5220819787292
-0.3618249500800
-0.4748991583724
-0.4038753167239
-0.4242177901376
-0.4398696668298
-0.3706426154781
-0.4696939326890
-0.3147774761913
-0.4932812381663
-0.2572229695554
-0.5106112711073
-0.1985740564176
-0.5217096561047
-0.1394176038013
-0.5266472989850
-0.0803298475185
-0.5255396723810
-0.0218737645057
-0.5185460100574
 0.0354036508139
-0.5058683763276
 0.0909742068774
-0.4877505760584
 0.1443314274427
-0.4644768704965
 0.1949935458799
-0.4363704645966
 0.2425065650181
-0.4037917327912
 0.2864473600395
-0.3671361523292
 0.3264267955573
-0.3268319165300
 0.3620928216537
-0.2833372046248
 0.3931335074738
-0.2371370903437
 0.4192799651512
-0.1887400780796
 0.4403091116212
-0.1386742632781
 0.4560462114819
-0.0874831226094
 0.4663671407730
-0.0357209493153
 0.4712003095816
 0.0160520402854
 0.4705281810328
 0.0672748920785
 0.4643883256655
 0.1173913429277
 0.4528739536307
 0.1658554336134
 0.4361338726792
 0.2121372361941
 0.4143718275759
 0.2557286166936
 0.3878451863445
 0.2961489461621
 0.3568629504565
 0.3329506672394
 0.3217830794952
 0.3657246197394
 0.2830091356025
 0.3941050278036
 0.2409862687033
 0.4177740530546
 0.1961965795985
 0.4364658230408
 0.1491539139373
 0.4499698520814
 0.1003981552145
 0.4581337822466
 0.0504890986995
