 0.4608653853687
 0.0000000000000
 0.4608226644209
-0.0063230605599
 0.4606945091329
-0.0126449849502
 0.4604809421691
-0.0189646372098
 0.4601820012982
-0.0252808817937
 0.4597977393857
-0.0315925837817
 0.4593282243823
-0.0378986090858
 0.4587735393105
-0.0441978246585
 0.4581337822466
-0.0504890986995
 0.4574090663011
-0.0567713008635
 0.4565995195944
-0.0630433024664
 0.4557052852311
-0.0693039766921
 0.4547265212696
-0.0755521987976
 0.4536634006896
-0.0817868463190
 0.4525161113563
-0.0880067992759
 0.4512848559814
-0.0942109403751
 0.4499698520814
-0.1003981552145
 0.4485713319321
-0.1065673324852
 0.4470895425210
-0.1127173641737
 0.4455247454964
-0.1188471457622
 0.4438772171127
-0.1249555764294
 0.4421472481745
-0.1310415592489
 0.4403351439756
-0.1371040013876
 0.4384412242370
-0.1431418143027
 0.4364658230408
-0.1491539139373
 0.4344092887616
-0.1551392209156
 0.4322719839949
-0.1610966607358
 0.4300542854832
-0.1670251639630
 0.4277565840384
-0.1729236664201
 0.4253792844623
-0.1787911093769
 0.4229228054637
-0.1846264397390
 0.4203875795731
-0.1904286102344
 0.4177740530546
-0.1961965795985
 0.4150826858151
-0.2019293127587
 0.4123139513111
-0.2076257810156
 0.4094683364526
-0.2132849622246
 0.4065463415044
-0.2189058409744
 0.4035484799853
-0.2244874087644
 0.4004752785641
-0.2300286641801
 0.3973272769540
-0.2355286130672
 0.3941050278036
-0.2409862687033
 0.3908090965863
-0.2464006519681
 0.3874400614870
-0.2517707915120
 0.3839985132860
-0.2570957239216
 0.3804850552420
-0.2623744938848
 0.3769003029710
-0.2676061543529
 0.3732448843246
-0.2727897667009
 0.3695194392653
-0.2779244008857
 0.3657246197394
-0.2830091356025
 0.3618610895489
-0.2880430584387
 0.3579295242201
-0.2930252660258
 0.3539306108713
-0.2979548641890
 0.3498650480775
-0.3028309680949
 0.3457335457341
-0.3076527023969
 0.3415368249181
-0.3124192013775
 0.3372756177474
-0.3171296090897
 0.3329506672394
-0.3217830794952
 0.3285627271659
-0.3263787766001
 0.3241125619084
-0.3309158745890
 0.3196009463102
-0.3353935579559
 0.3150286655277
-0.3398110216335
 0.3103965148794
-0.3441674711189
 0.3057052996947
-0.3484621225986
 0.3009558351597
-0.3526942030691
 0.2961489461621
-0.3568629504565
 0.2912854671357
-0.3609676137326
 0.2863662419018
-0.3650074530293
 0.2813921235107
-0.3689817397501
 0.2763639740814
-0.3728897566787
 0.2712826646401
-0.3767307980855
 0.2661490749578
-0.3805041698317
 0.2609640933863
-0.3842091894703
 0.2557286166936
-0.3878451863445
 0.2504435498986
-0.3914115016846
 0.2451098061034
-0.3949074887005
 0.2397283063266
-0.3983325126731
 0.2342999793342
-0.4016859510423
 0.2288257614708
-0.4049671934930
 0.2233065964887
-0.4081756420375
 0.2177434353779
-0.4113107110964
 0.2121372361941
-0.4143718275759
 0.2064889638866
-0.4173584309432
 0.2007995901254
-0.4202699732989
 0.1950700931282
-0.4231059194469
 0.1893014574866
-0.4258657469614
 0.1834946739913
-0.4285489462517
 0.1776507394580
-0.4311550206241
 0.1717706565521
-0.4336834863413
 0.1658554336134
-0.4361338726792
 0.1599060844802
-0.4385057219808
 0.1539236283139
-0.4407985897079
 0.1479090894224
-0.4430120444901
 0.1418634970842
-0.4451456681711
 0.1357878853721
-0.4471990558525
 0.1296832929766
-0.4491718159350
 0.1235507630295
-0.4510635701569
 0.1173913429277
-0.4528739536307
 0.1112060841566
-0.4546026148764
 0.1049960421143
-0.4562492158523
 0.0987622759348
-0.4578134319842
 0.0925058483130
-0.4592949521910
 0.0862278253281
-0.4606934789086
 0.0799292762689
-0.4620087281109
 0.0736112734583
-0.4632404293286
 0.0672748920785
-0.4643883256655
 0.0609212099968
-0.4654521738123
 0.0545513075913
-0.4664317440583
 0.0481662675776
-0.4673268203003
 0.0417671748357
-0.4681372000495
 0.0353551162371
-0.4688626944361
 0.0289311804732
-0.4695031282111
 0.0224964578836
-0.4700583397465
 0.0160520402854
-0.4705281810328
 0.0095990208030
-0.4709125176742
 0.0031384936986
-0.4712112288818
-0.0033284457967
-0.4714242074647
-0.0098007016504
-0.4715513598187
-0.0162771771968
-0.4715926059126
-0.0227567753025
-0.4715478792731
-0.0292383985326
-0.4714171269671
-0.0357209493153
-0.4712003095816
-0.0422033301058
-0.4708974012026
-0.0486844435493
-0.4705083893909
-0.0551631926428
-0.4700332751563
-0.0616384808965
-0.4694720729303
-0.0681092124938
-0.4688248105359
-0.0745742924500
-0.4680915291564
-0.0810326267709
-0.4672722833017
-0.0874831226094
-0.4663671407730
-0.0939246884212
-0.4653761826258
-0.1003562341202
-0.4642995031305
-0.1067766712316
-0.4631372097323
-0.1131849130445
-0.4618894230079
-0.1195798747635
-0.4605562766221
-0.1259604736587
-0.4591379172812
-0.1323256292146
-0.4576345046859
-0.1386742632781
-0.4560462114819
-0.1450053002045
-0.4543732232091
-0.1513176670036
-0.4526157382493
-0.1576102934827
-0.4507739677723
-0.1638821123903
-0.4488481356803
-0.1701320595567
-0.4468384785513
-0.1763590740347
-0.4447452455806
-0.1825620982382
-0.4425686985208
-0.1887400780796
-0.4403091116212
-0.1948919631059
-0.4379667715646
-0.2010167066337
-0.4355419774039
-0.2071132658825
-0.4330350404969
-0.2131806021067
-0.4304462844398
-0.2192176807261
-0.4277760449992
-0.2252234714555
-0.4250246700438
-0.2311969484325
-0.4221925194742
-0.2371370903437
-0.4192799651512
-0.2430428805501
-0.4162873908242
-0.2489133072103
-0.4132151920569
-0.2547473634033
-0.4100637761539
-0.2605440472487
-0.4068335620841
-0.2663023620266
-0.4035249804049
-0.2720213162951
-0.4001384731844
-0.2776999240070
-0.3966744939229
-0.2833372046248
-0.3931335074738
-0.2889321832342
-0.3895159899629
-0.2944838906566
-0.3858224287080
-0.2999913635596
-0.3820533221360
-0.3054536445661
-0.3782091797011
-0.3108697823626
-0.3742905218006
-0.3162388318051
-0.3702978796908
-0.3215598540245
-0.3662317954022
-0.3268319165300
-0.3620928216537
-0.3320540933111
-0.3578815217661
-0.3372254649381
-0.3535984695751
-0.3423451186618
-0.3492442493440
-0.3474121485111
-0.3448194556752
-0.3524256553891
-0.3403246934216
-0.3573847471685
-0.3357605775971
-0.3622885387849
-0.3311277332869
-0.3671361523292
-0.3264267955573
-0.3719267171381
-0.3216584093648
-0.3766593698836
-0.3168232294651
-0.3813332546610
-0.3119219203210
-0.3859475230756
-0.3069551560111
-0.3905013343276
-0.3019236201368
-0.3949938552965
-0.2968280057300
-0.3994242606231
-0.2916690151598
-0.4037917327912
-0.2864473600395
-0.4080954622070
-0.2811637611327
-0.4123346472779
-0.2758189482593
-0.4165084944894
-0.2704136602020
-0.4206162184817
-0.2649486446114
-0.4246570421234
-0.2594246579119
-0.4286301965855
-0.2538424652066
-0.4325349214132
-0.2482028401832
-0.4363704645966
-0.2425065650181
-0.4401360826405
-0.2367544302822
-0.4438310406325
-0.2309472348454
-0.4474546123102
-0.2250857857811
-0.4510060801271
-0.2191708982715
-0.4544847353170
-0.2132033955118
-0.4578898779578
-0.2071841086151
-0.4612208170338
-0.2011138765169
-0.4644768704965
-0.1949935458799
-0.4676573653250
-0.1888239709987
-0.4707616375847
-0.1826060137043
-0.4737890324850
-0.1763405432694
-0.4767389044361
-0.1700284363127
-0.4796106171045
-0.1636705767040
-0.4824035434674
-0.1572678554699
-0.4851170658660
-0.1508211706979
-0.4877505760584
-0.1443314274427
-0.4903034752704
-0.1377995376310
-0.4927751742460
-0.1312264199676
-0.4951650932969
-0.1246129998409
-0.4974726623506
-0.1179602092289
-0.4996973209979
-0.1112689866054
-0.5018385185394
-0.1045402768466
-0.5038957140308
-0.0977750311371
-0.5058683763276
-0.0909742068774
-0.5077559841289
-0.0841387675907
-0.5095580260197
-0.0772696828299
-0.5112740005133
-0.0703679280856
-0.5129034160922
-0.0634344846936
-0.5144457912481
-0.0564703397433
-0.5159006545216
-0.0494764859856
-0.5172675445404
-0.0424539217422
-0.5185460100574
-0.0354036508139
-0.5197356099877
-0.0283266823905
-0.5208359134446
-0.0212240309599
-0.5218464997752
-0.0140967162182
-0.5227669585955
-0.0069457629799
-0.5235968898240
 0.0002277989116
-0.5243359037153
 0.0074229346730
-0.5249836208928
 0.0146386046700
-0.5255396723810
 0.0218737645057
-0.5260036996364
 0.0291273651087
-0.5263753545786
 0.0363983528205
-0.5266542996206
 0.0436856694836
-0.5268402076980
 0.0509882525277
-0.5269327622985
 0.0583050350569
-0.5269316574898
 0.0656349459358
-0.5268365979481
 0.0729769098754
-0.5266472989850
 0.0803298475185
-0.5263634865746
 0.0876926755253
-0.5259848973800
 0.0950643066576
-0.5255112787790
 0.1024436498640
-0.5249423888895
 0.1098296103630
-0.5242779965949
 0.1172210897277
-0.5235178815682
 0.1246169859681
-0.5226618342965
 0.1320161936148
-0.5217096561047
 0.1394176038013
-0.5206611591789
 0.1468201043459
-0.5195161665893
 0.1542225798339
-0.5182745123130
 0.1616239116989
-0.5169360412565
 0.1690229783039
-0.5155006092775
 0.1764186550217
-0.5139680832069
 0.1838098143158
-0.5123383408698
 0.1911953258199
-0.5106112711073
 0.1985740564176
-0.5087867737970
 0.2059448703220
-0.5068647598739
 0.2133066291539
-0.5048451513507
 0.2206581920213
-0.5027278813384
 0.2279984155967
-0.5005128940659
 0.2353261541956
-0.4982001449002
 0.2426402598538
-0.4957896003663
 0.2499395824045
-0.4932812381663
 0.2572229695554
-0.4906750471993
 0.2644892669652
-0.4879710275804
 0.2717373183196
-0.4851691906603
 0.2789659654077
-0.4822695590438
 0.2861740481971
-0.4792721666097
 0.2933604049098
-0.4761770585291
 0.3005238720968
-0.4729842912845
 0.3076632847128
-0.4696939326890
 0.3147774761913
-0.4663060619048
 0.3218652785181
-0.4628207694623
 0.3289255223058
-0.4592381572789
 0.3359570368671
-0.4555583386779
 0.3429586502884
-0.4517814384073
 0.3499291895032
-0.4479075926590
 0.3568674803648
-0.4439369490877
 0.3637723477193
-0.4398696668298
 0.3706426154781
-0.4357059165230
 0.3774771066902
-0.4314458803251
 0.3842746436141
-0.4270897519335
 0.3910340477906
-0.4226377366048
 0.3977541401137
-0.4180900511745
 0.4044337409027
-0.4134469240764
 0.4110716699737
-0.4087085953627
 0.4176667467108
-0.4038753167239
 0.4242177901376
-0.3989473515095
 0.4307236189877
-0.3939249747478
 0.4371830517764
-0.3888084731669
 0.4435949068712
-0.3835981452155
 0.4499580025626
-0.3782943010837
 0.4562711571350
-0.3728972627246
 0.4625331889372
-0.3674073638755
 0.4687429164532
-0.3618249500800
 0.4748991583724
-0.3561503787096
 0.4810007336606
-0.3503840189864
 0.4870464616304
-0.3445262520052
 0.4930351620116
-0.3385774707570
 0.4989656550216
-0.3325380801514
 0.5048367614365
-0.3264084970407
 0.5106473026613
-0.3201891502432
 0.5163961008005
-0.3138804805676
 0.5220819787292
-0.3074829408375
 0.5277037601636
-0.3009969959157
 0.5332602697318
-0.2944231227298
 0.5387503330454
-0.2877618102976
 0.5441727767699
-0.2810135597528
 0.5495264286965
-0.2741788843714
 0.5548101178131
-0.2672583095981
 0.5600226743764
-0.2602523730736
 0.5651629299831
-0.2531616246619
 0.5702297176426
-0.2459866264779
 0.5752218718483
-0.2387279529160
 0.5801382286508
-0.2313861906785
 0.5849776257300
-0.2239619388047
 0.5897389024687
-0.2164558087005
 0.5944209000249
-0.2088684241683
 0.5990224614061
-0.2012004214377
 0.6035424315428
-0.1934524491957
 0.6079796573625
-0.1856251686187
 0.6123329878647
-0.1777192534040
 0.6166012741950
-0.1697353898020
 0.6207833697211
-0.1616742766490
 0.6248781301081
-0.1535366254007
 0.6288844133943
-0.1453231601654
 0.6328010800683
-0.1370346177387
 0.6366269931454
-0.1286717476379
 0.6403610182454
-0.1202353121375
 0.6440020236702
-0.1117260863045
 0.6475488804826
-0.1031448580352
 0.6510004625850
-0.0944924280914
 0.6543556467989
-0.0857696101383
 0.6576133129449
-0.0769772307815
 0.6607723439238
-0.0681161296064
 0.6638316257974
-0.0591871592159
 0.6667900478706
-0.0501911852709
 0.6696465027739
-0.0411290865295
 0.6723998865467
-0.0320017548879
 0.6750490987212
-0.0228100954213
 0.6775930424068
-0.0135550264255
 0.6800306243759
-0.0042374794591
 0.6823607551494
 0.0051416006137
 0.6845823490843
 0.0145812555801
 0.6866943244608
 0.0240805138346
 0.6886956035710
 0.0336383903345
 0.6905851128084
 0.0432538865556
 0.6923617827578
 0.0529259904458
 0.6940245482867
 0.0626536763797
 0.6955723486372
 0.0724359051115
 0.6970041275187
 0.0822716237280
 0.6983188332023
 0.0921597656007
 0.6995154186153
 0.1020992503376
 0.7005928414370
 0.1120889837340
 0.7015500641961
 0.1221278577232
 0.7023860543681
 0.1322147503263
 0.7030997844748
 0.1423485256015
 0.7036902321842
 0.1525280335931
 0.7041563804117
 0.1627521102794
 0.7044972174229
 0.1730195775208
 0.7047117369368
 0.1833292430060
 0.7047989382310
 0.1936799001996
 0.7047578262474
 0.2040703282871
 0.7045874116998
 0.2144992921209
 0.7042867111821
 0.2249655421647
 0.7038547472788
 0.2354678144377
 0.7032905486757
 0.2460048304590
 0.7025931502728
 0.2565752971896
 0.7017615932984
 0.2671779069760
 0.7007949254243
 0.2778113374915
 0.6996922008826
 0.2884742516782
 0.6984524805846
 0.2991652976876
 0.6970748322401
 0.3098831088211
 0.6955583304792
 0.3206263034699
 0.6939020569752
 0.3313934850542
 0.6921051005690
 0.3421832419622
 0.6901665573958
 0.3529941474883
 0.6880855310124
 0.3638247597707
 0.6858611325274
 0.3746736217288
 0.6834924807319
 0.3855392610000
 0.6809787022332
 0.3964201898759
 0.6783189315891
 0.4073149052379
 0.6755123114449
 0.4182218884928
 0.6725579926718
 0.4291396055072
 0.6694551345077
 0.4400665065420
 0.6662029046988
 0.4510010261863
 0.6628004796446
 0.4619415832907
 0.6592470445441
 0.4728865809002
 0.6555417935437
 0.4838344061867
 0.6516839298879
 0.4947834303813
 0.6476726660720
 0.5057320087055
 0.6435072239963
 0.5166784803028
 0.6391868351229
 0.5276211681693
 0.6347107406353
 0.5385583790843
 0.6300781915987
 0.5494884035401
 0.6252884491243
 0.5604095156717
 0.6203407845349
 0.5713199731865
 0.6152344795328
 0.5822180172926
 0.6099688263711
 0.5931018726279
 0.6045431280258
 0.6039697471881
 0.5989566983723
 0.6148198322548
 0.5932088623626
 0.6256503023232
 0.5872989562064
 0.6364593150295
 0.5812263275541
 0.6472450110775
 0.5749903356830
 0.6580055141664
 0.5685903516850
 0.6687389309165
 0.5620257586589
 0.6794433507959
 0.5552959519036
 0.6901168460469
 0.5484003391154
 0.7007574716116
 0.5413383405875
 0.7113632650578
 0.5341093894129
 0.7219322465047
 0.5267129316894
 0.7324624185483
 0.5191484267290
 0.7429517661868
 0.5114153472688
 0.7533982567455
 0.5035131796858
 0.7637998398027
 0.4954414242154
 0.7741544471141
 0.4871995951715
 0.7844599925379
 0.4787872211716
 0.7947143719603
 0.4702038453637
 0.8049154632199
 0.4614490256579
 0.8150611260331
 0.4525223349599
 0.8251492019192
 0.4434233614097
 0.8351775141252
 0.4341517086218
 0.8451438675512
 0.4247069959309
 0.8550460486760
 0.4150888586397
 0.8648818254819
 0.4052969482714
 0.8746489473810
 0.3953309328248
 0.8843451451408
 0.3851904970347
 0.8939681308099
 0.3748753426345
 0.9035155976451
 0.3643851886238
 0.9129852200369
 0.3537197715396
 0.9223746534373
 0.3428788457313
 0.9316815342866
 0.3318621836398
 0.9409034799410
 0.3206695760815
 0.9500380886007
 0.3093008325349
 0.9590829392380
 0.2977557814330
 0.9680355915268
 0.2860342704593
 0.9768935857715
 0.2741361668480
 0.9856544428368
 0.2620613576889
 0.9943156640788
 0.2498097502369
 1.0028747312757
 0.2373812722259
 1.0113291065596
 0.2247758721872
 1.0196762323491
 0.2119935197728
 1.0279135312822
 0.1990342060834
 1.0360384061508
 0.1858979440013
 1.0440482398350
 0.1725847685281
 1.0519403952390
 0.1590947371273
 1.0597122152275
 0.1454279300720
 1.0673610225633
 0.1315844507982
 1.0748841198458
 0.1175644262622
 1.0822787894504
 0.1033680073044
 1.0895422934694
 0.0889953690180
 1.0966718736536
 0.0744467111226
 1.1036647513551
 0.0597222583444
 1.1105181274721
 0.0448222608008
 1.1172291823938
 0.0297469943916
 1.1237950759477
 0.0144967611954
 1.1302129473476
-0.0009281101280
 1.1364799151438
-0.0165272639295
 1.1425930771740
-0.0323003171563
 1.1485495105166
-0.0482468589314
 1.1543462714447
-0.0643664501275
 1.1599803953832
-0.0806586229342
 1.1654488968661
-0.0971228804186
 1.1707487694972
-0.1137586960803
 1.1758769859112
-0.1305655133993
 1.1808304977381
-0.1475427453771
 1.1856062355690
-0.1646897740718
 1.1902011089242
-0.1820059501259
 1.1946120062232
-0.1994905922873
 1.1988357947579
-0.2171429869235
 1.2028693206670
-0.2349623875284
 1.2067094089136
-0.2529480142220
 1.2103528632654
-0.2710990532435
 1.2137964662768
-0.2894146564357
 1.2170369792749
-0.3078939407231
 1.2200711423470
-0.3265359875818
 1.2228956743316
-0.3453398425018
 1.2255072728130
-0.3643045144420
 1.2279026141177
-0.3834289752759
 1.2300783533152
-0.4027121592314
 1.2320311242209
-0.4221529623202
 1.2337575394039
-0.4417502417607
 1.2352541901964
-0.4615028153918
 1.2365176467087
-0.4814094610779
 1.2375444578462
-0.5014689161062
 1.2383311513313
-0.5216798765743
 1.2388742337288
-0.5420409967698
 1.2391701904755
-0.5625508885404
 1.2392154859138
-0.5832081206552
 1.2390065633298
-0.6040112181564
 1.2385398449959
-0.6249586617026
 1.2378117322174
-0.6460488869011
 1.2368186053846
-0.6672802836322
 1.2355568240294
-0.6886511953628
 1.2340227268862
-0.7101599184504
 1.2322126319593
-0.7318047014372
 1.2301228365940
-0.7535837443339
 1.2277496175544
-0.7754951978932
 1.2250892311062
-0.7975371628733
 1.2221379131048
-0.8197076892902
 1.2188918790902
-0.8420047756600
 1.2153473243871
-0.8644263682297
 1.2115004242120
-0.8869703601972
 1.2073473337855
-0.9096345909208
 1.2028841884526
-0.9324168451162
 1.1981071038087
-0.9553148520433
 1.1930121758327
-0.9783262846804
 1.1875954810278
-1.0014487588871
 1.1818530765683
-1.0246798325556
 1.1757810004556
-1.0480170047488
 1.1693752716806
-1.0714577148279
 1.1626318903943
-1.0949993415654
 1.1555468380869
-1.1186392022479
 1.1481160777746
-1.1423745517639
 1.1403355541957
-1.1662025816806
 1.1322011940148
-1.1901204193058
 1.1237089060363
-1.2141251267386
 1.1148545814273
-1.2382136999043
 1.1056340939496
-1.2623830675777
 1.0960433002015
-1.2866300903915
 1.0860780398701
-1.3109515598308
 1.0757341359934
-1.3353441972139
 1.0650073952325
-1.3598046526579
 1.0538936081557
-1.3843295040308
 1.0423885495326
-1.4089152558876
 1.0304879786401
-1.4335583383927
 1.0181876395798
-1.4582551062262
 1.0054832616076
-1.4830018374750
 0.9923705594754
-1.5077947325089
 0.9788452337850
-1.5326299128402
 0.9649029713556
-1.5575034199680
 0.9505394456037
-1.5824112142053
 0.9357503169375
-1.6073491734912
 0.9205312331640
-1.6323130921848
 0.9048778299111
-1.6572986798436
 0.8887857310646
-1.6823015599842
 0.8722505492189
-1.7073172688258
 0.8552678861443
-1.7323412540159
 0.8378333332695
-1.7573688733394
 0.8199424721799
-1.7823953934078
 0.8015908751333
-1.8074159883321
 0.7827741055910
-1.8324257383762
 0.7634877187683
-1.8574196285918
 0.7437272622007
-1.8823925474343
 0.7234882763300
-1.9073392853601
 0.7027662951078
-1.9322545334035
 0.6815568466190
-1.9571328817347
 0.6598554537243
-1.9819688181977
 0.6376576347233
-2.0067567268279
 0.6149589040378
-2.0314908863491
 0.5917547729166
-2.0561654686504
 0.5680407501610
-2.0807745372414
 0.5438123428737
-2.1053120456867
 0.5190650572298
-2.1297718360187
 0.4937943992702
-2.1541476371285
 0.4679958757208
-2.1784330631350
 0.4416649948339
-2.2026216117316
 0.4147972672563
-2.2267066625100
 0.3873882069218
-2.2506814752616
 0.3594333319711
-2.2745391882555
 0.3309281656971
-2.2982728164926
 0.3018682375195
-2.3218752499369
 0.2722490839858
-2.3453392517218
 0.2420662498027
-2.3686574563323
 0.2113152888962
-2.3918223677631
 0.1799917655022
-2.4148263576509
 0.1480912552882
-2.4376616633823
 0.1156093465072
-2.4603203861750
 0.0825416411831
-2.4827944891343
 0.0488837563312
-2.5050757952828
 0.0146313252106
-2.5271559855633
-0.0202200013858
-2.5490265968158
-0.0556745538079
-2.5706790197262
-0.0917366421864
-2.5921044967483
-0.1284105550342
-2.6132941199978
-0.0917366421864
 2.5921044967483
-0.0556745538079
 2.5706790197262
-0.0202200013858
 2.5490265968158
 0.0146313252106
 2.5271559855633
 0.0488837563312
 2.5050757952828
 0.0825416411831
 2.4827944891343
 0.1156093465072
 2.4603203861750
 0.1480912552882
 2.4376616633823
 0.1799917655022
 2.4148263576509
 0.2113152888962
 2.3918223677631
 0.2420662498027
 2.3686574563323
 0.2722490839858
 2.3453392517218
 0.3018682375195
 2.3218752499369
 0.3309281656971
 2.2982728164926
 0.3594333319711
 2.2745391882555
 0.3873882069218
 2.2506814752616
 0.4147972672563
 2.2267066625100
 0.4416649948339
 2.2026216117316
 0.4679958757208
 2.1784330631350
 0.4937943992702
 2.1541476371285
 0.5190650572298
 2.1297718360187
 0.5438123428737
 2.1053120456867
 0.5680407501610
 2.0807745372414
 0.5917547729166
 2.0561654686504
 0.6149589040378
 2.0314908863491
 0.6376576347233
 2.0067567268279
 0.6598554537243
 1.9819688181977
 0.6815568466190
 1.9571328817347
 0.7027662951078
 1.9322545334035
 0.7234882763300
 1.9073392853601
 0.7437272622007
 1.8823925474343
 0.7634877187683
 1.8574196285918
 0.7827741055910
 1.8324257383762
 0.8015908751333
 1.8074159883321
 0.8199424721799
 1.7823953934078
 0.8378333332695
 1.7573688733394
 0.8552678861443
 1.7323412540159
 0.8722505492189
 1.7073172688258
 0.8887857310646
 1.6823015599842
 0.9048778299111
 1.6572986798436
 0.9205312331640
 1.6323130921848
 0.9357503169375
 1.6073491734912
 0.9505394456037
 1.5824112142053
 0.9649029713556
 1.5575034199680
 0.9788452337850
 1.5326299128402
 0.9923705594754
 1.5077947325089
 1.0054832616076
 1.4830018374750
 1.0181876395798
 1.4582551062262
 1.0304879786401
 1.4335583383927
 1.0423885495326
 1.4089152558876
 1.0538936081557
 1.3843295040308
 1.0650073952325
 1.3598046526579
 1.0757341359934
 1.3353441972139
 1.0860780398701
 1.3109515598308
 1.0960433002015
 1.2866300903915
 1.1056340939496
 1.2623830675777
 1.1148545814273
 1.2382136999043
 1.1237089060363
 1.2141251267386
 1.1322011940148
 1.1901204193058
 1.1403355541957
 1.1662025816806
 1.1481160777746
 1.1423745517639
 1.1555468380869
 1.1186392022479
 1.1626318903943
 1.0949993415654
 1.1693752716806
 1.0714577148279
 1.1757810004556
 1.0480170047488
 1.1818530765683
 1.0246798325556
 1.1875954810278
 1.0014487588871
 1.1930121758327
 0.9783262846804
 1.1981071038087
 0.9553148520433
 1.2028841884526
 0.9324168451162
 1.2073473337855
 0.9096345909208
 1.2115004242120
 0.8869703601972
 1.2153473243871
 0.8644263682297
 1.2188918790902
 0.8420047756600
 1.2221379131048
 0.8197076892902
 1.2250892311062
 0.7975371628733
 1.2277496175544
 0.7754951978932
 1.2301228365940
 0.7535837443339
 1.2322126319593
 0.7318047014372
 1.2340227268862
 0.7101599184504
 1.2355568240294
 0.6886511953628
 1.2368186053846
 0.6672802836322
 1.2378117322174
 0.6460488869011
 1.2385398449959
 0.6249586617026
 1.2390065633298
 0.6040112181564
 1.2392154859138
 0.5832081206552
 1.2391701904755
 0.5625508885404
 1.2388742337288
 0.5420409967698
 1.2383311513313
 0.5216798765743
 1.2375444578462
 0.5014689161062
 1.2365176467087
 0.4814094610779
 1.2352541901964
 0.4615028153918
 1.2337575394039
 0.4417502417607
 1.2320311242209
 0.4221529623202
 1.2300783533152
 0.4027121592314
 1.2279026141177
 0.3834289752759
 1.2255072728130
 0.3643045144420
 1.2228956743316
 0.3453398425018
 1.2200711423470
 0.3265359875818
 1.2170369792749
 0.3078939407231
 1.2137964662768
 0.2894146564357
 1.2103528632654
 0.2710990532435
 1.2067094089136
 0.2529480142220
 1.2028693206670
 0.2349623875284
 1.1988357947579
 0.2171429869235
 1.1946120062232
 0.1994905922873
 1.1902011089242
 0.1820059501259
 1.1856062355690
 0.1646897740718
 1.1808304977381
 0.1475427453771
 1.1758769859112
 0.1305655133993
 1.1707487694972
 0.1137586960803
 1.1654488968661
 0.0971228804186
 1.1599803953832
 0.0806586229342
 1.1543462714447
 0.0643664501275
 1.1485495105166
 0.0482468589314
 1.1425930771740
 0.0323003171563
 1.1364799151438
 0.0165272639295
 1.1302129473476
 0.0009281101280
 1.1237950759477
-0.0144967611954
 1.1172291823938
-0.0297469943916
 1.1105181274721
-0.0448222608008
 1.1036647513551
-0.0597222583444
 1.0966718736536
-0.0744467111226
 1.0895422934694
-0.0889953690180
 1.0822787894504
-0.1033680073044
 1.0748841198458
-0.1175644262622
 1.0673610225633
-0.1315844507982
 1.0597122152275
-0.1454279300720
 1.0519403952390
-0.1590947371273
 1.0440482398350
-0.1725847685281
 1.0360384061508
-0.1858979440013
 1.0279135312822
-0.1990342060834
 1.0196762323491
-0.2119935197728
 1.0113291065596
-0.2247758721872
 1.0028747312757
-0.2373812722259
 0.9943156640788
-0.2498097502369
 0.9856544428368
-0.2620613576889
 0.9768935857715
-0.2741361668480
 0.9680355915268
-0.2860342704593
 0.9590829392380
-0.2977557814330
 0.9500380886007
-0.3093008325349
 0.9409034799410
-0.3206695760815
 0.9316815342866
-0.3318621836398
 0.9223746534373
-0.3428788457313
 0.9129852200369
-0.3537197715396
 0.9035155976451
-0.3643851886238
 0.8939681308099
-0.3748753426345
 0.8843451451408
-0.3851904970347
 0.8746489473810
-0.3953309328248
 0.8648818254819
-0.4052969482714
 0.8550460486760
-0.4150888586397
 0.8451438675512
-0.4247069959309
 0.8351775141252
-0.4341517086218
 0.8251492019192
-0.4434233614097
 0.8150611260331
-0.4525223349599
 0.8049154632199
-0.4614490256579
 0.7947143719603
-0.4702038453637
 0.7844599925379
-0.4787872211716
 0.7741544471141
-0.4871995951715
 0.7637998398027
-0.4954414242154
 0.7533982567455
-0.5035131796858
 0.7429517661868
-0.5114153472688
 0.7324624185483
-0.5191484267290
 0.7219322465047
-0.5267129316894
 0.7113632650578
-0.5341093894129
 0.7007574716116
-0.5413383405875
 0.6901168460469
-0.5484003391154
 0.6794433507959
-0.5552959519036
 0.6687389309165
-0.5620257586589
 0.6580055141664
-0.5685903516850
 0.6472450110775
-0.5749903356830
 0.6364593150295
-0.5812263275541
 0.6256503023232
-0.5872989562064
 0.6148198322548
-0.5932088623626
 0.6039697471881
-0.5989566983723
 0.5931018726279
-0.6045431280258
 0.5822180172926
-0.6099688263711
 0.5713199731865
-0.6152344795328
 0.5604095156717
-0.6203407845349
 0.5494884035401
-0.6252884491243
 0.5385583790843
-0.6300781915987
 0.5276211681693
-0.6347107406353
 0.5166784803028
-0.6391868351229
 0.5057320087055
-0.6435072239963
 0.4947834303813
-0.6476726660720
 0.4838344061867
-0.6516839298879
 0.4728865809002
-0.6555417935437
 0.4619415832907
-0.6592470445441
 0.4510010261863
-0.6628004796446
 0.4400665065420
-0.6662029046988
 0.4291396055072
-0.6694551345077
 0.4182218884928
-0.6725579926718
 0.4073149052379
-0.6755123114449
 0.3964201898759
-0.6783189315891
 0.3855392610000
-0.6809787022332
 0.3746736217288
-0.6834924807319
 0.3638247597707
-0.6858611325274
 0.3529941474883
-0.6880855310124
 0.3421832419622
-0.6901665573958
 0.3313934850542
-0.6921051005690
 0.3206263034699
-0.6939020569752
 0.3098831088211
-0.6955583304792
 0.2991652976876
-0.6970748322401
 0.2884742516782
-0.6984524805846
 0.2778113374915
-0.6996922008826
 0.2671779069760
-0.7007949254243
 0.2565752971896
-0.7017615932984
 0.2460048304590
-0.7025931502728
 0.2354678144377
-0.7032905486757
 0.2249655421647
-0.7038547472788
 0.2144992921209
-0.7042867111821
 0.2040703282871
-0.7045874116998
 0.1936799001996
-0.7047578262474
 0.1833292430060
-0.7047989382310
 0.1730195775208
-0.7047117369368
 0.1627521102794
-0.7044972174229
 0.1525280335931
-0.7041563804117
 0.1423485256015
-0.7036902321842
 0.1322147503263
-0.7030997844748
 0.1221278577232
-0.7023860543681
 0.1120889837340
-0.7015500641961
 0.1020992503376
-0.7005928414370
 0.0921597656007
-0.6995154186153
 0.0822716237280
-0.6983188332023
 0.0724359051115
-0.6970041275187
 0.0626536763797
-0.6955723486372
 0.0529259904458
-0.6940245482867
 0.0432538865556
-0.6923617827578
 0.0336383903345
-0.6905851128084
 0.0240805138346
-0.6886956035710
 0.0145812555801
-0.6866943244608
 0.0051416006137
-0.6845823490843
-0.0042374794591
-0.6823607551494
-0.0135550264255
-0.6800306243759
-0.0228100954213
-0.6775930424068
-0.0320017548879
-0.6750490987212
-0.0411290865295
-0.6723998865467
-0.0501911852709
-0.6696465027739
-0.0591871592159
-0.6667900478706
-0.0681161296064
-0.6638316257974
-0.0769772307815
-0.6607723439238
-0.0857696101383
-0.6576133129449
-0.0944924280914
-0.6543556467989
-0.1031448580352
-0.6510004625850
-0.1117260863045
-0.6475488804826
-0.1202353121375
-0.6440020236702
-0.1286717476379
-0.6403610182454
-0.1370346177387
-0.6366269931454
-0.1453231601654
-0.6328010800683
-0.1535366254007
-0.6288844133943
-0.1616742766490
-0.6248781301081
-0.1697353898020
-0.6207833697211
-0.1777192534040
-0.6166012741950
-0.1856251686187
-0.6123329878647
-0.1934524491957
-0.6079796573625
-0.2012004214377
-0.6035424315428
-0.2088684241683
-0.5990224614061
-0.2164558087005
-0.5944209000249
-0.2239619388047
-0.5897389024687
-0.2313861906785
-0.5849776257300
-0.2387279529160
-0.5801382286508
-0.2459866264779
-0.5752218718483
-0.2531616246619
-0.5702297176426
-0.2602523730736
-0.5651629299831
-0.2672583095981
-0.5600226743764
-0.2741788843714
-0.5548101178131
-0.2810135597528
-0.5495264286965
-0.2877618102976
-0.5441727767699
-0.2944231227298
-0.5387503330454
-0.3009969959157
-0.5332602697318
-0.3074829408375
-0.5277037601636
-0.3138804805676
-0.5220819787292
-0.3201891502432
-0.5163961008005
-0.3264084970407
-0.5106473026613
-0.3325380801514
-0.5048367614365
-0.3385774707570
-0.4989656550216
-0.3445262520052
-0.4930351620116
-0.3503840189864
-0.4870464616304
-0.3561503787096
-0.4810007336606
-0.3618249500800
-0.4748991583724
-0.3674073638755
-0.4687429164532
-0.3728972627246
-0.4625331889372
-0.3782943010837
-0.4562711571350
-0.3835981452155
-0.4499580025626
-0.3888084731669
-0.4435949068712
-0.3939249747478
-0.4371830517764
-0.3989473515095
-0.4307236189877
-0.4038753167239
-0.4242177901376
-0.4087085953627
-0.4176667467108
-0.4134469240764
-0.4110716699737
-0.4180900511745
-0.4044337409027
-0.4226377366048
-0.3977541401137
-0.4270897519335
-0.3910340477906
-0.4314458803251
-0.3842746436141
-0.4357059165230
-0.3774771066902
-0.4398696668298
-0.3706426154781
-0.4439369490877
-0.3637723477193
-0.4479075926590
-0.3568674803648
-0.4517814384073
-0.3499291895032
-0.4555583386779
-0.3429586502884
-0.4592381572789
-0.3359570368671
-0.4628207694623
-0.3289255223058
-0.4663060619048
-0.3218652785181
-0.4696939326890
-0.3147774761913
-0.4729842912845
-0.3076632847128
-0.4761770585291
-0.3005238720968
-0.4792721666097
-0.2933604049098
-0.4822695590438
-0.2861740481971
-0.4851691906603
-0.2789659654077
-0.4879710275804
-0.2717373183196
-0.4906750471993
-0.2644892669652
-0.4932812381663
-0.2572229695554
-0.4957896003663
-0.2499395824045
-0.4982001449002
-0.2426402598538
-0.5005128940659
-0.2353261541956
-0.5027278813384
-0.2279984155967
-0.5048451513507
-0.2206581920213
-0.5068647598739
-0.2133066291539
-0.5087867737970
-0.2059448703220
-0.5106112711073
-0.1985740564176
-0.5123383408698
-0.1911953258199
-0.5139680832069
-0.1838098143158
-0.5155006092775
-0.1764186550217
-0.5169360412565
-0.1690229783039
-0.5182745123130
-0.1616239116989
-0.5195161665893
-0.1542225798339
-0.5206611591789
-0.1468201043459
-0.5217096561047
-0.1394176038013
-0.5226618342965
-0.1320161936148
-0.5235178815682
-0.1246169859681
-0.5242779965949
-0.1172210897277
-0.5249423888895
-0.1098296103630
-0.5255112787790
-0.1024436498640
-0.5259848973800
-0.0950643066576
-0.5263634865746
-0.0876926755253
-0.5266472989850
-0.0803298475185
-0.5268365979481
-0.0729769098754
-0.5269316574898
-0.0656349459358
-0.5269327622985
-0.0583050350569
-0.5268402076980
-0.0509882525277
-0.5266542996206
-0.0436856694836
-0.5263753545786
-0.0363983528205
-0.5260036996364
-0.0291273651087
-0.5255396723810
-0.0218737645057
-0.5249836208928
-0.0146386046700
-0.5243359037153
-0.0074229346730
-0.5235968898240
-0.0002277989116
-0.5227669585955
 0.0069457629799
-0.5218464997752
 0.0140967162182
-0.5208359134446
 0.0212240309599
-0.5197356099877
 0.0283266823905
-0.5185460100574
 0.0354036508139
-0.5172675445404
 0.0424539217422
-0.5159006545216
 0.0494764859856
-0.5144457912481
 0.0564703397433
-0.5129034160922
 0.0634344846936
-0.5112740005133
 0.0703679280856
-0.5095580260197
 0.0772696828299
-0.5077559841289
 0.0841387675907
-0.5058683763276
 0.0909742068774
-0.5038957140308
 0.0977750311371
-0.5018385185394
 0.1045402768466
-0.4996973209979
 0.1112689866054
-0.4974726623506
 0.1179602092289
-0.4951650932969
 0.1246129998409
-0.4927751742460
 0.1312264199676
-0.4903034752704
 0.1377995376310
-0.4877505760584
 0.1443314274427
-0.4851170658660
 0.1508211706979
-0.4824035434674
 0.1572678554699
-0.4796106171045
 0.1636705767040
-0.4767389044361
 0.1700284363127
-0.4737890324850
 0.1763405432694
-0.4707616375847
 0.1826060137043
-0.4676573653250
 0.1888239709987
-0.4644768704965
 0.1949935458799
-0.4612208170338
 0.2011138765169
-0.4578898779578
 0.2071841086151
-0.4544847353170
 0.2132033955118
-0.4510060801271
 0.2191708982715
-0.4474546123102
 0.2250857857811
-0.4438310406325
 0.2309472348454
-0.4401360826405
 0.2367544302822
-0.4363704645966
 0.2425065650181
-0.4325349214132
 0.2482028401832
-0.4286301965855
 0.2538424652066
-0.4246570421234
 0.2594246579119
-0.4206162184817
 0.2649486446114
-0.4165084944894
 0.2704136602020
-0.4123346472779
 0.2758189482593
-0.4080954622070
 0.2811637611327
-0.4037917327912
 0.2864473600395
-0.3994242606231
 0.2916690151598
-0.3949938552965
 0.2968280057300
-0.3905013343276
 0.3019236201368
-0.3859475230756
 0.3069551560111
-0.3813332546610
 0.3119219203210
-0.3766593698836
 0.3168232294651
-0.3719267171381
 0.3216584093648
-0.3671361523292
 0.3264267955573
-0.3622885387849
 0.3311277332869
-0.3573847471685
 0.3357605775971
-0.3524256553891
 0.3403246934216
-0.3474121485111
 0.3448194556752
-0.3423451186618
 0.3492442493440
-0.3372254649381
 0.3535984695751
-0.3320540933111
 0.3578815217661
-0.3268319165300
 0.3620928216537
-0.3215598540245
 0.3662317954022
-0.3162388318051
 0.3702978796908
-0.3108697823626
 0.3742905218006
-0.3054536445661
 0.3782091797011
-0.2999913635596
 0.3820533221360
-0.2944838906566
 0.3858224287080
-0.2889321832342
 0.3895159899629
-0.2833372046248
 0.3931335074738
-0.2776999240070
 0.3966744939229
-0.2720213162951
 0.4001384731844
-0.2663023620266
 0.4035249804049
-0.2605440472487
 0.4068335620841
-0.2547473634033
 0.4100637761539
-0.2489133072103
 0.4132151920569
-0.2430428805501
 0.4162873908242
-0.2371370903437
 0.4192799651512
-0.2311969484325
 0.4221925194742
-0.2252234714555
 0.4250246700438
-0.2192176807261
 0.4277760449992
-0.2131806021067
 0.4304462844398
-0.2071132658825
 0.4330350404969
-0.2010167066337
 0.4355419774039
-0.1948919631059
 0.4379667715646
-0.1887400780796
 0.4403091116212
-0.1825620982382
 0.4425686985208
-0.1763590740347
 0.4447452455806
-0.1701320595567
 0.4468384785513
-0.1638821123903
 0.4488481356803
-0.1576102934827
 0.4507739677723
-0.1513176670036
 0.4526157382493
-0.1450053002045
 0.4543732232091
-0.1386742632781
 0.4560462114819
-0.1323256292146
 0.4576345046859
-0.1259604736587
 0.4591379172812
-0.1195798747635
 0.4605562766221
-0.1131849130445
 0.4618894230079
-0.1067766712316
 0.4631372097323
-0.1003562341202
 0.4642995031305
-0.0939246884212
 0.4653761826258
-0.0874831226094
 0.4663671407730
-0.0810326267709
 0.4672722833017
-0.0745742924500
 0.4680915291564
-0.0681092124938
 0.4688248105359
-0.0616384808965
 0.4694720729303
-0.0551631926428
 0.4700332751563
-0.0486844435493
 0.4705083893909
-0.0422033301058
 0.4708974012026
-0.0357209493153
 0.4712003095816
-0.0292383985326
 0.4714171269671
-0.0227567753025
 0.4715478792731
-0.0162771771968
 0.4715926059126
-0.0098007016504
 0.4715513598187
-0.0033284457967
 0.4714242074647
 0.0031384936986
 0.4712112288818
 0.0095990208030
 0.4709125176742
 0.0160520402854
 0.4705281810328
 0.0224964578836
 0.4700583397465
 0.0289311804732
 0.4695031282111
 0.0353551162371
 0.4688626944361
 0.0417671748357
 0.4681372000495
 0.0481662675776
 0.4673268203003
 0.0545513075913
 0.4664317440583
 0.0609212099968
 0.4654521738123
 0.0672748920785
 0.4643883256655
 0.0736112734583
 0.4632404293286
 0.0799292762689
 0.4620087281109
 0.0862278253281
 0.4606934789086
 0.0925058483130
 0.4592949521910
 0.0987622759348
 0.4578134319842
 0.1049960421143
 0.4562492158523
 0.1112060841566
 0.4546026148764
 0.1173913429277
 0.4528739536307
 0.1235507630295
 0.4510635701569
 0.1296832929766
 0.4491718159350
 0.1357878853721
 0.4471990558525
 0.1418634970842
 0.4451456681711
 0.1479090894224
 0.4430120444901
 0.1539236283139
 0.4407985897079
 0.1599060844802
 0.4385057219808
 0.1658554336134
 0.4361338726792
 0.1717706565521
 0.4336834863413
 0.1776507394580
 0.4311550206241
 0.1834946739913
 0.4285489462517
 0.1893014574866
 0.4258657469614
 0.1950700931282
 0.4231059194469
 0.2007995901254
 0.4202699732989
 0.2064889638866
 0.4173584309432
 0.2121372361941
 0.4143718275759
 0.2177434353779
 0.4113107110964
 0.2233065964887
 0.4081756420375
 0.2288257614708
 0.4049671934930
 0.2342999793342
 0.4016859510423
 0.2397283063266
 0.3983325126731
 0.2451098061034
 0.3949074887005
 0.2504435498986
 0.3914115016846
 0.2557286166936
 0.3878451863445
 0.2609640933863
 0.3842091894703
 0.2661490749578
 0.3805041698317
 0.2712826646401
 0.3767307980855
 0.2763639740814
 0.3728897566787
 0.2813921235107
 0.3689817397501
 0.2863662419018
 0.3650074530293
 0.2912854671357
 0.3609676137326
 0.2961489461621
 0.3568629504565
 0.3009558351597
 0.3526942030691
 0.3057052996947
 0.3484621225986
 0.3103965148794
 0.3441674711189
 0.3150286655277
 0.3398110216335
 0.3196009463102
 0.3353935579559
 0.3241125619084
 0.3309158745890
 0.3285627271659
 0.3263787766001
 0.3329506672394
 0.3217830794952
 0.3372756177474
 0.3171296090897
 0.3415368249181
 0.3124192013775
 0.3457335457341
 0.3076527023969
 0.3498650480775
 0.3028309680949
 0.3539306108713
 0.2979548641890
 0.3579295242201
 0.2930252660258
 0.3618610895489
 0.2880430584387
 0.3657246197394
 0.2830091356025
 0.3695194392653
 0.2779244008857
 0.3732448843246
 0.2727897667009
 0.3769003029710
 0.2676061543529
 0.3804850552420
 0.2623744938848
 0.3839985132860
 0.2570957239216
 0.3874400614870
 0.2517707915120
 0.3908090965863
 0.2464006519681
 0.3941050278036
 0.2409862687033
 0.3973272769540
 0.2355286130672
 0.4004752785641
 0.2300286641801
 0.4035484799853
 0.2244874087644
 0.4065463415044
 0.2189058409744
 0.4094683364526
 0.2132849622246
 0.4123139513111
 0.2076257810156
 0.4150826858151
 0.2019293127587
 0.4177740530546
 0.1961965795985
 0.4203875795731
 0.1904286102344
 0.4229228054637
 0.1846264397390
 0.4253792844623
 0.1787911093769
 0.4277565840384
 0.1729236664201
 0.4300542854832
 0.1670251639630
 0.4322719839949
 0.1610966607358
 0.4344092887616
 0.1551392209156
 0.4364658230408
 0.1491539139373
 0.4384412242370
 0.1431418143027
 0.4403351439756
 0.1371040013876
 0.4421472481745
 0.1310415592489
 0.4438772171127
 0.1249555764294
 0.4455247454964
 0.1188471457622
 0.4470895425210
 0.1127173641737
 0.4485713319321
 0.1065673324852
 0.4499698520814
 0.1003981552145
 0.4512848559814
 0.0942109403751
 0.4525161113563
 0.0880067992759
 0.4536634006896
 0.0817868463190
 0.4547265212696
 0.0755521987976
 0.4557052852311
 0.0693039766921
 0.4565995195944
 0.0630433024664
 0.4574090663011
 0.0567713008635
 0.4581337822466
 0.0504890986995
 0.4587735393105
 0.0441978246585
 0.4593282243823
 0.0378986090858
 0.4597977393857
 0.0315925837817
 0.4601820012982
 0.0252808817937
 0.4604809421691
 0.0189646372098
 0.4606945091329
 0.0126449849502
 0.4608226644209
 0.0063230605599
