 0.5760975358016
 0.0000000000000
 0.5755506734977
-0.0252876264043
 0.5739110774160
-0.0505287161225
 0.5711817179325
-0.0756768199058
 0.5673675386344
-0.1006856631454
 0.5624754457882
-0.1255092326053
 0.5565142936466
-0.1501018624558
 0.5494948656497
-0.1744183193772
 0.5414298515852
-0.1984138865111
 0.5323338207892
-0.2220444460399
 0.5222231914847
-0.2452665601836
 0.5111161963618
-0.2680375504082
 0.4990328445239
-0.2903155746496
 0.4859948799292
-0.3120597023664
 0.4720257364719
-0.3332299872433
 0.4571504898551
-0.3537875373793
 0.4413958064196
-0.3736945828048
 0.4247898890971
-0.3929145401841
 0.4073624206677
-0.4114120745723
 0.3891445045057
-0.4291531581073
 0.3701686030036
-0.4461051255322
 0.3504684738689
-0.4622367264551
 0.3300791044923
-0.4775181742674
 0.3090366445866
-0.4919211916553
 0.2873783372990
-0.5054190526529
 0.2651424489992
-0.5179866211967
 0.2423681979440
-0.5296003861581
 0.2190956820208
-0.5402384928395
 0.1953658057666
-0.5498807709353
 0.1712202068577
-0.5585087589694
 0.1467011822621
-0.5661057252346
 0.1218516142398
-0.5726566852682
 0.0967148963730
-0.5781484159108
 0.0713348598002
-0.5825694660061
 0.0457556998227
-0.5859101638061
 0.0200219030449
-0.5881626211592
-0.0058218247992
-0.5893207345637
-0.0317306301868
-0.5893801831791
-0.0576595821793
-0.5883384238927
-0.0835637416980
-0.5861946835470
-0.1093982295843
-0.5829499484384
-0.1351182933344
-0.5786069512008
-0.1606793724082
-0.5731701551955
-0.1860371620209
-0.5666457365272
-0.2111476753356
-0.5590415638146
-0.2359673039846
-0.5503671758392
-0.2604528768563
-0.5406337572046
-0.2845617170935
-0.5298541121327
-0.3082516972579
-0.5180426365276
-0.3314812926250
-0.5052152884370
-0.3542096325817
-0.4913895570366
-0.3763965501058
-0.4765844302669
-0.3980026293178
-0.4608203612451
-0.4189892511003
-0.4441192335740
-0.4393186367874
-0.4265043256684
-0.4589538899371
-0.4080002742138
-0.4778590362001
-0.3886330368694
-0.4959990613123
-0.3684298543250
-0.5133399472363
-0.3474192118151
-0.5298487064882
-0.3256308001902
-0.5454934146897
-0.3030954766399
-0.5602432413877
-0.2798452251593
-0.5740684791910
-0.2559131168429
-0.5869405712759
-0.2313332700864
-0.5988321373166
-0.2061408107726
-0.6097169978975
-0.1803718325094
-0.6195701974717
-0.1540633569859
-0.6283680259259
-0.1272532945052
-0.6360880388201
-0.0999804047484
-0.6427090763684
-0.0722842578177
-0.6482112812295
-0.0442051956024
-0.6525761151769
-0.0157842935071
-0.6557863747192
 0.0129366774265
-0.6578262057428
 0.0419152879750
-0.6586811172454
 0.0711084877421
-0.6583379942353
 0.1004726417040
-0.6567851098643
 0.1299635662755
-0.6540121368671
 0.1595365648894
-0.6500101583758
 0.1891464630845
-0.6447716781799
 0.2187476430997
-0.6382906304986
 0.2482940779811
-0.6305623893344
 0.2777393652074
-0.6215837774715
 0.3070367598472
-0.6113530751864
 0.3361392072632
-0.5998700287309
 0.3649993753824
-0.5871358586506
 0.3935696865556
-0.5731532679985
 0.4218023490330
-0.5579264505016
 0.4496493880848
-0.5414610987358
 0.4770626768002
-0.5237644123650
 0.5039939666004
-0.5048451064963
 0.5303949175058
-0.4847134202005
 0.5562171281983
-0.4633811252489
 0.5814121659230
-0.4408615351096
 0.6059315962794
-0.4171695142517
 0.6297270129491
-0.3923214877953
 0.6527500674160
-0.3663354515513
 0.6749524987317
-0.3392309824873
 0.6962861633869
-0.3110292496557
 0.7167030653472
-0.2817530256182
 0.7361553863174
-0.2514266983990
 0.7545955162998
-0.2200762839956
 0.7719760845145
-0.1877294394747
 0.7882499907513
-0.1544154766794
 0.8033704372284
-0.1201653765698
 0.8172909610306
-0.0850118042190
 0.8299654672071
-0.0489891244824
 0.8413482626092
-0.0121334183574
 0.8513940905505
 0.0255174999524
 0.8600581663765
 0.0639240652570
 0.8672962140322
 0.1030449428729
 0.8730645037193
 0.1428370093835
 0.8773198907384
 0.1832553326612
 0.8800198556129
 0.2242531511496
 0.8811225455975
 0.2657818524049
 0.8805868176743
 0.3077909509019
 0.8783722831451
 0.3502280651080
 0.8744393539318
 0.3930388938358
 0.8687492907000
 0.4361671918846
 0.8612642529256
 0.4795547449876
 0.8519473510285
 0.5231413440809
 0.8407627007005
 0.5668647589185
 0.8276754795618
 0.6106607110562
 0.8126519862822
 0.6544628462367
 0.7956597023109
 0.6982027062064
 0.7766673563627
 0.7418097000049
 0.7556449918138
 0.7852110747671
 0.7325640371682
 0.8283318860873
 0.7073973797595
 0.8710949679975
 0.6801194428606
 0.9134209026184
 0.6507062663811
 0.9552279895483
 0.6191355913392
 0.9964322150603
 0.5853869483005
 1.0369472211863
 0.5494417499877
 1.0766842747735
 0.5112833882700
 1.1155522366065
 0.4708973357521
 1.1534575306976
 0.4282712521902
 1.1903041138567
 0.3833950959728
 1.2259934456611
 0.3362612409149
 1.2604244589594
 0.2868645986225
 1.2934935310501
 0.2352027466974
 1.3250944556933
 0.1812760630622
 1.3551184161224
 0.1250878666995
 1.3834539592414
 0.0666445651086
 1.4099869712038
 0.0059558087987
 1.4346006545908
-0.0569653468485
 1.4571755074197
-0.1221022720030
 1.4775893042363
-0.1894345847351
 1.4957170795626
-0.2589379649128
 1.5114311139943
-0.3305839592556
 1.5246009232684
-0.4043397771366
 1.5350932506417
-0.4801680767057
 1.5427720629547
-0.5580267408915
 1.5474985507788
-0.6378686428173
 1.5491311330807
-0.7196414001523
 1.5475254668701
-0.8032871178935
 1.5425344623327
-0.8887421190585
 1.5340083039897
-0.9759366627440
 1.5217944784685
-1.0647946489866
 1.5057378095117
-1.1552333098359
 1.4856805009013
-1.2471628860310
 1.4614621880246
-1.3404862886433
 1.4329199988661
-1.4350987450271
 1.3998886252649
-1.5308874283924
 1.3622004053431
-1.6277310702887
 1.3196854180760
-1.7254995552611
 1.2721715910468
-1.8240534969137
 1.2194848225058
-1.9232437945856
 1.1614491189337
-2.0229111698157
 1.0978867493984
-2.1228856817418
 1.0286184180833
-2.2229862205498
 0.9534634564664
-2.3230199780525
 0.8722400367330
-2.4227818944477
 0.7847654081155
-2.5220540802654
 0.6908561579720
-2.6206052124786
 0.5903284995395
-2.7181899037113
 0.4829985884337
-2.8145480434321
 0.3686828701017
-2.9094041099789
 0.2471984605893
-3.0024664522043
 0.1183635631388
-3.0934265394782
-0.0180020767005
-3.1819581787196
-0.1620766745852
-3.2677166970577
-0.0180020767005
 3.1819581787196
 0.1183635631388
 3.0934265394782
 0.2471984605893
 3.0024664522043
 0.3686828701017
 2.9094041099789
 0.4829985884337
 2.8145480434321
 0.5903284995395
 2.7181899037113
 0.6908561579720
 2.6206052124786
 0.7847654081155
 2.5220540802654
 0.8722400367330
 2.4227818944477
 0.9534634564664
 2.3230199780525
 1.0286184180833
 2.2229862205498
 1.0978867493984
 2.1228856817418
 1.1614491189337
 2.0229111698157
 1.2194848225058
 1.9232437945856
 1.2721715910468
 1.8240534969137
 1.3196854180760
 1.7254995552611
 1.3622004053431
 1.6277310702887
 1.3998886252649
 1.5308874283924
 1.4329199988661
 1.4350987450271
 1.4614621880246
 1.3404862886433
 1.4856805009013
 1.2471628860310
 1.5057378095117
 1.1552333098359
 1.5217944784685
 1.0647946489866
 1.5340083039897
 0.9759366627440
 1.5425344623327
 0.8887421190585
 1.5475254668701
 0.8032871178935
 1.5491311330807
 0.7196414001523
 1.5474985507788
 0.6378686428173
 1.5427720629547
 0.5580267408915
 1.5350932506417
 0.4801680767057
 1.5246009232684
 0.4043397771366
 1.5114311139943
 0.3305839592556
 1.4957170795626
 0.2589379649128
 1.4775893042363
 0.1894345847351
 1.4571755074197
 0.1221022720030
 1.4346006545908
 0.0569653468485
 1.4099869712038
-0.0059558087987
 1.3834539592414
-0.0666445651086
 1.3551184161224
-0.1250878666995
 1.3250944556933
-0.1812760630622
 1.2934935310501
-0.2352027466974
 1.2604244589594
-0.2868645986225
 1.2259934456611
-0.3362612409149
 1.1903041138567
-0.3833950959728
 1.1534575306976
-0.4282712521902
 1.1155522366065
-0.4708973357521
 1.0766842747735
-0.5112833882700
 1.0369472211863
-0.5494417499877
 0.9964322150603
-0.5853869483005
 0.9552279895483
-0.6191355913392
 0.9134209026184
-0.6507062663811
 0.8710949679975
-0.6801194428606
 0.8283318860873
-0.7073973797595
 0.7852110747671
-0.7325640371682
 0.7418097000049
-0.7556449918138
 0.6982027062064
-0.7766673563627
 0.6544628462367
-0.7956597023109
 0.6106607110562
-0.8126519862822
 0.5668647589185
-0.8276754795618
 0.5231413440809
-0.8407627007005
 0.4795547449876
-0.8519473510285
 0.4361671918846
-0.8612642529256
 0.3930388938358
-0.8687492907000
 0.3502280651080
-0.8744393539318
 0.3077909509019
-0.8783722831451
 0.2657818524049
-0.8805868176743
 0.2242531511496
-0.8811225455975
 0.1832553326612
-0.8800198556129
 0.1428370093835
-0.8773198907384
 0.1030449428729
-0.8730645037193
 0.0639240652570
-0.8672962140322
 0.0255174999524
-0.8600581663765
-0.0121334183574
-0.8513940905505
-0.0489891244824
-0.8413482626092
-0.0850118042190
-0.8299654672071
-0.1201653765698
-0.8172909610306
-0.1544154766794
-0.8033704372284
-0.1877294394747
-0.7882499907513
-0.2200762839956
-0.7719760845145
-0.2514266983990
-0.7545955162998
-0.2817530256182
-0.7361553863174
-0.3110292496557
-0.7167030653472
-0.3392309824873
-0.6962861633869
-0.3663354515513
-0.6749524987317
-0.3923214877953
-0.6527500674160
-0.4171695142517
-0.6297270129491
-0.4408615351096
-0.6059315962794
-0.4633811252489
-0.5814121659230
-0.4847134202005
-0.5562171281983
-0.5048451064963
-0.5303949175058
-0.5237644123650
-0.5039939666004
-0.5414610987358
-0.4770626768002
-0.5579264505016
-0.4496493880848
-0.5731532679985
-0.4218023490330
-0.5871358586506
-0.3935696865556
-0.5998700287309
-0.3649993753824
-0.6113530751864
-0.3361392072632
-0.6215837774715
-0.3070367598472
-0.6305623893344
-0.2777393652074
-0.6382906304986
-0.2482940779811
-0.6447716781799
-0.2187476430997
-0.6500101583758
-0.1891464630845
-0.6540121368671
-0.1595365648894
-0.6567851098643
-0.1299635662755
-0.6583379942353
-0.1004726417040
-0.6586811172454
-0.0711084877421
-0.6578262057428
-0.0419152879750
-0.6557863747192
-0.0129366774265
-0.6525761151769
 0.0157842935071
-0.6482112812295
 0.0442051956024
-0.6427090763684
 0.0722842578177
-0.6360880388201
 0.0999804047484
-0.6283680259259
 0.1272532945052
-0.6195701974717
 0.1540633569859
-0.6097169978975
 0.1803718325094
-0.5988321373166
 0.2061408107726
-0.5869405712759
 0.2313332700864
-0.5740684791910
 0.2559131168429
-0.5602432413877
 0.2798452251593
-0.5454934146897
 0.3030954766399
-0.5298487064882
 0.3256308001902
-0.5133399472363
 0.3474192118151
-0.4959990613123
 0.3684298543250
-0.4778590362001
 0.3886330368694
-0.4589538899371
 0.4080002742138
-0.4393186367874
 0.4265043256684
-0.4189892511003
 0.4441192335740
-0.3980026293178
 0.4608203612451
-0.3763965501058
 0.4765844302669
-0.3542096325817
 0.4913895570366
-0.3314812926250
 0.5052152884370
-0.3082516972579
 0.5180426365276
-0.2845617170935
 0.5298541121327
-0.2604528768563
 0.5406337572046
-0.2359673039846
 0.5503671758392
-0.2111476753356
 0.5590415638146
-0.1860371620209
 0.5666457365272
-0.1606793724082
 0.5731701551955
-0.1351182933344
 0.5786069512008
-0.1093982295843
 0.5829499484384
-0.0835637416980
 0.5861946835470
-0.0576595821793
 0.5883384238927
-0.0317306301868
 0.5893801831791
-0.0058218247992
 0.5893207345637
 0.0200219030449
 0.5881626211592
 0.0457556998227
 0.5859101638061
 0.0713348598002
 0.5825694660061
 0.0967148963730
 0.5781484159108
 0.1218516142398
 0.5726566852682
 0.1467011822621
 0.5661057252346
 0.1712202068577
 0.5585087589694
 0.1953658057666
 0.5498807709353
 0.2190956820208
 0.5402384928395
 0.2423681979440
 0.5296003861581
 0.2651424489992
 0.5179866211967
 0.2873783372990
 0.5054190526529
 0.3090366445866
 0.4919211916553
 0.3300791044923
 0.4775181742674
 0.3504684738689
 0.4622367264551
 0.3701686030036
 0.4461051255322
 0.3891445045057
 0.4291531581073
 0.4073624206677
 0.4114120745723
 0.4247898890971
 0.3929145401841
 0.4413958064196
 0.3736945828048
 0.4571504898551
 0.3537875373793
 0.4720257364719
 0.3332299872433
 0.4859948799292
 0.3120597023664
 0.4990328445239
 0.2903155746496
 0.5111161963618
 0.2680375504082
 0.5222231914847
 0.2452665601836
 0.5323338207892
 0.2220444460399
 0.5414298515852
 0.1984138865111
 0.5494948656497
 0.1744183193772
 0.5565142936466
 0.1501018624558
 0.5624754457882
 0.1255092326053
 0.5673675386344
 0.1006856631454
 0.5711817179325
 0.0756768199058
 0.5739110774160
 0.0505287161225
 0.5755506734977
 0.0252876264043
