 0.3456844987428
 0.0000000000000
 0.3447733563997
-0.0252729284036
 0.3420445129751
-0.0504167086685
 0.3375116921476
-0.0753028661016
 0.3311976765387
-0.0998042678833
 0.3231341733898
-0.1237957815299
 0.3133616283816
-0.1471549185683
 0.3019289894264
-0.1697624587998
 0.2888934227382
-0.1915030507758
 0.2743199839185
-0.2122657844195
 0.2582812471849
-0.2319447320729
 0.2408568962105
-0.2504394546493
 0.2221332803299
-0.2676554699895
 0.2022029400946
-0.2835046809777
 0.1811641063353
-0.2979057614383
 0.1591201769963
-0.3107844983121
 0.1361791760627
-0.3220740890904
 0.1124531988942
-0.3317153939562
 0.0880578482198
-0.3396571425395
 0.0631116649376
-0.3458560956311
 0.0377355577043
-0.3502771626114
 0.0120522351012
-0.3528934757297
-0.0138143560764
-0.3536864227141
-0.0397395831224
-0.3526456394998
-0.0655986673286
-0.3497689651267
-0.0912672088195
-0.3450623610837
-0.1166216939599
-0.3385397975532
-0.1415399833119
-0.3302231091539
-0.1659017784553
-0.3201418228698
-0.1895890663106
-0.3083329609169
-0.2124865399335
-0.2948408213145
-0.2344819950580
-0.2797167389142
-0.2554667019647
-0.2630188295933
-0.2753357525316
-0.2448117202407
-0.2939883825859
-0.2251662670643
-0.3113282699121
-0.2041592646253
-0.3272638084933
-0.1818731478600
-0.3417083597511
-0.1583956891969
-0.3545804817246
-0.1338196927032
-0.3658041372706
-0.1082426870213
-0.3753088824962
-0.0817666186684
-0.3830300367316
-0.0544975470859
-0.3889088354362
-0.0265453426381
-0.3928925674875
 0.0019766114304
-0.3949346983472
 0.0309517122528
-0.3949949806238
 0.0602604251681
-0.3930395535582
 0.0897805656523
-0.3890410329574
 0.1193875750508
-0.3829785930825
 0.1489547899774
-0.3748380419696
 0.1783537053958
-0.3646118916259
 0.2074542315511
-0.3522994244964
 0.2361249450561
-0.3379067575460
 0.2642333345702
-0.3214469052411
 0.2916460416347
-0.3029398426567
 0.3182290973460
-0.2824125698638
 0.3438481556598
-0.2598991786858
 0.3683687242285
-0.2354409228406
 0.3916563937709
-0.2090862924123
 0.4135770670772
-0.1808910935204
 0.4339971888396
-0.1509185339816
 0.4527839775967
-0.1192393156821
 0.4698056611651
-0.0859317343007
 0.4849317170255
-0.0510817869465
 0.4980331192173
-0.0147832881968
 0.5089825933898
 0.0228620050610
 0.5176548817483
 0.0617442596601
 0.5239270197357
 0.1017454228175
 0.5276786263860
 0.1427390692785
 0.5287922103972
 0.1845902388807
 0.5271534940815
 0.2271552645700
 0.5226517574736
 0.2702815910049
 0.5151802050056
 0.3138075839897
 0.5046363572963
 0.3575623310963
 0.4909224707540
 0.4013654339573
 0.4739459878502
 0.4450267928525
 0.4536200211010
 0.4883463843591
 0.4298638739790
 0.5311140330035
 0.4026036021842
 0.5731091780339
 0.3717726189274
 0.6141006366393
 0.3373123481158
 0.6538463651657
 0.2991729295961
 0.6920932201341
 0.2573139808906
 0.7285767211523
 0.2117054201673
 0.7630208181265
 0.1623283555182
 0.7951376655425
 0.1091760459758
 0.8246274069844
 0.0522549400864
 0.8511779735160
-0.0084142017247
 0.8744649000591
-0.0727950943093
 0.8941511644800
-0.1408346173017
 0.9098870547439
-0.2124613992764
 0.9213100702313
-0.2875842882986
 0.9280448641367
-0.3660907000018
 0.9297032348050
-0.4478448336748
 0.9258841749146
-0.5326857461434
 0.9161739886110
-0.6204252724819
 0.9001464880396
-0.7108457817905
 0.8773632822526
-0.8036977554185
 0.8473741731868
-0.8986971740995
 0.8097176753614
-0.9955226994966
 0.7639216781512
-1.0938126346232
 0.7095042719937
-1.1931616465138
 0.6459747627200
-1.2931172333668
 0.5728349014124
-1.3931759171716
 0.4895803608365
-1.4927791415607
 0.3957024936282
-1.5913088533081
 0.2906904121110
-1.6880827445259
 0.1740334349533
-1.7823491312047
 0.0452239519387
-1.8732814423134
-0.0962392349815
-1.9599722922336
 0.0452239519387
 1.8732814423134
 0.1740334349533
 1.7823491312047
 0.2906904121110
 1.6880827445259
 0.3957024936282
 1.5913088533081
 0.4895803608365
 1.4927791415607
 0.5728349014124
 1.3931759171716
 0.6459747627200
 1.2931172333668
 0.7095042719937
 1.1931616465138
 0.7639216781512
 1.0938126346232
 0.8097176753614
 0.9955226994966
 0.8473741731868
 0.8986971740995
 0.8773632822526
 0.8036977554185
 0.9001464880396
 0.7108457817905
 0.9161739886110
 0.6204252724819
 0.9258841749146
 0.5326857461434
 0.9297032348050
 0.4478448336748
 0.9280448641367
 0.3660907000018
 0.9213100702313
 0.2875842882986
 0.9098870547439
 0.2124613992764
 0.8941511644800
 0.1408346173017
 0.8744649000591
 0.0727950943093
 0.8511779735160
 0.0084142017247
 0.8246274069844
-0.0522549400864
 0.7951376655425
-0.1091760459758
 0.7630208181265
-0.1623283555182
 0.7285767211523
-0.2117054201673
 0.6920932201341
-0.2573139808906
 0.6538463651657
-0.2991729295961
 0.6141006366393
-0.3373123481158
 0.5731091780339
-0.3717726189274
 0.5311140330035
-0.4026036021842
 0.4883463843591
-0.4298638739790
 0.4450267928525
-0.4536200211010
 0.4013654339573
-0.4739459878502
 0.3575623310963
-0.4909224707540
 0.3138075839897
-0.5046363572963
 0.2702815910049
-0.5151802050056
 0.2271552645700
-0.5226517574736
 0.1845902388807
-0.5271534940815
 0.1427390692785
-0.5287922103972
 0.1017454228175
-0.5276786263860
 0.0617442596601
-0.5239270197357
 0.0228620050610
-0.5176548817483
-0.0147832881968
-0.5089825933898
-0.0510817869465
-0.4980331192173
-0.0859317343007
-0.4849317170255
-0.1192393156821
-0.4698056611651
-0.1509185339816
-0.4527839775967
-0.1808910935204
-0.4339971888396
-0.2090862924123
-0.4135770670772
-0.2354409228406
-0.3916563937709
-0.2598991786858
-0.3683687242285
-0.2824125698638
-0.3438481556598
-0.3029398426567
-0.3182290973460
-0.3214469052411
-0.2916460416347
-0.3379067575460
-0.2642333345702
-0.3522994244964
-0.2361249450561
-0.3646118916259
-0.2074542315511
-0.3748380419696
-0.1783537053958
-0.3829785930825
-0.1489547899774
-0.3890410329574
-0.1193875750508
-0.3930395535582
-0.0897805656523
-0.3949949806238
-0.0602604251681
-0.3949346983472
-0.0309517122528
-0.3928925674875
-0.0019766114304
-0.3889088354362
 0.0265453426381
-0.3830300367316
 0.0544975470859
-0.3753088824962
 0.0817666186684
-0.3658041372706
 0.1082426870213
-0.3545804817246
 0.1338196927032
-0.3417083597511
 0.1583956891969
-0.3272638084933
 0.1818731478600
-0.3113282699121
 0.2041592646253
-0.2939883825859
 0.2251662670643
-0.2753357525316
 0.2448117202407
-0.2554667019647
 0.2630188295933
-0.2344819950580
 0.2797167389142
-0.2124865399335
 0.2948408213145
-0.1895890663106
 0.3083329609169
-0.1659017784553
 0.3201418228698
-0.1415399833119
 0.3302231091539
-0.1166216939599
 0.3385397975532
-0.0912672088195
 0.3450623610837
-0.0655986673286
 0.3497689651267
-0.0397395831224
 0.3526456394998
-0.0138143560764
 0.3536864227141
 0.0120522351012
 0.3528934757297
 0.0377355577043
 0.3502771626114
 0.0631116649376
 0.3458560956311
 0.0880578482198
 0.3396571425395
 0.1124531988942
 0.3317153939562
 0.1361791760627
 0.3220740890904
 0.1591201769963
 0.3107844983121
 0.1811641063353
 0.2979057614383
 0.2022029400946
 0.2835046809777
 0.2221332803299
 0.2676554699895
 0.2408568962105
 0.2504394546493
 0.2582812471849
 0.2319447320729
 0.2743199839185
 0.2122657844195
 0.2888934227382
 0.1915030507758
 0.3019289894264
 0.1697624587998
 0.3133616283816
 0.1471549185683
 0.3231341733898
 0.1237957815299
 0.3311976765387
 0.0998042678833
 0.3375116921476
 0.0753028661016
 0.3420445129751
 0.0504167086685
 0.3447733563997
 0.0252729284036
