 0.4320909724247
 0.0000000000000
 0.4320454078051
-0.0063230004489
 0.4319087231098
-0.0126447085628
 0.4316809458272
-0.0189638322758
 0.4313621217637
-0.0252790800603
 0.4309523150335
-0.0315891611965
 0.4304516080431
-0.0378927860403
 0.4298601014719
-0.0441886662924
 0.4291779142483
-0.0504755152663
 0.4284051835222
-0.0567520481554
 0.4275420646319
-0.0630169823004
 0.4265887310681
-0.0692690374557
 0.4255453744327
-0.0755069360547
 0.4244122043939
-0.0817294034752
 0.4231894486369
-0.0879351683028
 0.4218773528098
-0.0941229625943
 0.4204761804668
-0.1002915221398
 0.4189862130057
-0.1064395867235
 0.4174077496019
-0.1125659003831
 0.4157411071385
-0.1186692116690
 0.4139866201321
-0.1247482739009
 0.4121446406543
-0.1308018454239
 0.4102155382496
-0.1368286898626
 0.4081996998490
-0.1428275763740
 0.4060975296800
-0.1487972798986
 0.4039094491721
-0.1547365814098
 0.4016358968590
-0.1606442681616
 0.3992773282767
-0.1665191339348
 0.3968342158578
-0.1723599792805
 0.3943070488217
-0.1781656117625
 0.3916963330619
-0.1839348461972
 0.3890025910288
-0.1896665048913
 0.3862263616095
-0.1953594178781
 0.3833682000031
-0.2010124231505
 0.3804286775936
-0.2066243668926
 0.3774083818187
-0.2121941037085
 0.3743079160349
-0.2177204968490
 0.3711278993797
-0.2232024184355
 0.3678689666303
-0.2286387496815
 0.3645317680589
-0.2340283811122
 0.3611169692847
-0.2393702127800
 0.3576252511232
-0.2446631544790
 0.3540573094317
-0.2499061259554
 0.3504138549523
-0.2550980571163
 0.3466956131515
-0.2602378882344
 0.3429033240567
-0.2653245701512
 0.3390377420909
-0.2703570644759
 0.3350996359029
-0.2753343437828
 0.3310897881962
-0.2802553918043
 0.3270089955542
-0.2851192036216
 0.3228580682635
-0.2899247858524
 0.3186378301337
-0.2946711568351
 0.3143491183159
-0.2993573468099
 0.3099927831176
-0.3039823980969
 0.3055696878159
-0.3085453652710
 0.3010807084680
-0.3130453153327
 0.2965267337199
-0.3174813278773
 0.2919086646121
-0.3218524952587
 0.2872274143844
-0.3261579227515
 0.2824839082771
-0.3303967287090
 0.2776790833317
-0.3345680447175
 0.2728138881888
-0.3386710157479
 0.2678892828842
-0.3427048003033
 0.2629062386436
-0.3466685705634
 0.2578657376750
-0.3505615125250
 0.2527687729605
-0.3543828261394
 0.2476163480448
-0.3581317254462
 0.2424094768242
-0.3618074387033
 0.2371491833326
-0.3654092085136
 0.2318365015267
-0.3689362919477
 0.2264724750702
-0.3723879606639
 0.2210581571162
-0.3757635010235
 0.2155946100886
-0.3790622142032
 0.2100829054628
-0.3822834163036
 0.2045241235446
-0.3854264384544
 0.1989193532491
-0.3884906269154
 0.1932696918777
-0.3914753431746
 0.1875762448950
-0.3943799640421
 0.1818401257049
-0.3972038817407
 0.1760624554252
-0.3999465039925
 0.1702443626628
-0.4026072541025
 0.1643869832872
-0.4051855710380
 0.1584914602044
-0.4076809095048
 0.1525589431299
-0.4100927400194
 0.1465905883612
-0.4124205489781
 0.1405875585503
-0.4146638387222
 0.1345510224761
-0.4168221275994
 0.1284821548161
-0.4188949500224
 0.1223821359183
-0.4208818565233
 0.1162521515733
-0.4227824138046
 0.1100933927859
-0.4245962047868
 0.1039070555471
-0.4263228286529
 0.0976943406059
-0.4279619008881
 0.0914564532422
-0.4295130533179
 0.0851946030382
-0.4309759341414
 0.0789100036523
-0.4323502079615
 0.0726038725915
-0.4336355558122
 0.0662774309852
-0.4348316751818
 0.0599319033592
-0.4359382800334
 0.0535685174103
-0.4369551008218
 0.0471885037815
-0.4378818845071
 0.0407930958376
-0.4387183945649
 0.0343835294417
-0.4394644109940
 0.0279610427325
-0.4401197303196
 0.0215268759022
-0.4406841655950
 0.0150822709752
-0.4411575463984
 0.0086284715881
-0.4415397188283
 0.0021667227699
-0.4418305454943
-0.0043017292759
-0.4420299055059
-0.0107756373891
-0.4421376944582
-0.0172537536692
-0.4421538244138
-0.0237348296899
-0.4420782238831
-0.0302176167140
-0.4419108378003
-0.0367008659058
-0.4416516274979
-0.0431833285429
-0.4413005706771
-0.0496637562264
-0.4408576613765
-0.0561409010904
-0.4403229099375
-0.0626135160089
-0.4396963429668
-0.0690803548031
-0.4389780032970
-0.0755401724455
-0.4381679499439
-0.0819917252641
-0.4372662580613
-0.0884337711437
-0.4362730188937
-0.0948650697268
-0.4351883397260
-0.1012843826125
-0.4340123438311
-0.1076904735538
-0.4327451704149
-0.1140821086531
-0.4313869745589
-0.1204580565569
-0.4299379271605
-0.1268170886477
-0.4283982148713
-0.1331579792351
-0.4267680400328
-0.1394795057450
-0.4250476206100
-0.1457804489065
-0.4232371901228
-0.1520595929379
-0.4213369975756
-0.1583157257305
-0.4193473073844
-0.1645476390304
-0.4172683993020
-0.1707541286189
-0.4151005683416
-0.1769339944910
-0.4128441246979
-0.1830860410317
-0.4104993936666
-0.1892090771910
-0.4080667155624
-0.1953019166564
-0.4055464456340
-0.2013633780240
-0.4029389539791
-0.2073922849675
-0.4002446254562
-0.2133874664053
-0.3974638595954
-0.2193477566657
-0.3945970705075
-0.2252719956500
-0.3916446867914
-0.2311590289940
-0.3886071514403
-0.2370077082272
-0.3854849217456
-0.2428168909302
-0.3822784692005
-0.2485854408902
-0.3789882794012
-0.2543122282541
-0.3756148519472
-0.2599961296805
-0.3721587003404
-0.2656360284887
-0.3686203518824
-0.2712308148065
-0.3650003475709
-0.2767793857152
-0.3612992419952
-0.2822806453939
-0.3575176032299
-0.2877335052604
-0.3536560127279
-0.2931368841109
-0.3497150652122
-0.2984897082577
-0.3456953685668
-0.3037909116643
-0.3415975437266
-0.3090394360798
-0.3374222245658
-0.3142342311698
-0.3331700577864
-0.3193742546461
-0.3288417028050
-0.3244584723947
-0.3244378316388
-0.3294858586015
-0.3199591287916
-0.3344553958754
-0.3154062911379
-0.3393660753711
-0.3107800278073
-0.3442168969081
-0.3060810600675
-0.3490068690890
-0.3013101212069
-0.3537350094157
-0.2964679564169
-0.3584003444030
-0.2915553226729
-0.3630019096913
-0.2865729886155
-0.3675387501564
-0.2815217344309
-0.3720099200184
-0.2764023517304
-0.3764144829481
-0.2712156434305
-0.3807515121716
-0.2659624236313
-0.3850200905731
-0.2606435174957
-0.3892193107965
-0.2552597611272
-0.3933482753438
-0.2498120014486
-0.3974060966732
-0.2443010960792
-0.4013918972945
-0.2387279132123
-0.4053048098630
-0.2330933314930
-0.4091439772718
-0.2273982398947
-0.4129085527420
-0.2216435375961
-0.4165976999116
-0.2158301338582
-0.4202105929224
-0.2099589479010
-0.4237464165054
-0.2040309087798
-0.4272043660645
-0.1980469552619
-0.4305836477585
-0.1920080357030
-0.4338834785815
-0.1859151079239
-0.4371030864419
-0.1797691390868
-0.4402417102393
-0.1735711055721
-0.4432985999407
-0.1673219928545
-0.4462730166542
-0.1610227953805
-0.4491642327017
-0.1546745164446
-0.4519715316905
-0.1482781680663
-0.4546942085821
-0.1418347708678
-0.4573315697614
-0.1353453539504
-0.4598829331028
-0.1288109547727
-0.4623476280357
-0.1222326190278
-0.4647249956087
-0.1156114005218
-0.4670143885522
-0.1089483610513
-0.4692151713395
-0.1022445702821
-0.4713267202467
-0.0955011056283
-0.4733484234118
-0.0887190521307
-0.4752796808918
-0.0818995023364
-0.4771199047189
-0.0750435561787
-0.4788685189555
-0.0681523208567
-0.4805249597478
-0.0612269107158
-0.4820886753787
-0.0542684471285
-0.4835591263189
-0.0472780583757
-0.4849357852771
-0.0402568795277
-0.4862181372498
-0.0332060523265
-0.4874056795685
-0.0261267250682
-0.4884979219478
-0.0190200524853
-0.4894943865304
-0.0118871956304
-0.4903946079329
-0.0047293217596
-0.4911981332894
 0.0024523957834
-0.4919045222950
 0.0096567776826
-0.4925133472473
 0.0168826387649
-0.4930241930884
 0.0241287881144
-0.4934366574447
 0.0313940291865
-0.4937503506669
 0.0386771599214
-0.4939648958682
 0.0459769728570
-0.4940799289623
 0.0532922552417
-0.4940950987009
 0.0606217891463
-0.4940100667094
 0.0679643515752
-0.4938245075229
 0.0753187145780
-0.4935381086210
 0.0826836453596
-0.4931505704619
 0.0900579063900
-0.4926616065160
 0.0974402555143
-0.4920709432989
 0.1048294460613
-0.4913783204033
 0.1122242269518
-0.4905834905313
 0.1196233428069
-0.4896862195248
 0.1270255340549
-0.4886862863967
 0.1344295370387
-0.4875834833607
 0.1418340841217
-0.4863776158605
 0.1492379037937
-0.4850685025998
 0.1566397207765
-0.4836559755698
 0.1640382561286
-0.4821398800785
 0.1714322273491
-0.4805200747777
 0.1788203484821
-0.4787964316908
 0.1862013302197
-0.4769688362397
 0.1935738800048
-0.4750371872718
 0.2009367021335
-0.4730013970860
 0.2082884978567
-0.4708613914593
 0.2156279654819
-0.4686171096723
 0.2229538004736
-0.4662685045349
 0.2302646955540
-0.4638155424118
 0.2375593408030
-0.4612582032476
 0.2448364237573
-0.4585964805918
 0.2520946295101
-0.4558303816234
 0.2593326408090
-0.4529599271763
 0.2665491381547
-0.4499851517630
 0.2737427998988
-0.4469061035997
 0.2809123023408
-0.4437228446303
 0.2880563198252
-0.4404354505512
 0.2951735248384
-0.4370440108351
 0.3022625881045
-0.4335486287555
 0.3093221786813
-0.4299494214113
 0.3163509640558
-0.4262465197504
 0.3233476102394
-0.4224400685947
 0.3303107818624
-0.4185302266643
 0.3372391422690
-0.4145171666017
 0.3441313536109
-0.4104010749969
 0.3509860769416
-0.4061821524116
 0.3578019723100
-0.4018606134042
 0.3645776988535
-0.3974366865550
 0.3713119148911
-0.3929106144911
 0.3780032780167
-0.3882826539116
 0.3846504451910
-0.3835530756135
 0.3912520728345
-0.3787221645172
 0.3978068169197
-0.3737902196927
 0.4043133330628
-0.3687575543853
 0.4107702766157
-0.3636244960431
 0.4171763027582
-0.3583913863426
 0.4235300665890
-0.3530585812168
 0.4298302232175
-0.3476264508822
 0.4360754278553
-0.3420953798664
 0.4422643359075
-0.3364657670365
 0.4483956030638
-0.3307380256274
 0.4544678853899
-0.3249125832708
 0.4604798394191
-0.3189898820241
 0.4664301222427
-0.3129703784005
 0.4723173916021
-0.3068545433986
 0.4781403059795
-0.3006428625332
 0.4838975246897
-0.2943358358661
 0.4895877079712
-0.2879339780377
 0.4952095170779
-0.2814378182987
 0.5007616143707
-0.2748479005422
 0.5062426634093
-0.2681647833373
 0.5116513290443
-0.2613890399619
 0.5169862775090
-0.2545212584365
 0.5222461765121
-0.2475620415592
 0.5274296953302
-0.2405120069404
 0.5325355049005
-0.2333717870379
 0.5375622779140
-0.2261420291940
 0.5425086889090
-0.2188233956712
 0.5473734143645
-0.2114165636902
 0.5521551327948
-0.2039222254673
 0.5568525248434
-0.1963410882533
 0.5614642733782
-0.1886738743724
 0.5659890635866
-0.1809213212620
 0.5704255830714
-0.1730841815131
 0.5747725219465
-0.1651632229115
 0.5790285729340
-0.1571592284791
 0.5831924314616
-0.1490729965167
 0.5872627957594
-0.1409053406472
 0.5912383669592
-0.1326570898586
 0.5951178491929
-0.1243290885492
 0.5988999496921
-0.1159221965723
 0.6025833788885
-0.1074372892822
 0.6061668505143
-0.0988752575808
 0.6096490817044
-0.0902370079647
 0.6130287930982
-0.0815234625734
 0.6163047089429
-0.0727355592380
 0.6194755571976
-0.0638742515305
 0.6225400696375
-0.0549405088145
 0.6254969819600
-0.0459353162954
 0.6283450338908
-0.0368596750731
 0.6310829692915
-0.0277146021936
 0.6337095362679
-0.0185011307029
 0.6362234872791
-0.0092203097009
 0.6386235792479
 0.0001267956040
 0.6409085736723
 0.0095391038391
 0.6430772367379
 0.0190155174112
 0.6451283394313
 0.0285549224490
 0.6470606576548
 0.0381561887457
 0.6488729723423
 0.0478181696999
 0.6505640695764
 0.0575397022562
 0.6521327407066
 0.0673196068446
 0.6535777824690
 0.0771566873197
 0.6548979971069
 0.0870497308987
 0.6560921924933
 0.0969975080983
 0.6571591822546
 0.1069987726716
 0.6580977858951
 0.1170522615435
 0.6589068289241
 0.1271566947456
 0.6595851429833
 0.1373107753502
 0.6601315659767
 0.1475131894035
 0.6605449422015
 0.1577626058582
 0.6608241224807
 0.1680576765049
 0.6609679642976
 0.1783970359031
 0.6609753319312
 0.1887793013113
 0.6608450965947
 0.1992030726158
 0.6605761365743
 0.2096669322596
 0.6601673373708
 0.2201694451699
 0.6596175918425
 0.2307091586848
 0.6589258003502
 0.2412846024795
 0.6580908709040
 0.2518942884917
 0.6571117193125
 0.2625367108458
 0.6559872693330
 0.2732103457768
 0.6547164528251
 0.2839136515534
 0.6532982099051
 0.2946450683997
 0.6517314891036
 0.3054030184175
 0.6500152475245
 0.3161859055059
 0.6481484510065
 0.3269921152823
 0.6461300742872
 0.3378200150007
 0.6439591011688
 0.3486679534709
 0.6416345246870
 0.3595342609757
 0.6391553472816
 0.3704172491883
 0.6365205809701
 0.3813152110882
 0.6337292475230
 0.3922264208775
 0.6307803786432
 0.4031491338951
 0.6276730161459
 0.4140815865314
 0.6244062121431
 0.4250219961419
 0.6209790292296
 0.4359685609597
 0.6173905406723
 0.4469194600085
 0.6136398306020
 0.4578728530137
 0.6097259942083
 0.4688268803134
 0.6056481379374
 0.4797796627693
 0.6014053796926
 0.4907293016761
 0.5969968490382
 0.5016738786712
 0.5924216874063
 0.5126114556427
 0.5876790483065
 0.5235400746382
 0.5827680975394
 0.5344577577722
 0.5776880134128
 0.5453625071331
 0.5724379869613
 0.5562523046897
 0.5670172221693
 0.5671251121979
 0.5614249361980
 0.5779788711054
 0.5556603596146
 0.5888115024578
 0.5497227366265
 0.5996209068029
 0.5436113253181
 0.6104049640950
 0.5373253978914
 0.6211615335994
 0.5308642409113
 0.6318884537956
 0.5242271555529
 0.6425835422805
 0.5174134578545
 0.6532445956719
 0.5104224789736
 0.6638693895108
 0.5032535654467
 0.6744556781638
 0.4959060794539
 0.6850011947255
 0.4883793990869
 0.6955036509206
 0.4806729186219
 0.7059607370050
 0.4727860487963
 0.7163701216683
 0.4647182170895
 0.7267294519348
 0.4564688680092
 0.7370363530650
 0.4480374633810
 0.7472884284569
 0.4394234826429
 0.7574832595476
 0.4306264231453
 0.7676184057141
 0.4216458004543
 0.7776914041750
 0.4124811486609
 0.7876997698918
 0.4031320206944
 0.7976409954705
 0.3935979886415
 0.8075125510631
 0.3838786440696
 0.8173118842695
 0.3739735983555
 0.8270364200393
 0.3638824830200
 0.8366835605746
 0.3536049500665
 0.8462506852321
 0.3431406723259
 0.8557351504263
 0.3324893438069
 0.8651342895328
 0.3216506800513
 0.8744454127919
 0.3106244184955
 0.8836658072130
 0.2994103188376
 0.8927927364791
 0.2880081634098
 0.9018234408526
 0.2764177575573
 0.9107551370807
 0.2646389300233
 0.9195850183022
 0.2526715333394
 0.9283102539550
 0.2405154442226
 0.9369279896842
 0.2281705639789
 0.9454353472508
 0.2156368189124
 0.9538294244418
 0.2029141607421
 0.9621072949812
 0.1900025670240
 0.9702660084413
 0.1769020415808
 0.9783025901561
 0.1636126149381
 0.9862140411350
 0.1501343447674
 0.9939973379784
 0.1364673163362
 1.0016494327940
 0.1226116429650
 1.0091672531149
 0.1085674664923
 1.0165477018185
 0.0943349577457
 1.0237876570478
 0.0799143170214
 1.0308839721335
 0.0653057745710
 1.0378334755178
 0.0505095910958
 1.0446329706805
 0.0355260582492
 1.0512792360665
 0.0203554991465
 1.0577690250148
 0.0049982688837
 1.0640990656903
-0.0105452449370
 1.0702660610171
-0.0262746216717
 1.0762666886141
-0.0421894070924
 1.0820976007327
-0.0582891128353
 1.0877554241973
-0.0745732158403
 1.0932367603474
-0.0910411577823
 1.0985381849832
-0.1076923444930
 1.1036562483133
-0.1245261453741
 1.1085874749048
-0.1415418928009
 1.1133283636373
-0.1587388815166
 1.1178753876586
-0.1761163680175
 1.1222249943445
-0.1936735699284
 1.1263736052613
-0.2114096653677
 1.1303176161316
-0.2293237923033
 1.1340533968036
-0.2474150478983
 1.1375772912240
-0.2656824878461
 1.1408856174148
-0.2841251256953
 1.1439746674532
-0.3027419321646
 1.1468407074563
-0.3215318344458
 1.1494799775695
-0.3404937154977
 1.1518886919588
-0.3596264133269
 1.1540630388083
-0.3789287202595
 1.1559991803212
-0.3983993821999
 1.1576932527268
-0.4180370978790
 1.1591413662905
-0.4378405180903
 1.1603396053311
-0.4578082449143
 1.1612840282409
-0.4779388309310
 1.1619706675130
-0.4982307784196
 1.1623955297731
-0.5186825385470
 1.1625545958172
-0.5392925105422
 1.1624438206554
-0.5600590408594
 1.1620591335612
-0.5809804223274
 1.1613964381281
-0.6020548932855
 1.1604516123313
-0.6232806367073
 1.1592205085969
-0.6446557793098
 1.1576989538779
-0.6661783906491
 1.1558827497371
-0.6878464822029
 1.1537676724370
-0.7096580064379
 1.1513494730378
-0.7316108558631
 1.1486238775029
-0.7537028620694
 1.1455865868118
-0.7759317947529
 1.1422332770824
-0.7982953607251
 1.1385595997003
-0.8207912029062
 1.1345611814581
-0.8434168993039
 1.1302336247028
-0.8661699619768
 1.1255725074929
-0.8890478359811
 1.1205733837645
-0.9120478983020
 1.1152317835080
-0.9351674567683
 1.1095432129537
-0.9584037489508
 1.1035031547690
-0.9817539410434
 1.0971070682651
-1.0052151267279
 1.0903503896156
-1.0287843260209
 1.0832285320856
-1.0524584841035
 1.0757368862730
-1.0762344701330
 1.0678708203612
-1.1001090760366
 1.0596256803847
-1.1240790152872
 1.0509967905064
-1.1481409216603
 1.0419794533088
-1.1722913479718
 1.0325689500976
-1.1965267647972
 1.0227605412201
-1.2208435591716
 1.0125494663966
-1.2452380332690
 1.0019309450668
-1.2697064030634
 0.9909001767511
-1.2942447969678
 0.9794523414270
-1.3188492544542
 0.9675825999212
-1.3435157246522
 0.9552860943181
-1.3682400649263
 0.9425579483843
-1.3930180394326
 0.9293932680112
-1.4178453176530
 0.9157871416735
-1.4427174729081
 0.9017346409074
-1.4676299808471
 0.8872308208059
-1.4925782179161
 0.8722707205339
-1.5175574598025
 0.8568493638621
-1.5425628798566
 0.8409617597218
-1.5675895474901
 0.8246029027793
-1.5926324265498
 0.8077677740320
-1.6176863736675
 0.7904513414257
-1.6427461365861
 0.7726485604948
-1.6678063524594
 0.7543543750245
-1.6928615461276
 0.7355637177372
-1.7179061283672
 0.7162715110025
-1.7429343941147
 0.6964726675717
-1.7679405206641
 0.6761620913387
-1.7929185658376
 0.6553346781256
-1.8178624661299
 0.6339853164960
-1.8427660348241
 0.6121088885951
-1.8676229600809
 0.5897002710185
-1.8924268029989
 0.5667543357094
-1.9171709956469
 0.5432659508860
-1.9418488390669
 0.5192299819984
-1.9664535012481
 0.4946412927181
-1.9909780150713
 0.4694947459581
-2.0154152762229
 0.4437852049272
-2.0397580410785
 0.4175075342170
-2.0639989245560
 0.3906566009240
-2.0881303979368
 0.3632272758074
-2.1121447866559
 0.3352144344833
-2.1360342680595
 0.3066129586557
-2.1597908691300
 0.2774177373868
-2.1834064641783
 0.2476236684061
-2.2068727725028
 0.2172256594600
-2.2301813560138
 0.1862186297032
-2.2533236168245
 0.1545975111321
-2.2762907948070
 0.1223572500622
-2.2990739651127
 0.0894928086501
-2.3216640356578
 0.0559991664618
-2.3440517445721
 0.0218713220873
-2.3662276576116
-0.0128957051954
-2.3881821655339
-0.0483068737077
-2.4099054814364
-0.0843671176062
-2.4313876380564
-0.1210813450670
-2.4526184850325
-0.0843671176062
 2.4313876380564
-0.0483068737077
 2.4099054814364
-0.0128957051954
 2.3881821655339
 0.0218713220873
 2.3662276576116
 0.0559991664618
 2.3440517445721
 0.0894928086501
 2.3216640356578
 0.1223572500622
 2.2990739651127
 0.1545975111321
 2.2762907948070
 0.1862186297032
 2.2533236168245
 0.2172256594600
 2.2301813560138
 0.2476236684061
 2.2068727725028
 0.2774177373868
 2.1834064641783
 0.3066129586557
 2.1597908691300
 0.3352144344833
 2.1360342680595
 0.3632272758074
 2.1121447866559
 0.3906566009240
 2.0881303979368
 0.4175075342170
 2.0639989245560
 0.4437852049272
 2.0397580410785
 0.4694947459581
 2.0154152762229
 0.4946412927181
 1.9909780150713
 0.5192299819984
 1.9664535012481
 0.5432659508860
 1.9418488390669
 0.5667543357094
 1.9171709956469
 0.5897002710185
 1.8924268029989
 0.6121088885951
 1.8676229600809
 0.6339853164960
 1.8427660348241
 0.6553346781256
 1.8178624661299
 0.6761620913387
 1.7929185658376
 0.6964726675717
 1.7679405206641
 0.7162715110025
 1.7429343941147
 0.7355637177372
 1.7179061283672
 0.7543543750245
 1.6928615461276
 0.7726485604948
 1.6678063524594
 0.7904513414257
 1.6427461365861
 0.8077677740320
 1.6176863736675
 0.8246029027793
 1.5926324265498
 0.8409617597218
 1.5675895474901
 0.8568493638621
 1.5425628798566
 0.8722707205339
 1.5175574598025
 0.8872308208059
 1.4925782179161
 0.9017346409074
 1.4676299808471
 0.9157871416735
 1.4427174729081
 0.9293932680112
 1.4178453176530
 0.9425579483843
 1.3930180394326
 0.9552860943181
 1.3682400649263
 0.9675825999212
 1.3435157246522
 0.9794523414270
 1.3188492544542
 0.9909001767511
 1.2942447969678
 1.0019309450668
 1.2697064030634
 1.0125494663966
 1.2452380332690
 1.0227605412201
 1.2208435591716
 1.0325689500976
 1.1965267647972
 1.0419794533088
 1.1722913479718
 1.0509967905064
 1.1481409216603
 1.0596256803847
 1.1240790152872
 1.0678708203612
 1.1001090760366
 1.0757368862730
 1.0762344701330
 1.0832285320856
 1.0524584841035
 1.0903503896156
 1.0287843260209
 1.0971070682651
 1.0052151267279
 1.1035031547690
 0.9817539410434
 1.1095432129537
 0.9584037489508
 1.1152317835080
 0.9351674567683
 1.1205733837645
 0.9120478983020
 1.1255725074929
 0.8890478359811
 1.1302336247028
 0.8661699619768
 1.1345611814581
 0.8434168993039
 1.1385595997003
 0.8207912029062
 1.1422332770824
 0.7982953607251
 1.1455865868118
 0.7759317947529
 1.1486238775029
 0.7537028620694
 1.1513494730378
 0.7316108558631
 1.1537676724370
 0.7096580064379
 1.1558827497371
 0.6878464822029
 1.1576989538779
 0.6661783906491
 1.1592205085969
 0.6446557793098
 1.1604516123313
 0.6232806367073
 1.1613964381281
 0.6020548932855
 1.1620591335612
 0.5809804223274
 1.1624438206554
 0.5600590408594
 1.1625545958172
 0.5392925105422
 1.1623955297731
 0.5186825385470
 1.1619706675130
 0.4982307784196
 1.1612840282409
 0.4779388309310
 1.1603396053311
 0.4578082449143
 1.1591413662905
 0.4378405180903
 1.1576932527268
 0.4180370978790
 1.1559991803212
 0.3983993821999
 1.1540630388083
 0.3789287202595
 1.1518886919588
 0.3596264133269
 1.1494799775695
 0.3404937154977
 1.1468407074563
 0.3215318344458
 1.1439746674532
 0.3027419321646
 1.1408856174148
 0.2841251256953
 1.1375772912240
 0.2656824878461
 1.1340533968036
 0.2474150478983
 1.1303176161316
 0.2293237923033
 1.1263736052613
 0.2114096653677
 1.1222249943445
 0.1936735699284
 1.1178753876586
 0.1761163680175
 1.1133283636373
 0.1587388815166
 1.1085874749048
 0.1415418928009
 1.1036562483133
 0.1245261453741
 1.0985381849832
 0.1076923444930
 1.0932367603474
 0.0910411577823
 1.0877554241973
 0.0745732158403
 1.0820976007327
 0.0582891128353
 1.0762666886141
 0.0421894070924
 1.0702660610171
 0.0262746216717
 1.0640990656903
 0.0105452449370
 1.0577690250148
-0.0049982688837
 1.0512792360665
-0.0203554991465
 1.0446329706805
-0.0355260582492
 1.0378334755178
-0.0505095910958
 1.0308839721335
-0.0653057745710
 1.0237876570478
-0.0799143170214
 1.0165477018185
-0.0943349577457
 1.0091672531149
-0.1085674664923
 1.0016494327940
-0.1226116429650
 0.9939973379784
-0.1364673163362
 0.9862140411350
-0.1501343447674
 0.9783025901561
-0.1636126149381
 0.9702660084413
-0.1769020415808
 0.9621072949812
-0.1900025670240
 0.9538294244418
-0.2029141607421
 0.9454353472508
-0.2156368189124
 0.9369279896842
-0.2281705639789
 0.9283102539550
-0.2405154442226
 0.9195850183022
-0.2526715333394
 0.9107551370807
-0.2646389300233
 0.9018234408526
-0.2764177575573
 0.8927927364791
-0.2880081634098
 0.8836658072130
-0.2994103188376
 0.8744454127919
-0.3106244184955
 0.8651342895328
-0.3216506800513
 0.8557351504263
-0.3324893438069
 0.8462506852321
-0.3431406723259
 0.8366835605746
-0.3536049500665
 0.8270364200393
-0.3638824830200
 0.8173118842695
-0.3739735983555
 0.8075125510631
-0.3838786440696
 0.7976409954705
-0.3935979886415
 0.7876997698918
-0.4031320206944
 0.7776914041750
-0.4124811486609
 0.7676184057141
-0.4216458004543
 0.7574832595476
-0.4306264231453
 0.7472884284569
-0.4394234826429
 0.7370363530650
-0.4480374633810
 0.7267294519348
-0.4564688680092
 0.7163701216683
-0.4647182170895
 0.7059607370050
-0.4727860487963
 0.6955036509206
-0.4806729186219
 0.6850011947255
-0.4883793990869
 0.6744556781638
-0.4959060794539
 0.6638693895108
-0.5032535654467
 0.6532445956719
-0.5104224789736
 0.6425835422805
-0.5174134578545
 0.6318884537956
-0.5242271555529
 0.6211615335994
-0.5308642409113
 0.6104049640950
-0.5373253978914
 0.5996209068029
-0.5436113253181
 0.5888115024578
-0.5497227366265
 0.5779788711054
-0.5556603596146
 0.5671251121979
-0.5614249361980
 0.5562523046897
-0.5670172221693
 0.5453625071331
-0.5724379869613
 0.5344577577722
-0.5776880134128
 0.5235400746382
-0.5827680975394
 0.5126114556427
-0.5876790483065
 0.5016738786712
-0.5924216874063
 0.4907293016761
-0.5969968490382
 0.4797796627693
-0.6014053796926
 0.4688268803134
-0.6056481379374
 0.4578728530137
-0.6097259942083
 0.4469194600085
-0.6136398306020
 0.4359685609597
-0.6173905406723
 0.4250219961419
-0.6209790292296
 0.4140815865314
-0.6244062121431
 0.4031491338951
-0.6276730161459
 0.3922264208775
-0.6307803786432
 0.3813152110882
-0.6337292475230
 0.3704172491883
-0.6365205809701
 0.3595342609757
-0.6391553472816
 0.3486679534709
-0.6416345246870
 0.3378200150007
-0.6439591011688
 0.3269921152823
-0.6461300742872
 0.3161859055059
-0.6481484510065
 0.3054030184175
-0.6500152475245
 0.2946450683997
-0.6517314891036
 0.2839136515534
-0.6532982099051
 0.2732103457768
-0.6547164528251
 0.2625367108458
-0.6559872693330
 0.2518942884917
-0.6571117193125
 0.2412846024795
-0.6580908709040
 0.2307091586848
-0.6589258003502
 0.2201694451699
-0.6596175918425
 0.2096669322596
-0.6601673373708
 0.1992030726158
-0.6605761365743
 0.1887793013113
-0.6608450965947
 0.1783970359031
-0.6609753319312
 0.1680576765049
-0.6609679642976
 0.1577626058582
-0.6608241224807
 0.1475131894035
-0.6605449422015
 0.1373107753502
-0.6601315659767
 0.1271566947456
-0.6595851429833
 0.1170522615435
-0.6589068289241
 0.1069987726716
-0.6580977858951
 0.0969975080983
-0.6571591822546
 0.0870497308987
-0.6560921924933
 0.0771566873197
-0.6548979971069
 0.0673196068446
-0.6535777824690
 0.0575397022562
-0.6521327407066
 0.0478181696999
-0.6505640695764
 0.0381561887457
-0.6488729723423
 0.0285549224490
-0.6470606576548
 0.0190155174112
-0.6451283394313
 0.0095391038391
-0.6430772367379
 0.0001267956040
-0.6409085736723
-0.0092203097009
-0.6386235792479
-0.0185011307029
-0.6362234872791
-0.0277146021936
-0.6337095362679
-0.0368596750731
-0.6310829692915
-0.0459353162954
-0.6283450338908
-0.0549405088145
-0.6254969819600
-0.0638742515305
-0.6225400696375
-0.0727355592380
-0.6194755571976
-0.0815234625734
-0.6163047089429
-0.0902370079647
-0.6130287930982
-0.0988752575808
-0.6096490817044
-0.1074372892822
-0.6061668505143
-0.1159221965723
-0.6025833788885
-0.1243290885492
-0.5988999496921
-0.1326570898586
-0.5951178491929
-0.1409053406472
-0.5912383669592
-0.1490729965167
-0.5872627957594
-0.1571592284791
-0.5831924314616
-0.1651632229115
-0.5790285729340
-0.1730841815131
-0.5747725219465
-0.1809213212620
-0.5704255830714
-0.1886738743724
-0.5659890635866
-0.1963410882533
-0.5614642733782
-0.2039222254673
-0.5568525248434
-0.2114165636902
-0.5521551327948
-0.2188233956712
-0.5473734143645
-0.2261420291940
-0.5425086889090
-0.2333717870379
-0.5375622779140
-0.2405120069404
-0.5325355049005
-0.2475620415592
-0.5274296953302
-0.2545212584365
-0.5222461765121
-0.2613890399619
-0.5169862775090
-0.2681647833373
-0.5116513290443
-0.2748479005422
-0.5062426634093
-0.2814378182987
-0.5007616143707
-0.2879339780377
-0.4952095170779
-0.2943358358661
-0.4895877079712
-0.3006428625332
-0.4838975246897
-0.3068545433986
-0.4781403059795
-0.3129703784005
-0.4723173916021
-0.3189898820241
-0.4664301222427
-0.3249125832708
-0.4604798394191
-0.3307380256274
-0.4544678853899
-0.3364657670365
-0.4483956030638
-0.3420953798664
-0.4422643359075
-0.3476264508822
-0.4360754278553
-0.3530585812168
-0.4298302232175
-0.3583913863426
-0.4235300665890
-0.3636244960431
-0.4171763027582
-0.3687575543853
-0.4107702766157
-0.3737902196927
-0.4043133330628
-0.3787221645172
-0.3978068169197
-0.3835530756135
-0.3912520728345
-0.3882826539116
-0.3846504451910
-0.3929106144911
-0.3780032780167
-0.3974366865550
-0.3713119148911
-0.4018606134042
-0.3645776988535
-0.4061821524116
-0.3578019723100
-0.4104010749969
-0.3509860769416
-0.4145171666017
-0.3441313536109
-0.4185302266643
-0.3372391422690
-0.4224400685947
-0.3303107818624
-0.4262465197504
-0.3233476102394
-0.4299494214113
-0.3163509640558
-0.4335486287555
-0.3093221786813
-0.4370440108351
-0.3022625881045
-0.4404354505512
-0.2951735248384
-0.4437228446303
-0.2880563198252
-0.4469061035997
-0.2809123023408
-0.4499851517630
-0.2737427998988
-0.4529599271763
-0.2665491381547
-0.4558303816234
-0.2593326408090
-0.4585964805918
-0.2520946295101
-0.4612582032476
-0.2448364237573
-0.4638155424118
-0.2375593408030
-0.4662685045349
-0.2302646955540
-0.4686171096723
-0.2229538004736
-0.4708613914593
-0.2156279654819
-0.4730013970860
-0.2082884978567
-0.4750371872718
-0.2009367021335
-0.4769688362397
-0.1935738800048
-0.4787964316908
-0.1862013302197
-0.4805200747777
-0.1788203484821
-0.4821398800785
-0.1714322273491
-0.4836559755698
-0.1640382561286
-0.4850685025998
-0.1566397207765
-0.4863776158605
-0.1492379037937
-0.4875834833607
-0.1418340841217
-0.4886862863967
-0.1344295370387
-0.4896862195248
-0.1270255340549
-0.4905834905313
-0.1196233428069
-0.4913783204033
-0.1122242269518
-0.4920709432989
-0.1048294460613
-0.4926616065160
-0.0974402555143
-0.4931505704619
-0.0900579063900
-0.4935381086210
-0.0826836453596
-0.4938245075229
-0.0753187145780
-0.4940100667094
-0.0679643515752
-0.4940950987009
-0.0606217891463
-0.4940799289623
-0.0532922552417
-0.4939648958682
-0.0459769728570
-0.4937503506669
-0.0386771599214
-0.4934366574447
-0.0313940291865
-0.4930241930884
-0.0241287881144
-0.4925133472473
-0.0168826387649
-0.4919045222950
-0.0096567776826
-0.4911981332894
-0.0024523957834
-0.4903946079329
 0.0047293217596
-0.4894943865304
 0.0118871956304
-0.4884979219478
 0.0190200524853
-0.4874056795685
 0.0261267250682
-0.4862181372498
 0.0332060523265
-0.4849357852771
 0.0402568795277
-0.4835591263189
 0.0472780583757
-0.4820886753787
 0.0542684471285
-0.4805249597478
 0.0612269107158
-0.4788685189555
 0.0681523208567
-0.4771199047189
 0.0750435561787
-0.4752796808918
 0.0818995023364
-0.4733484234118
 0.0887190521307
-0.4713267202467
 0.0955011056283
-0.4692151713395
 0.1022445702821
-0.4670143885522
 0.1089483610513
-0.4647249956087
 0.1156114005218
-0.4623476280357
 0.1222326190278
-0.4598829331028
 0.1288109547727
-0.4573315697614
 0.1353453539504
-0.4546942085821
 0.1418347708678
-0.4519715316905
 0.1482781680663
-0.4491642327017
 0.1546745164446
-0.4462730166542
 0.1610227953805
-0.4432985999407
 0.1673219928545
-0.4402417102393
 0.1735711055721
-0.4371030864419
 0.1797691390868
-0.4338834785815
 0.1859151079239
-0.4305836477585
 0.1920080357030
-0.4272043660645
 0.1980469552619
-0.4237464165054
 0.2040309087798
-0.4202105929224
 0.2099589479010
-0.4165976999116
 0.2158301338582
-0.4129085527420
 0.2216435375961
-0.4091439772718
 0.2273982398947
-0.4053048098630
 0.2330933314930
-0.4013918972945
 0.2387279132123
-0.3974060966732
 0.2443010960792
-0.3933482753438
 0.2498120014486
-0.3892193107965
 0.2552597611272
-0.3850200905731
 0.2606435174957
-0.3807515121716
 0.2659624236313
-0.3764144829481
 0.2712156434305
-0.3720099200184
 0.2764023517304
-0.3675387501564
 0.2815217344309
-0.3630019096913
 0.2865729886155
-0.3584003444030
 0.2915553226729
-0.3537350094157
 0.2964679564169
-0.3490068690890
 0.3013101212069
-0.3442168969081
 0.3060810600675
-0.3393660753711
 0.3107800278073
-0.3344553958754
 0.3154062911379
-0.3294858586015
 0.3199591287916
-0.3244584723947
 0.3244378316388
-0.3193742546461
 0.3288417028050
-0.3142342311698
 0.3331700577864
-0.3090394360798
 0.3374222245658
-0.3037909116643
 0.3415975437266
-0.2984897082577
 0.3456953685668
-0.2931368841109
 0.3497150652122
-0.2877335052604
 0.3536560127279
-0.2822806453939
 0.3575176032299
-0.2767793857152
 0.3612992419952
-0.2712308148065
 0.3650003475709
-0.2656360284887
 0.3686203518824
-0.2599961296805
 0.3721587003404
-0.2543122282541
 0.3756148519472
-0.2485854408902
 0.3789882794012
-0.2428168909302
 0.3822784692005
-0.2370077082272
 0.3854849217456
-0.2311590289940
 0.3886071514403
-0.2252719956500
 0.3916446867914
-0.2193477566657
 0.3945970705075
-0.2133874664053
 0.3974638595954
-0.2073922849675
 0.4002446254562
-0.2013633780240
 0.4029389539791
-0.1953019166564
 0.4055464456340
-0.1892090771910
 0.4080667155624
-0.1830860410317
 0.4104993936666
-0.1769339944910
 0.4128441246979
-0.1707541286189
 0.4151005683416
-0.1645476390304
 0.4172683993020
-0.1583157257305
 0.4193473073844
-0.1520595929379
 0.4213369975756
-0.1457804489065
 0.4232371901228
-0.1394795057450
 0.4250476206100
-0.1331579792351
 0.4267680400328
-0.1268170886477
 0.4283982148713
-0.1204580565569
 0.4299379271605
-0.1140821086531
 0.4313869745589
-0.1076904735538
 0.4327451704149
-0.1012843826125
 0.4340123438311
-0.0948650697268
 0.4351883397260
-0.0884337711437
 0.4362730188937
-0.0819917252641
 0.4372662580613
-0.0755401724455
 0.4381679499439
-0.0690803548031
 0.4389780032970
-0.0626135160089
 0.4396963429668
-0.0561409010904
 0.4403229099375
-0.0496637562264
 0.4408576613765
-0.0431833285429
 0.4413005706771
-0.0367008659058
 0.4416516274979
-0.0302176167140
 0.4419108378003
-0.0237348296899
 0.4420782238831
-0.0172537536692
 0.4421538244138
-0.0107756373891
 0.4421376944582
-0.0043017292759
 0.4420299055059
 0.0021667227699
 0.4418305454943
 0.0086284715881
 0.4415397188283
 0.0150822709752
 0.4411575463984
 0.0215268759022
 0.4406841655950
 0.0279610427325
 0.4401197303196
 0.0343835294417
 0.4394644109940
 0.0407930958376
 0.4387183945649
 0.0471885037815
 0.4378818845071
 0.0535685174103
 0.4369551008218
 0.0599319033592
 0.4359382800334
 0.0662774309852
 0.4348316751818
 0.0726038725915
 0.4336355558122
 0.0789100036523
 0.4323502079615
 0.0851946030382
 0.4309759341414
 0.0914564532422
 0.4295130533179
 0.0976943406059
 0.4279619008881
 0.1039070555471
 0.4263228286529
 0.1100933927859
 0.4245962047868
 0.1162521515733
 0.4227824138046
 0.1223821359183
 0.4208818565233
 0.1284821548161
 0.4188949500224
 0.1345510224761
 0.4168221275994
 0.1405875585503
 0.4146638387222
 0.1465905883612
 0.4124205489781
 0.1525589431299
 0.4100927400194
 0.1584914602044
 0.4076809095048
 0.1643869832872
 0.4051855710380
 0.1702443626628
 0.4026072541025
 0.1760624554252
 0.3999465039925
 0.1818401257049
 0.3972038817407
 0.1875762448950
 0.3943799640421
 0.1932696918777
 0.3914753431746
 0.1989193532491
 0.3884906269154
 0.2045241235446
 0.3854264384544
 0.2100829054628
 0.3822834163036
 0.2155946100886
 0.3790622142032
 0.2210581571162
 0.3757635010235
 0.2264724750702
 0.3723879606639
 0.2318365015267
 0.3689362919477
 0.2371491833326
 0.3654092085136
 0.2424094768242
 0.3618074387033
 0.2476163480448
 0.3581317254462
 0.2527687729605
 0.3543828261394
 0.2578657376750
 0.3505615125250
 0.2629062386436
 0.3466685705634
 0.2678892828842
 0.3427048003033
 0.2728138881888
 0.3386710157479
 0.2776790833317
 0.3345680447175
 0.2824839082771
 0.3303967287090
 0.2872274143844
 0.3261579227515
 0.2919086646121
 0.3218524952587
 0.2965267337199
 0.3174813278773
 0.3010807084680
 0.3130453153327
 0.3055696878159
 0.3085453652710
 0.3099927831176
 0.3039823980969
 0.3143491183159
 0.2993573468099
 0.3186378301337
 0.2946711568351
 0.3228580682635
 0.2899247858524
 0.3270089955542
 0.2851192036216
 0.3310897881962
 0.2802553918043
 0.3350996359029
 0.2753343437828
 0.3390377420909
 0.2703570644759
 0.3429033240567
 0.2653245701512
 0.3466956131515
 0.2602378882344
 0.3504138549523
 0.2550980571163
 0.3540573094317
 0.2499061259554
 0.3576252511232
 0.2446631544790
 0.3611169692847
 0.2393702127800
 0.3645317680589
 0.2340283811122
 0.3678689666303
 0.2286387496815
 0.3711278993797
 0.2232024184355
 0.3743079160349
 0.2177204968490
 0.3774083818187
 0.2121941037085
 0.3804286775936
 0.2066243668926
 0.3833682000031
 0.2010124231505
 0.3862263616095
 0.1953594178781
 0.3890025910288
 0.1896665048913
 0.3916963330619
 0.1839348461972
 0.3943070488217
 0.1781656117625
 0.3968342158578
 0.1723599792805
 0.3992773282767
 0.1665191339348
 0.4016358968590
 0.1606442681616
 0.4039094491721
 0.1547365814098
 0.4060975296800
 0.1487972798986
 0.4081996998490
 0.1428275763740
 0.4102155382496
 0.1368286898626
 0.4121446406543
 0.1308018454239
 0.4139866201321
 0.1247482739009
 0.4157411071385
 0.1186692116690
 0.4174077496019
 0.1125659003831
 0.4189862130057
 0.1064395867235
 0.4204761804668
 0.1002915221398
 0.4218773528098
 0.0941229625943
 0.4231894486369
 0.0879351683028
 0.4244122043939
 0.0817294034752
 0.4255453744327
 0.0755069360547
 0.4265887310681
 0.0692690374557
 0.4275420646319
 0.0630169823004
 0.4284051835222
 0.0567520481554
 0.4291779142483
 0.0504755152663
 0.4298601014719
 0.0441886662924
 0.4304516080431
 0.0378927860403
 0.4309523150335
 0.0315891611965
 0.4313621217637
 0.0252790800603
 0.4316809458272
 0.0189638322758
 0.4319087231098
 0.0126447085628
 0.4320454078051
 0.0063230004489
