 0.3888568636637
 0.0000000000000
 0.3888062123710
-0.0063237424769
 0.3886542711000
-0.0126458874935
 0.3884010776692
-0.0189648380028
 0.3880466950966
-0.0252789977834
 0.3875912115817
-0.0315867718528
 0.3870347404790
-0.0378865668790
 0.3863774202654
-0.0441767915923
 0.3856194144987
-0.0504558571959
 0.3847609117699
-0.0567221777758
 0.3838021256478
-0.0629741707097
 0.3827432946162
-0.0692102570741
 0.3815846820037
-0.0754288620512
 0.3803265759068
-0.0816284153329
 0.3789692891053
-0.0878073515240
 0.3775131589706
-0.0939641105434
 0.3759585473672
-0.1000971380232
 0.3743058405466
-0.1062048857062
 0.3725554490349
-0.1122858118399
 0.3707078075126
-0.1183383815700
 0.3687633746885
-0.1243610673293
 0.3667226331655
-0.1303523492258
 0.3645860893010
-0.1363107154266
 0.3623542730596
-0.1422346625396
 0.3600277378596
-0.1481226959919
 0.3576070604128
-0.1539733304051
 0.3550928405578
-0.1597850899670
 0.3524857010873
-0.1655565088000
 0.3497862875684
-0.1712861313263
 0.3469952681572
-0.1769725126285
 0.3441133334069
-0.1826142188074
 0.3411411960707
-0.1882098273348
 0.3380795908971
-0.1937579274034
 0.3349292744212
-0.1992571202712
 0.3316910247490
-0.2047060196030
 0.3283656413365
-0.2101032518063
 0.3249539447631
-0.2154474563637
 0.3214567764998
-0.2207372861596
 0.3178749986720
-0.2259714078035
 0.3142094938166
-0.2311485019475
 0.3104611646348
-0.2362672635992
 0.3066309337389
-0.2413264024298
 0.3027197433957
-0.2463246430771
 0.2987285552632
-0.2512607254431
 0.2946583501244
-0.2561334049865
 0.2905101276155
-0.2609414530100
 0.2862849059504
-0.2656836569424
 0.2819837216399
-0.2703588206145
 0.2776076292081
-0.2749657645305
 0.2731577009039
-0.2795033261327
 0.2686350264083
-0.2839703600618
 0.2640407125392
-0.2883657384103
 0.2593758829510
-0.2926883509710
 0.2546416778321
-0.2969371054791
 0.2498392535978
-0.3011109278490
 0.2449697825806
-0.3052087624048
 0.2400344527178
-0.3092295721045
 0.2350344672346
-0.3131723387595
 0.2299710443263
-0.3170360632465
 0.2248454168361
-0.3208197657142
 0.2196588319312
-0.3245224857843
 0.2144125507765
-0.3281432827451
 0.2091078482049
-0.3316812357404
 0.2037460123872
-0.3351354439512
 0.1983283444979
-0.3385050267717
 0.1928561583810
-0.3417891239791
 0.1873307802124
-0.3449868958971
 0.1817535481614
-0.3480975235532
 0.1761258120507
-0.3511202088299
 0.1704489330150
-0.3540541746097
 0.1647242831576
-0.3568986649136
 0.1589532452068
-0.3596529450339
 0.1531372121708
-0.3623163016603
 0.1472775869915
-0.3648880430003
 0.1413757821982
-0.3673674988930
 0.1354332195596
-0.3697540209173
 0.1294513297366
-0.3720469824932
 0.1234315519333
-0.3742457789776
 0.1173753335488
-0.3763498277542
 0.1112841298283
-0.3783585683164
 0.1051594035140
-0.3802714623454
 0.0990026244969
-0.3820879937812
 0.0928152694677
-0.3838076688884
 0.0865988215686
-0.3854300163160
 0.0803547700455
-0.3869545871509
 0.0740846099008
-0.3883809549658
 0.0677898415461
-0.3897087158616
 0.0614719704568
-0.3909374885039
 0.0551325068266
-0.3920669141532
 0.0487729652232
-0.3930966566907
 0.0423948642453
-0.3940264026372
 0.0359997261805
-0.3948558611674
 0.0295890766644
-0.3955847641185
 0.0231644443412
-0.3962128659932
 0.0167273605255
-0.3967399439572
 0.0102793588663
-0.3971657978321
 0.0038219750112
-0.3974902500824
-0.0026432537260
-0.3977131457978
-0.0091147886971
-0.3978343526696
-0.0155910902492
-0.3978537609637
-0.0220706180519
-0.3977712834867
-0.0285518314233
-0.3975868555483
-0.0350331896534
-0.3973004349192
-0.0415131523251
-0.3969120017827
-0.0479901796339
-0.3964215586836
-0.0544627327040
-0.3958291304709
-0.0609292739030
-0.3951347642372
-0.0673882671540
-0.3943385292527
-0.0738381782444
-0.3934405168955
-0.0802774751334
-0.3924408405773
-0.0867046282559
-0.3913396356653
-0.0931181108239
-0.3901370593994
-0.0995163991256
-0.3888332908060
-0.1058979728209
-0.3874285306072
-0.1122613152351
-0.3859230011271
-0.1186049136486
-0.3843169461928
-0.1249272595848
-0.3826106310338
-0.1312268490938
-0.3808043421755
-0.1375021830342
-0.3788983873310
-0.1437517673513
-0.3768930952887
-0.1499741133520
-0.3747888157963
-0.1561677379771
-0.3725859194420
-0.1623311640703
-0.3702847975324
-0.1684629206435
-0.3678858619671
-0.1745615431398
-0.3653895451106
-0.1806255736924
-0.3627962996610
-0.1866535613808
-0.3601065985159
-0.1926440624834
-0.3573209346354
-0.1985956407272
-0.3544398209032
-0.2045068675337
-0.3514637899837
-0.2103763222616
-0.3483933941780
-0.2162025924464
-0.3452292052765
-0.2219842740367
-0.3419718144096
-0.2277199716266
-0.3386218318959
-0.2334082986851
-0.3351798870888
-0.2390478777823
-0.3316466282196
-0.2446373408121
-0.3280227222405
-0.2501753292110
-0.3243088546641
-0.2556604941744
-0.3205057294015
-0.2610914968688
-0.3166140685991
-0.2664670086414
-0.3126346124726
-0.2717857112253
-0.3085681191409
-0.2770462969422
-0.3044153644567
-0.2822474689013
-0.3001771418371
-0.2873879411955
-0.2958542620917
-0.2924664390932
-0.2914475532502
-0.2974816992275
-0.2869578603879
-0.3024324697824
-0.2823860454507
-0.3073175106750
-0.2777329870788
-0.3121355937346
-0.2729995804289
-0.3168855028791
-0.2681867369959
-0.3215660342875
-0.2632953844336
-0.3261759965695
-0.2583264663743
-0.3307142109322
-0.2532809422478
-0.3351795113430
-0.2481597870996
-0.3395707446897
-0.2429639914084
-0.3438867709381
-0.2376945609030
-0.3481264632852
-0.2323525163787
-0.3522887083106
-0.2269388935132
-0.3563724061244
-0.2214547426819
-0.3603764705117
-0.2159011287731
-0.3642998290752
-0.2102791310026
-0.3681414233737
-0.2045898427281
-0.3719002090584
-0.1988343712637
-0.3755751560067
-0.1930138376935
-0.3791652484518
-0.1871293766860
-0.3826694851114
-0.1811821363077
-0.3860868793118
-0.1751732778368
-0.3894164591109
-0.1691039755775
-0.3926572674175
-0.1629754166736
-0.3958083621083
-0.1567888009223
-0.3988688161422
-0.1505453405892
-0.4018377176726
-0.1442462602217
-0.4047141701562
-0.1378927964645
-0.4074972924604
-0.1314861978737
-0.4101862189675
-0.1250277247327
-0.4127800996768
-0.1185186488671
-0.4152781003046
-0.1119602534612
-0.4176794023814
-0.1053538328739
-0.4199832033473
-0.0987006924558
-0.4221887166450
-0.0920021483660
-0.4242951718107
-0.0852595273905
-0.4263018145627
-0.0784741667600
-0.4282079068885
-0.0716474139688
-0.4300127271288
-0.0647806265944
-0.4317155700608
-0.0578751721175
-0.4333157469786
-0.0509324277427
-0.4348125857723
-0.0439537802196
-0.4362054310048
-0.0369406256652
-0.4374936439870
-0.0298943693861
-0.4386766028518
-0.0228164257025
-0.4397537026249
-0.0157082177720
-0.4407243552960
-0.0085711774143
-0.4415879898865
-0.0014067449374
-0.4423440525169
 0.0057836310365
-0.4429920064720
 0.0129984937435
-0.4435313322648
 0.0202363784499
-0.4439615276994
 0.0274958126237
-0.4442821079317
 0.0347753161048
-0.4444926055294
 0.0420734012745
-0.4445925705305
 0.0493885732241
-0.4445815705008
 0.0567193299232
-0.4444591905897
 0.0640641623861
-0.4442250335850
 0.0714215548387
-0.4438787199672
 0.0787899848830
-0.4434198879621
 0.0861679236623
-0.4428481935921
 0.0935538360247
-0.4421633107278
 0.1009461806854
-0.4413649311371
 0.1083434103894
-0.4404527645344
 0.1157439720718
-0.4394265386292
 0.1231463070187
-0.4382859991726
 0.1305488510263
-0.4370309100045
 0.1379500345596
-0.4356610530993
 0.1453482829101
-0.4341762286110
 0.1527420163528
-0.4325762549180
 0.1601296503021
-0.4308609686668
 0.1675095954678
-0.4290302248156
 0.1748802580088
-0.4270838966773
 0.1822400396876
-0.4250218759621
 0.1895873380228
-0.4228440728192
 0.1969205464416
-0.4205504158787
 0.2042380544316
-0.4181408522932
 0.2115382476908
-0.4156153477785
 0.2188195082788
-0.4129738866544
 0.2260802147650
-0.4102164718855
 0.2333187423785
-0.4073431251215
 0.2405334631551
-0.4043538867373
 0.2477227460857
-0.4012488158733
 0.2548849572624
-0.3980279904754
 0.2620184600250
-0.3946915073348
 0.2691216151068
-0.3912394821286
 0.2761927807794
-0.3876720494589
 0.2832303129972
-0.3839893628941
 0.2902325655421
-0.3801915950079
 0.2971978901661
-0.3762789374206
 0.3041246367351
-0.3722516008390
 0.3110111533714
-0.3681098150977
 0.3178557865958
-0.3638538291995
 0.3246568814698
-0.3594839113568
 0.3314127817366
-0.3550003490333
 0.3381218299628
-0.3504034489859
 0.3447823676791
-0.3456935373064
 0.3513927355209
-0.3408709594647
 0.3579512733687
-0.3359360803516
 0.3644563204883
-0.3308892843220
 0.3709062156710
-0.3257309752394
 0.3772992973729
-0.3204615765199
 0.3836339038554
-0.3150815311772
 0.3899083733242
-0.3095913018685
 0.3961210440695
-0.3039913709402
 0.4022702546053
-0.2982822404749
 0.4083543438089
-0.2924644323387
 0.4143716510609
-0.2865384882293
 0.4203205163851
-0.2805049697245
 0.4261992805880
-0.2743644583318
 0.4320062853993
-0.2681175555386
 0.4377398736120
-0.2617648828631
 0.4433983892231
-0.2553070819057
 0.4489801775743
-0.2487448144020
 0.4544835854935
-0.2420787622756
 0.4599069614358
-0.2353096276926
 0.4652486556262
-0.2284381331166
 0.4705070202012
-0.2214650213642
 0.4756804093524
-0.2143910556624
 0.4807671794696
-0.2072170197058
 0.4857656892846
-0.1999437177154
 0.4906743000165
-0.1925719744983
 0.4954913755161
-0.1851026355081
 0.5002152824129
-0.1775365669068
 0.5048443902610
-0.1698746556269
 0.5093770716872
-0.1621178094352
 0.5138117025392
-0.1542669569973
 0.5181466620349
-0.1463230479437
 0.5223803329130
-0.1382870529357
 0.5265111015837
-0.1301599637341
 0.5305373582813
-0.1219427932673
 0.5344574972177
-0.1136365757018
 0.5382699167365
-0.1052423665130
 0.5419730194693
-0.0967612425577
 0.5455652124920
-0.0881943021470
 0.5490449074836
-0.0795426651212
 0.5524105208855
-0.0708074729253
 0.5556604740624
-0.0619898886857
 0.5587931934652
-0.0530910972882
 0.5618071107944
-0.0441123054574
 0.5647006631659
-0.0350547418366
 0.5674722932781
-0.0259196570696
 0.5701204495806
-0.0167083238833
 0.5726435864450
-0.0074220371718
 0.5750401643368
 0.0019378859186
 0.5773086499899
 0.0113701059033
 0.5794475165825
 0.0208732608714
 0.5814552439152
 0.0304459663973
 0.5833303185910
 0.0400868154504
 0.5850712341975
 0.0497943783042
 0.5866764914911
 0.0595672024436
 0.5881445985835
 0.0694038124714
 0.5894740711304
 0.0793027100132
 0.5906634325229
 0.0892623736217
 0.5917112140804
 0.0992812586788
 0.5926159552472
 0.1093577972975
 0.5933762037905
 0.1194903982219
 0.5939905160016
 0.1296774467262
 0.5944574568997
 0.1399173045126
 0.5947756004384
 0.1502083096076
 0.5949435297147
 0.1605487762579
 0.5949598371815
 0.1709369948238
 0.5948231248625
 0.1813712316730
 0.5945320045699
 0.1918497290717
 0.5940850981263
 0.2023707050756
 0.5934810375884
 0.2129323534194
 0.5927184654749
 0.2235328434048
 0.5917960349971
 0.2341703197876
 0.5907124102932
 0.2448429026640
 0.5894662666663
 0.2555486873555
 0.5880562908251
 0.2662857442920
 0.5864811811289
 0.2770521188953
 0.5847396478365
 0.2878458314599
 0.5828304133580
 0.2986648770340
 0.5807522125111
 0.3095072252986
 0.5785037927815
 0.3203708204460
 0.5760839145865
 0.3312535810571
 0.5734913515436
 0.3421533999778
 0.5707248907428
 0.3530681441941
 0.5677833330232
 0.3639956547067
 0.5646654932541
 0.3749337464045
 0.5613702006208
 0.3858802079367
 0.5578962989141
 0.3968328015847
 0.5542426468254
 0.4077892631326
 0.5504081182462
 0.4187473017373
 0.5463916025719
 0.4297045997973
 0.5421920050116
 0.4406588128208
 0.5378082469016
 0.4516075692932
 0.5332392660253
 0.4625484705441
 0.5284840169375
 0.4734790906126
 0.5235414712941
 0.4843969761133
 0.5184106181875
 0.4952996461001
 0.5130904644876
 0.5061845919308
 0.5075800351876
 0.5170492771302
 0.5018783737567
 0.5278911372531
 0.4959845424980
 0.5387075797464
 0.4898976229121
 0.5494959838110
 0.4836167160675
 0.5602537002635
 0.4771409429762
 0.5709780513966
 0.4704694449769
 0.5816663308403
 0.4636013841233
 0.5923158034220
 0.4565359435795
 0.6029237050266
 0.4492723280223
 0.6134872424561
 0.4418097640497
 0.6240035932899
 0.4341475005967
 0.6344699057438
 0.4262848093579
 0.6448832985295
 0.4182209852173
 0.6552408607145
 0.4099553466853
 0.6655396515813
 0.4014872363433
 0.6757767004869
 0.3928160212955
 0.6859490067228
 0.3839410936286
 0.6960535393751
 0.3748618708793
 0.7060872371842
 0.3655777965094
 0.7160470084061
 0.3560883403897
 0.7259297306729
 0.3463929992910
 0.7357322508545
 0.3364912973846
 0.7454513849204
 0.3263827867506
 0.7550839178028
 0.3160670478949
 0.7646266032595
 0.3055436902757
 0.7740761637382
 0.2948123528376
 0.7834292902413
 0.2838727045563
 0.7926826421922
 0.2727244449916
 0.8018328473015
 0.2613673048502
 0.8108765014358
 0.2498010465579
 0.8198101684862
 0.2380254648419
 0.8286303802392
 0.2260403873226
 0.8373336362485
 0.2138456751158
 0.8459164037080
 0.2014412234450
 0.8543751173271
 0.1888269622644
 0.8627061792070
 0.1760028568922
 0.8709059587192
 0.1629689086549
 0.8789707923855
 0.1497251555424
 0.8868969837606
 0.1362716728750
 0.8946808033161
 0.1226085739803
 0.9023184883271
 0.1087360108834
 0.9098062427616
 0.0946541750078
 0.9171402371713
 0.0803632978881
 0.9243166085860
 0.0658636518957
 0.9313314604103
 0.0511555509765
 0.9381808623233
 0.0362393514008
 0.9448608501811
 0.0211154525263
 0.9513674259228
 0.0057842975745
 0.9576965574798
-0.0097536255803
 0.9638441786879
-0.0254977836085
 0.9698061892042
-0.0414475969083
 0.9755784544268
-0.0576024387759
 0.9811568054184
-0.0739616345606
 0.9865370388354
-0.0905244608064
 0.9917149168592
-0.1072901443783
 0.9966861671337
-0.1242578615739
 1.0014464827070
-0.1414267372200
 1.0059915219770
-0.1587958437540
 1.0103169086439
-0.1763642002891
 1.0144182316658
-0.1941307716638
 1.0182910452219
-0.2120944674759
 1.0219308686795
-0.2302541410990
 1.0253331865683
-0.2486085886830
 1.0284934485599
-0.2671565481375
 1.0314070694542
-0.2858966980975
 1.0340694291720
-0.3048276568720
 1.0364758727549
-0.3239479813748
 1.0386217103716
-0.3432561660364
 1.0405022173324
-0.3627506416986
 1.0421126341107
-0.3824297744889
 1.0434481663724
-0.4022918646771
 1.0445039850139
-0.4223351455117
 1.0452752262080
-0.4425577820369
 1.0457569914590
-0.4629578698893
 1.0459443476670
-0.4835334340745
 1.0458323272005
-0.5042824277223
 1.0454159279804
-0.5252027308219
 1.0446901135724
-0.5462921489345
 1.0436498132910
-0.5675484118846
 1.0422899223134
-0.5889691724296
 1.0406053018048
-0.6105520049056
 1.0385907790556
-0.6322944038517
 1.0362411476294
-0.6541937826099
 1.0335511675244
-0.6762474719017
 1.0305155653466
-0.6984527183809
 1.0271290344963
-0.7208066831614
 1.0233862353686
-0.7433064403201
 1.0192817955666
-0.7659489753752
 1.0148103101303
-0.7887311837375
 1.0099663417798
-0.8116498691368
 1.0047444211735
-0.8347017420206
 0.9991390471823
-0.8578834179266
 0.9931446871808
-0.8811914158271
 0.9867557773540
-0.9046221564456
 0.9799667230228
-0.9281719605449
 0.9727718989861
-0.9518370471864
 0.9651656498824
-0.9756135319598
 0.9571422905700
-0.9994974251832
 0.9486961065267
-1.0234846300722
 0.9398213542702
-1.0475709408788
 0.9305122617991
-1.0717520409986
 0.9207630290556
-1.0960235010456
 0.9105678284102
-1.1203807768950
 0.8999208051696
-1.1448192076932
 0.8888160781080
-1.1693340138334
 0.8772477400227
-1.1939202948977
 0.8652098583151
-1.2185730275646
 0.8526964755972
-1.2432870634802
 0.8397016103247
-1.2680571270950
 0.8262192574583
-1.2928778134627
 0.8122433891518
-1.3177435860033
 0.7977679554713
-1.3426487742274
 0.7827868851427
-1.3675875714228
 0.7672940863308
-1.3925540323016
 0.7512834474510
-1.4175420706086
 0.7347488380124
-1.4425454566882
 0.7176841094959
-1.4675578150111
 0.7000830962668
-1.4925726216595
 0.6819396165231
-1.5175832017696
 0.6632474732808
-1.5425827269309
 0.6440004553978
-1.5675642125422
 0.6241923386364
-1.5925205151232
 0.6038168867662
-1.6174443295804
 0.5828678527097
-1.6423281864274
 0.5613389797288
-1.6671644489584
 0.5392240026576
-1.6919453103746
 0.5165166491788
-1.7166627908614
 0.4932106411485
-1.7413087346177
 0.4692996959675
-1.7658748068345
 0.4447775280041
-1.7903524906233
 0.4196378500664
-1.8147330838925
 0.3938743749284
-1.8390076961725
 0.3674808169093
-1.8631672453860
 0.3404508935097
-1.8872024545657
 0.3127783271042
-1.9111038485162
 0.2844568466941
-1.9348617504205
 0.2554801897201
-1.9584662783892
 0.2258421039387
-1.9819073419529
 0.1955363493627
-2.0051746384950
 0.1645567002677
-2.0282576496257
 0.1328969472686
-2.0511456374950
 0.1005508994647
-2.0738276410447
 0.0675123866588
-2.0962924721973
 0.0337752616510
-2.1185287119822
-0.0006665973918
-2.1405247065965
-0.0358192844854
-2.1622685634013
-0.0716888632973
-2.1837481468505
-0.1082813645316
-2.2049510743526
-0.0716888632973
 2.1837481468505
-0.0358192844854
 2.1622685634013
-0.0006665973918
 2.1405247065965
 0.0337752616510
 2.1185287119822
 0.0675123866588
 2.0962924721973
 0.1005508994647
 2.0738276410447
 0.1328969472686
 2.0511456374950
 0.1645567002677
 2.0282576496257
 0.1955363493627
 2.0051746384950
 0.2258421039387
 1.9819073419529
 0.2554801897201
 1.9584662783892
 0.2844568466941
 1.9348617504205
 0.3127783271042
 1.9111038485162
 0.3404508935097
 1.8872024545657
 0.3674808169093
 1.8631672453860
 0.3938743749284
 1.8390076961725
 0.4196378500664
 1.8147330838925
 0.4447775280041
 1.7903524906233
 0.4692996959675
 1.7658748068345
 0.4932106411485
 1.7413087346177
 0.5165166491788
 1.7166627908614
 0.5392240026576
 1.6919453103746
 0.5613389797288
 1.6671644489584
 0.5828678527097
 1.6423281864274
 0.6038168867662
 1.6174443295804
 0.6241923386364
 1.5925205151232
 0.6440004553978
 1.5675642125422
 0.6632474732808
 1.5425827269309
 0.6819396165231
 1.5175832017696
 0.7000830962668
 1.4925726216595
 0.7176841094959
 1.4675578150111
 0.7347488380124
 1.4425454566882
 0.7512834474510
 1.4175420706086
 0.7672940863308
 1.3925540323016
 0.7827868851427
 1.3675875714228
 0.7977679554713
 1.3426487742274
 0.8122433891518
 1.3177435860033
 0.8262192574583
 1.2928778134627
 0.8397016103247
 1.2680571270950
 0.8526964755972
 1.2432870634802
 0.8652098583151
 1.2185730275646
 0.8772477400227
 1.1939202948977
 0.8888160781080
 1.1693340138334
 0.8999208051696
 1.1448192076932
 0.9105678284102
 1.1203807768950
 0.9207630290556
 1.0960235010456
 0.9305122617991
 1.0717520409986
 0.9398213542702
 1.0475709408788
 0.9486961065267
 1.0234846300722
 0.9571422905700
 0.9994974251832
 0.9651656498824
 0.9756135319598
 0.9727718989861
 0.9518370471864
 0.9799667230228
 0.9281719605449
 0.9867557773540
 0.9046221564456
 0.9931446871808
 0.8811914158271
 0.9991390471823
 0.8578834179266
 1.0047444211735
 0.8347017420206
 1.0099663417798
 0.8116498691368
 1.0148103101303
 0.7887311837375
 1.0192817955666
 0.7659489753752
 1.0233862353686
 0.7433064403201
 1.0271290344963
 0.7208066831614
 1.0305155653466
 0.6984527183809
 1.0335511675244
 0.6762474719017
 1.0362411476294
 0.6541937826099
 1.0385907790556
 0.6322944038517
 1.0406053018048
 0.6105520049056
 1.0422899223134
 0.5889691724296
 1.0436498132910
 0.5675484118846
 1.0446901135724
 0.5462921489345
 1.0454159279804
 0.5252027308219
 1.0458323272005
 0.5042824277223
 1.0459443476670
 0.4835334340745
 1.0457569914590
 0.4629578698893
 1.0452752262080
 0.4425577820369
 1.0445039850139
 0.4223351455117
 1.0434481663724
 0.4022918646771
 1.0421126341107
 0.3824297744889
 1.0405022173324
 0.3627506416986
 1.0386217103716
 0.3432561660364
 1.0364758727549
 0.3239479813748
 1.0340694291720
 0.3048276568720
 1.0314070694542
 0.2858966980975
 1.0284934485599
 0.2671565481375
 1.0253331865683
 0.2486085886830
 1.0219308686795
 0.2302541410990
 1.0182910452219
 0.2120944674759
 1.0144182316658
 0.1941307716638
 1.0103169086439
 0.1763642002891
 1.0059915219770
 0.1587958437540
 1.0014464827070
 0.1414267372200
 0.9966861671337
 0.1242578615739
 0.9917149168592
 0.1072901443783
 0.9865370388354
 0.0905244608064
 0.9811568054184
 0.0739616345606
 0.9755784544268
 0.0576024387759
 0.9698061892042
 0.0414475969083
 0.9638441786879
 0.0254977836085
 0.9576965574798
 0.0097536255803
 0.9513674259228
-0.0057842975745
 0.9448608501811
-0.0211154525263
 0.9381808623233
-0.0362393514008
 0.9313314604103
-0.0511555509765
 0.9243166085860
-0.0658636518957
 0.9171402371713
-0.0803632978881
 0.9098062427616
-0.0946541750078
 0.9023184883271
-0.1087360108834
 0.8946808033161
-0.1226085739803
 0.8868969837606
-0.1362716728750
 0.8789707923855
-0.1497251555424
 0.8709059587192
-0.1629689086549
 0.8627061792070
-0.1760028568922
 0.8543751173271
-0.1888269622644
 0.8459164037080
-0.2014412234450
 0.8373336362485
-0.2138456751158
 0.8286303802392
-0.2260403873226
 0.8198101684862
-0.2380254648419
 0.8108765014358
-0.2498010465579
 0.8018328473015
-0.2613673048502
 0.7926826421922
-0.2727244449916
 0.7834292902413
-0.2838727045563
 0.7740761637382
-0.2948123528376
 0.7646266032595
-0.3055436902757
 0.7550839178028
-0.3160670478949
 0.7454513849204
-0.3263827867506
 0.7357322508545
-0.3364912973846
 0.7259297306729
-0.3463929992910
 0.7160470084061
-0.3560883403897
 0.7060872371842
-0.3655777965094
 0.6960535393751
-0.3748618708793
 0.6859490067228
-0.3839410936286
 0.6757767004869
-0.3928160212955
 0.6655396515813
-0.4014872363433
 0.6552408607145
-0.4099553466853
 0.6448832985295
-0.4182209852173
 0.6344699057438
-0.4262848093579
 0.6240035932899
-0.4341475005967
 0.6134872424561
-0.4418097640497
 0.6029237050266
-0.4492723280223
 0.5923158034220
-0.4565359435795
 0.5816663308403
-0.4636013841233
 0.5709780513966
-0.4704694449769
 0.5602537002635
-0.4771409429762
 0.5494959838110
-0.4836167160675
 0.5387075797464
-0.4898976229121
 0.5278911372531
-0.4959845424980
 0.5170492771302
-0.5018783737567
 0.5061845919308
-0.5075800351876
 0.4952996461001
-0.5130904644876
 0.4843969761133
-0.5184106181875
 0.4734790906126
-0.5235414712941
 0.4625484705441
-0.5284840169375
 0.4516075692932
-0.5332392660253
 0.4406588128208
-0.5378082469016
 0.4297045997973
-0.5421920050116
 0.4187473017373
-0.5463916025719
 0.4077892631326
-0.5504081182462
 0.3968328015847
-0.5542426468254
 0.3858802079367
-0.5578962989141
 0.3749337464045
-0.5613702006208
 0.3639956547067
-0.5646654932541
 0.3530681441941
-0.5677833330232
 0.3421533999778
-0.5707248907428
 0.3312535810571
-0.5734913515436
 0.3203708204460
-0.5760839145865
 0.3095072252986
-0.5785037927815
 0.2986648770340
-0.5807522125111
 0.2878458314599
-0.5828304133580
 0.2770521188953
-0.5847396478365
 0.2662857442920
-0.5864811811289
 0.2555486873555
-0.5880562908251
 0.2448429026640
-0.5894662666663
 0.2341703197876
-0.5907124102932
 0.2235328434048
-0.5917960349971
 0.2129323534194
-0.5927184654749
 0.2023707050756
-0.5934810375884
 0.1918497290717
-0.5940850981263
 0.1813712316730
-0.5945320045699
 0.1709369948238
-0.5948231248625
 0.1605487762579
-0.5949598371815
 0.1502083096076
-0.5949435297147
 0.1399173045126
-0.5947756004384
 0.1296774467262
-0.5944574568997
 0.1194903982219
-0.5939905160016
 0.1093577972975
-0.5933762037905
 0.0992812586788
-0.5926159552472
 0.0892623736217
-0.5917112140804
 0.0793027100132
-0.5906634325229
 0.0694038124714
-0.5894740711304
 0.0595672024436
-0.5881445985835
 0.0497943783042
-0.5866764914911
 0.0400868154504
-0.5850712341975
 0.0304459663973
-0.5833303185910
 0.0208732608714
-0.5814552439152
 0.0113701059033
-0.5794475165825
 0.0019378859186
-0.5773086499899
-0.0074220371718
-0.5750401643368
-0.0167083238833
-0.5726435864450
-0.0259196570696
-0.5701204495806
-0.0350547418366
-0.5674722932781
-0.0441123054574
-0.5647006631659
-0.0530910972882
-0.5618071107944
-0.0619898886857
-0.5587931934652
-0.0708074729253
-0.5556604740624
-0.0795426651212
-0.5524105208855
-0.0881943021470
-0.5490449074836
-0.0967612425577
-0.5455652124920
-0.1052423665130
-0.5419730194693
-0.1136365757018
-0.5382699167365
-0.1219427932673
-0.5344574972177
-0.1301599637341
-0.5305373582813
-0.1382870529357
-0.5265111015837
-0.1463230479437
-0.5223803329130
-0.1542669569973
-0.5181466620349
-0.1621178094352
-0.5138117025392
-0.1698746556269
-0.5093770716872
-0.1775365669068
-0.5048443902610
-0.1851026355081
-0.5002152824129
-0.1925719744983
-0.4954913755161
-0.1999437177154
-0.4906743000165
-0.2072170197058
-0.4857656892846
-0.2143910556624
-0.4807671794696
-0.2214650213642
-0.4756804093524
-0.2284381331166
-0.4705070202012
-0.2353096276926
-0.4652486556262
-0.2420787622756
-0.4599069614358
-0.2487448144020
-0.4544835854935
-0.2553070819057
-0.4489801775743
-0.2617648828631
-0.4433983892231
-0.2681175555386
-0.4377398736120
-0.2743644583318
-0.4320062853993
-0.2805049697245
-0.4261992805880
-0.2865384882293
-0.4203205163851
-0.2924644323387
-0.4143716510609
-0.2982822404749
-0.4083543438089
-0.3039913709402
-0.4022702546053
-0.3095913018685
-0.3961210440695
-0.3150815311772
-0.3899083733242
-0.3204615765199
-0.3836339038554
-0.3257309752394
-0.3772992973729
-0.3308892843220
-0.3709062156710
-0.3359360803516
-0.3644563204883
-0.3408709594647
-0.3579512733687
-0.3456935373064
-0.3513927355209
-0.3504034489859
-0.3447823676791
-0.3550003490333
-0.3381218299628
-0.3594839113568
-0.3314127817366
-0.3638538291995
-0.3246568814698
-0.3681098150977
-0.3178557865958
-0.3722516008390
-0.3110111533714
-0.3762789374206
-0.3041246367351
-0.3801915950079
-0.2971978901661
-0.3839893628941
-0.2902325655421
-0.3876720494589
-0.2832303129972
-0.3912394821286
-0.2761927807794
-0.3946915073348
-0.2691216151068
-0.3980279904754
-0.2620184600250
-0.4012488158733
-0.2548849572624
-0.4043538867373
-0.2477227460857
-0.4073431251215
-0.2405334631551
-0.4102164718855
-0.2333187423785
-0.4129738866544
-0.2260802147650
-0.4156153477785
-0.2188195082788
-0.4181408522932
-0.2115382476908
-0.4205504158787
-0.2042380544316
-0.4228440728192
-0.1969205464416
-0.4250218759621
-0.1895873380228
-0.4270838966773
-0.1822400396876
-0.4290302248156
-0.1748802580088
-0.4308609686668
-0.1675095954678
-0.4325762549180
-0.1601296503021
-0.4341762286110
-0.1527420163528
-0.4356610530993
-0.1453482829101
-0.4370309100045
-0.1379500345596
-0.4382859991726
-0.1305488510263
-0.4394265386292
-0.1231463070187
-0.4404527645344
-0.1157439720718
-0.4413649311371
-0.1083434103894
-0.4421633107278
-0.1009461806854
-0.4428481935921
-0.0935538360247
-0.4434198879621
-0.0861679236623
-0.4438787199672
-0.0787899848830
-0.4442250335850
-0.0714215548387
-0.4444591905897
-0.0640641623861
-0.4445815705008
-0.0567193299232
-0.4445925705305
-0.0493885732241
-0.4444926055294
-0.0420734012745
-0.4442821079317
-0.0347753161048
-0.4439615276994
-0.0274958126237
-0.4435313322648
-0.0202363784499
-0.4429920064720
-0.0129984937435
-0.4423440525169
-0.0057836310365
-0.4415879898865
 0.0014067449374
-0.4407243552960
 0.0085711774143
-0.4397537026249
 0.0157082177720
-0.4386766028518
 0.0228164257025
-0.4374936439870
 0.0298943693861
-0.4362054310048
 0.0369406256652
-0.4348125857723
 0.0439537802196
-0.4333157469786
 0.0509324277427
-0.4317155700608
 0.0578751721175
-0.4300127271288
 0.0647806265944
-0.4282079068885
 0.0716474139688
-0.4263018145627
 0.0784741667600
-0.4242951718107
 0.0852595273905
-0.4221887166450
 0.0920021483660
-0.4199832033473
 0.0987006924558
-0.4176794023814
 0.1053538328739
-0.4152781003046
 0.1119602534612
-0.4127800996768
 0.1185186488671
-0.4101862189675
 0.1250277247327
-0.4074972924604
 0.1314861978737
-0.4047141701562
 0.1378927964645
-0.4018377176726
 0.1442462602217
-0.3988688161422
 0.1505453405892
-0.3958083621083
 0.1567888009223
-0.3926572674175
 0.1629754166736
-0.3894164591109
 0.1691039755775
-0.3860868793118
 0.1751732778368
-0.3826694851114
 0.1811821363077
-0.3791652484518
 0.1871293766860
-0.3755751560067
 0.1930138376935
-0.3719002090584
 0.1988343712637
-0.3681414233737
 0.2045898427281
-0.3642998290752
 0.2102791310026
-0.3603764705117
 0.2159011287731
-0.3563724061244
 0.2214547426819
-0.3522887083106
 0.2269388935132
-0.3481264632852
 0.2323525163787
-0.3438867709381
 0.2376945609030
-0.3395707446897
 0.2429639914084
-0.3351795113430
 0.2481597870996
-0.3307142109322
 0.2532809422478
-0.3261759965695
 0.2583264663743
-0.3215660342875
 0.2632953844336
-0.3168855028791
 0.2681867369959
-0.3121355937346
 0.2729995804289
-0.3073175106750
 0.2777329870788
-0.3024324697824
 0.2823860454507
-0.2974816992275
 0.2869578603879
-0.2924664390932
 0.2914475532502
-0.2873879411955
 0.2958542620917
-0.2822474689013
 0.3001771418371
-0.2770462969422
 0.3044153644567
-0.2717857112253
 0.3085681191409
-0.2664670086414
 0.3126346124726
-0.2610914968688
 0.3166140685991
-0.2556604941744
 0.3205057294015
-0.2501753292110
 0.3243088546641
-0.2446373408121
 0.3280227222405
-0.2390478777823
 0.3316466282196
-0.2334082986851
 0.3351798870888
-0.2277199716266
 0.3386218318959
-0.2219842740367
 0.3419718144096
-0.2162025924464
 0.3452292052765
-0.2103763222616
 0.3483933941780
-0.2045068675337
 0.3514637899837
-0.1985956407272
 0.3544398209032
-0.1926440624834
 0.3573209346354
-0.1866535613808
 0.3601065985159
-0.1806255736924
 0.3627962996610
-0.1745615431398
 0.3653895451106
-0.1684629206435
 0.3678858619671
-0.1623311640703
 0.3702847975324
-0.1561677379771
 0.3725859194420
-0.1499741133520
 0.3747888157963
-0.1437517673513
 0.3768930952887
-0.1375021830342
 0.3788983873310
-0.1312268490938
 0.3808043421755
-0.1249272595848
 0.3826106310338
-0.1186049136486
 0.3843169461928
-0.1122613152351
 0.3859230011271
-0.1058979728209
 0.3874285306072
-0.0995163991256
 0.3888332908060
-0.0931181108239
 0.3901370593994
-0.0867046282559
 0.3913396356653
-0.0802774751334
 0.3924408405773
-0.0738381782444
 0.3934405168955
-0.0673882671540
 0.3943385292527
-0.0609292739030
 0.3951347642372
-0.0544627327040
 0.3958291304709
-0.0479901796339
 0.3964215586836
-0.0415131523251
 0.3969120017827
-0.0350331896534
 0.3973004349192
-0.0285518314233
 0.3975868555483
-0.0220706180519
 0.3977712834867
-0.0155910902492
 0.3978537609637
-0.0091147886971
 0.3978343526696
-0.0026432537260
 0.3977131457978
 0.0038219750112
 0.3974902500824
 0.0102793588663
 0.3971657978321
 0.0167273605255
 0.3967399439572
 0.0231644443412
 0.3962128659932
 0.0295890766644
 0.3955847641185
 0.0359997261805
 0.3948558611674
 0.0423948642453
 0.3940264026372
 0.0487729652232
 0.3930966566907
 0.0551325068266
 0.3920669141532
 0.0614719704568
 0.3909374885039
 0.0677898415461
 0.3897087158616
 0.0740846099008
 0.3883809549658
 0.0803547700455
 0.3869545871509
 0.0865988215686
 0.3854300163160
 0.0928152694677
 0.3838076688884
 0.0990026244969
 0.3820879937812
 0.1051594035140
 0.3802714623454
 0.1112841298283
 0.3783585683164
 0.1173753335488
 0.3763498277542
 0.1234315519333
 0.3742457789776
 0.1294513297366
 0.3720469824932
 0.1354332195596
 0.3697540209173
 0.1413757821982
 0.3673674988930
 0.1472775869915
 0.3648880430003
 0.1531372121708
 0.3623163016603
 0.1589532452068
 0.3596529450339
 0.1647242831576
 0.3568986649136
 0.1704489330150
 0.3540541746097
 0.1761258120507
 0.3511202088299
 0.1817535481614
 0.3480975235532
 0.1873307802124
 0.3449868958971
 0.1928561583810
 0.3417891239791
 0.1983283444979
 0.3385050267717
 0.2037460123872
 0.3351354439512
 0.2091078482049
 0.3316812357404
 0.2144125507765
 0.3281432827451
 0.2196588319312
 0.3245224857843
 0.2248454168361
 0.3208197657142
 0.2299710443263
 0.3170360632465
 0.2350344672346
 0.3131723387595
 0.2400344527178
 0.3092295721045
 0.2449697825806
 0.3052087624048
 0.2498392535978
 0.3011109278490
 0.2546416778321
 0.2969371054791
 0.2593758829510
 0.2926883509710
 0.2640407125392
 0.2883657384103
 0.2686350264083
 0.2839703600618
 0.2731577009039
 0.2795033261327
 0.2776076292081
 0.2749657645305
 0.2819837216399
 0.2703588206145
 0.2862849059504
 0.2656836569424
 0.2905101276155
 0.2609414530100
 0.2946583501244
 0.2561334049865
 0.2987285552632
 0.2512607254431
 0.3027197433957
 0.2463246430771
 0.3066309337389
 0.2413264024298
 0.3104611646348
 0.2362672635992
 0.3142094938166
 0.2311485019475
 0.3178749986720
 0.2259714078035
 0.3214567764998
 0.2207372861596
 0.3249539447631
 0.2154474563637
 0.3283656413365
 0.2101032518063
 0.3316910247490
 0.2047060196030
 0.3349292744212
 0.1992571202712
 0.3380795908971
 0.1937579274034
 0.3411411960707
 0.1882098273348
 0.3441133334069
 0.1826142188074
 0.3469952681572
 0.1769725126285
 0.3497862875684
 0.1712861313263
 0.3524857010873
 0.1655565088000
 0.3550928405578
 0.1597850899670
 0.3576070604128
 0.1539733304051
 0.3600277378596
 0.1481226959919
 0.3623542730596
 0.1422346625396
 0.3645860893010
 0.1363107154266
 0.3667226331655
 0.1303523492258
 0.3687633746885
 0.1243610673293
 0.3707078075126
 0.1183383815700
 0.3725554490349
 0.1122858118399
 0.3743058405466
 0.1062048857062
 0.3759585473672
 0.1000971380232
 0.3775131589706
 0.0939641105434
 0.3789692891053
 0.0878073515240
 0.3803265759068
 0.0816284153329
 0.3815846820037
 0.0754288620512
 0.3827432946162
 0.0692102570741
 0.3838021256478
 0.0629741707097
 0.3847609117699
 0.0567221777758
 0.3856194144987
 0.0504558571959
 0.3863774202654
 0.0441767915923
 0.3870347404790
 0.0378865668790
 0.3875912115817
 0.0315867718528
 0.3880466950966
 0.0252789977834
 0.3884010776692
 0.0189648380028
 0.3886542711000
 0.0126458874935
 0.3888062123710
 0.0063237424769
