 0.5184119566368
 0.0000000000000
 0.5178045270887
-0.0252806402531
 0.5159835964963
-0.0505038596435
 0.5129532354443
-0.0756123703793
 0.5087202163505
-0.1005491503709
 0.5032939956873
-0.1252575749827
 0.4966866892006
-0.1496815474746
 0.4889130402374
-0.1737656277076
 0.4799903813188
-0.1974551586973
 0.4699385891283
-0.2206963906149
 0.4587800331091
-0.2434366018465
 0.4465395178926
-0.2656242167391
 0.4332442198035
-0.2872089196835
 0.4189236177115
-0.3081417651999
 0.4036094185169
-0.3283752837178
 0.3873354775819
-0.3478635827653
 0.3701377144301
-0.3665624433050
 0.3520540240557
-0.3844294109834
 0.3331241841942
-0.4014238820848
 0.3133897589169
-0.4175071840081
 0.2928939989196
-0.4326426501155
 0.2716817388801
-0.4467956888258
 0.2497992922638
-0.4599338468570
 0.2272943439564
-0.4720268665473
 0.2042158411015
-0.4830467372142
 0.1806138825180
-0.4929677405350
 0.1565396070663
-0.5017664899603
 0.1320450813249
-0.5094219641968
 0.1071831869297
-0.5159155348178
 0.0820075079179
-0.5212309880867
 0.0565722184055
-0.5253545410958
 0.0309319709142
-0.5282748523464
 0.0051417856470
-0.5299830269126
-0.0207430590018
-0.5304726163505
-0.0466671344365
-0.5297396135278
-0.0725749680989
-0.5277824425643
-0.0984111477274
-0.5246019440858
-0.1241204234219
-0.5202013560042
-0.1496478073242
-0.5145862900447
-0.1749386707392
-0.5077647042516
-0.1999388385441
-0.4997468717050
-0.2245946807503
-0.4905453456898
-0.2488532011047
-0.4801749215562
-0.2726621226330
-0.4686525955182
-0.2959699700475
-0.4559975206285
-0.3187261489614
-0.4422309601752
-0.3408810218653
-0.4273762387361
-0.3623859808432
-0.4114586911265
-0.3831935170165
-0.3945056094696
-0.4032572867241
-0.3765461886144
-0.4225321744573
-0.3576114701172
-0.4409743525858
-0.3377342849965
-0.4585413379200
-0.3169491954627
-0.4751920451692
-0.2952924358153
-0.4908868373657
-0.2728018526893
-0.5055875733333
-0.2495168448258
-0.5192576522904
-0.2254783025274
-0.5318620556842
-0.2007285469528
-0.5433673863594
-0.1753112693903
-0.5537419051737
-0.1492714706428
-0.5629555651745
-0.1226554006413
-0.5709800434603
-0.0955104983983
-0.5777887708490
-0.0678853323968
-0.5833569594831
-0.0398295415017
-0.5876616285033
-0.0113937764704
-0.5906816279203
 0.0173703578737
-0.5923976608214
 0.0464103597493
-0.5927923040450
 0.0756728867629
-0.5918500274578
 0.1051038114582
-0.5895572119679
 0.1346482760446
-0.5859021664080
 0.1642507462896
-0.5808751434197
 0.1938550645708
-0.5744683544686
 0.2234045020889
-0.5666759841176
 0.2528418102560
-0.5574942036852
 0.2821092712778
-0.5469211844085
 0.3111487479592
-0.5349571102328
 0.3399017327699
-0.5216041903425
 0.3683093962127
-0.5068666715461
 0.3963126345464
-0.4907508506246
 0.4238521169219
-0.4732650867478
 0.4508683319940
-0.4544198140608
 0.4773016340837
-0.4342275545363
 0.5030922889649
-0.4127029311874
 0.5281805193616
-0.3898626817282
 0.5525065502444
-0.3657256727676
 0.5760106540210
-0.3403129146164
 0.5986331957226
-0.3136475767828
 0.6203146782916
-0.2857550042285
 0.6409957880835
-0.2566627344517
 0.6606174406990
-0.2264005154598
 0.6791208272692
-0.1950003246891
 0.6964474613220
-0.1624963889257
 0.7125392263621
-0.1289252052751
 0.7273384243035
-0.0943255632260
 0.7407878248968
-0.0587385678467
 0.7528307163032
-0.0222076641484
 0.7634109569660
 0.0152213373527
 0.7724730289444
 0.0535002338527
 0.7799620928715
 0.0925784022339
 0.7858240447124
 0.1324027697822
 0.7900055744986
 0.1729177836381
 0.7924542272250
 0.2140653789770
 0.7931184661001
 0.2557849459205
 0.7919477383504
 0.2980132951862
 0.7888925437820
 0.3406846224891
 0.7839045063171
 0.3837304717150
 0.7769364487241
 0.4270796968915
 0.7679424707745
 0.4706584229909
 0.7568780310646
 0.5143900056058
 0.7437000327512
 0.5581949895454
 0.7283669134617
 0.6019910664100
 0.7108387396457
 0.6456930312099
 0.6910773056503
 0.6892127381038
 0.6690462378114
 0.7324590553406
 0.6447111038631
 0.7753378195037
 0.6180395279858
 0.8177517891626
 0.5890013118214
 0.8596005980535
 0.5575685618027
 0.9007807079213
 0.5237158231559
 0.9411853611721
 0.4874202209557
 0.9807045334980
 0.4486616086230
 1.0192248866552
 0.4074227242798
 1.0566297215920
 0.3636893553897
 1.0927989321461
 0.3174505121341
 1.1276089595472
 0.2686986099963
 1.1609327479878
 0.2174296620445
 1.1926397015475
 0.1636434814307
 1.2225956427817
 0.1073438946458
 1.2506627733179
 0.0485389660962
 1.2766996368303
-0.0127587654045
 1.3005610847997
-0.0765320376089
 1.3220982455006
-0.1427586026219
 1.3411584966982
-0.2114109508187
 1.3575854425812
-0.2824560201793
 1.3712188955015
-0.3558548902908
 1.3818948631438
-0.4315624602309
 1.3894455418033
-0.5095271095113
 1.3936993165064
-0.5896903412173
 1.3944807687791
-0.6719864064392
 1.3916106929313
-0.7563419090482
 1.3849061218075
-0.8426753898252
 1.3741803630319
-0.9308968888996
 1.3592430468690
-1.0209074854118
 1.3399001869165
-1.1125988132553
 1.3159542549526
-1.2058525517062
 1.2872042713753
-1.3005398896881
 1.2534459127958
-1.3965209623649
 1.2144716384833
-1.4936442586927
 1.1700708375053
-1.5917459985001
 1.1200299985670
-1.6906494776022
 1.0641329047292
-1.7901643793874
 1.0021608553688
-1.8900860512457
 0.9338929179564
-1.9901947441399
 0.8591062124431
-2.0902548135480
 0.7775762312969
-2.1900138799298
 0.6890771984878
-2.2892019467989
 0.5933824710124
-2.3875304744030
 0.4902649868577
-2.4846914069407
 0.3794977636470
-2.5803561511642
 0.2608544525780
-2.6741745041413
 0.1341099526696
-2.7657735278765
-0.0009589092304
-2.8547563684110
-0.1445726267439
-2.9407010169547
-0.0009589092304
 2.8547563684110
 0.1341099526696
 2.7657735278765
 0.2608544525780
 2.6741745041413
 0.3794977636470
 2.5803561511642
 0.4902649868577
 2.4846914069407
 0.5933824710124
 2.3875304744030
 0.6890771984878
 2.2892019467989
 0.7775762312969
 2.1900138799298
 0.8591062124431
 2.0902548135480
 0.9338929179564
 1.9901947441399
 1.0021608553688
 1.8900860512457
 1.0641329047292
 1.7901643793874
 1.1200299985670
 1.6906494776022
 1.1700708375053
 1.5917459985001
 1.2144716384833
 1.4936442586927
 1.2534459127958
 1.3965209623649
 1.2872042713753
 1.3005398896881
 1.3159542549526
 1.2058525517062
 1.3399001869165
 1.1125988132553
 1.3592430468690
 1.0209074854118
 1.3741803630319
 0.9308968888996
 1.3849061218075
 0.8426753898252
 1.3916106929313
 0.7563419090482
 1.3944807687791
 0.6719864064392
 1.3936993165064
 0.5896903412173
 1.3894455418033
 0.5095271095113
 1.3818948631438
 0.4315624602309
 1.3712188955015
 0.3558548902908
 1.3575854425812
 0.2824560201793
 1.3411584966982
 0.2114109508187
 1.3220982455006
 0.1427586026219
 1.3005610847997
 0.0765320376089
 1.2766996368303
 0.0127587654045
 1.2506627733179
-0.0485389660962
 1.2225956427817
-0.1073438946458
 1.1926397015475
-0.1636434814307
 1.1609327479878
-0.2174296620445
 1.1276089595472
-0.2686986099963
 1.0927989321461
-0.3174505121341
 1.0566297215920
-0.3636893553897
 1.0192248866552
-0.4074227242798
 0.9807045334980
-0.4486616086230
 0.9411853611721
-0.4874202209557
 0.9007807079213
-0.5237158231559
 0.8596005980535
-0.5575685618027
 0.8177517891626
-0.5890013118214
 0.7753378195037
-0.6180395279858
 0.7324590553406
-0.6447111038631
 0.6892127381038
-0.6690462378114
 0.6456930312099
-0.6910773056503
 0.6019910664100
-0.7108387396457
 0.5581949895454
-0.7283669134617
 0.5143900056058
-0.7437000327512
 0.4706584229909
-0.7568780310646
 0.4270796968915
-0.7679424707745
 0.3837304717150
-0.7769364487241
 0.3406846224891
-0.7839045063171
 0.2980132951862
-0.7888925437820
 0.2557849459205
-0.7919477383504
 0.2140653789770
-0.7931184661001
 0.1729177836381
-0.7924542272250
 0.1324027697822
-0.7900055744986
 0.0925784022339
-0.7858240447124
 0.0535002338527
-0.7799620928715
 0.0152213373527
-0.7724730289444
-0.0222076641484
-0.7634109569660
-0.0587385678467
-0.7528307163032
-0.0943255632260
-0.7407878248968
-0.1289252052751
-0.7273384243035
-0.1624963889257
-0.7125392263621
-0.1950003246891
-0.6964474613220
-0.2264005154598
-0.6791208272692
-0.2566627344517
-0.6606174406990
-0.2857550042285
-0.6409957880835
-0.3136475767828
-0.6203146782916
-0.3403129146164
-0.5986331957226
-0.3657256727676
-0.5760106540210
-0.3898626817282
-0.5525065502444
-0.4127029311874
-0.5281805193616
-0.4342275545363
-0.5030922889649
-0.4544198140608
-0.4773016340837
-0.4732650867478
-0.4508683319940
-0.4907508506246
-0.4238521169219
-0.5068666715461
-0.3963126345464
-0.5216041903425
-0.3683093962127
-0.5349571102328
-0.3399017327699
-0.5469211844085
-0.3111487479592
-0.5574942036852
-0.2821092712778
-0.5666759841176
-0.2528418102560
-0.5744683544686
-0.2234045020889
-0.5808751434197
-0.1938550645708
-0.5859021664080
-0.1642507462896
-0.5895572119679
-0.1346482760446
-0.5918500274578
-0.1051038114582
-0.5927923040450
-0.0756728867629
-0.5923976608214
-0.0464103597493
-0.5906816279203
-0.0173703578737
-0.5876616285033
 0.0113937764704
-0.5833569594831
 0.0398295415017
-0.5777887708490
 0.0678853323968
-0.5709800434603
 0.0955104983983
-0.5629555651745
 0.1226554006413
-0.5537419051737
 0.1492714706428
-0.5433673863594
 0.1753112693903
-0.5318620556842
 0.2007285469528
-0.5192576522904
 0.2254783025274
-0.5055875733333
 0.2495168448258
-0.4908868373657
 0.2728018526893
-0.4751920451692
 0.2952924358153
-0.4585413379200
 0.3169491954627
-0.4409743525858
 0.3377342849965
-0.4225321744573
 0.3576114701172
-0.4032572867241
 0.3765461886144
-0.3831935170165
 0.3945056094696
-0.3623859808432
 0.4114586911265
-0.3408810218653
 0.4273762387361
-0.3187261489614
 0.4422309601752
-0.2959699700475
 0.4559975206285
-0.2726621226330
 0.4686525955182
-0.2488532011047
 0.4801749215562
-0.2245946807503
 0.4905453456898
-0.1999388385441
 0.4997468717050
-0.1749386707392
 0.5077647042516
-0.1496478073242
 0.5145862900447
-0.1241204234219
 0.5202013560042
-0.0984111477274
 0.5246019440858
-0.0725749680989
 0.5277824425643
-0.0466671344365
 0.5297396135278
-0.0207430590018
 0.5304726163505
 0.0051417856470
 0.5299830269126
 0.0309319709142
 0.5282748523464
 0.0565722184055
 0.5253545410958
 0.0820075079179
 0.5212309880867
 0.1071831869297
 0.5159155348178
 0.1320450813249
 0.5094219641968
 0.1565396070663
 0.5017664899603
 0.1806138825180
 0.4929677405350
 0.2042158411015
 0.4830467372142
 0.2272943439564
 0.4720268665473
 0.2497992922638
 0.4599338468570
 0.2716817388801
 0.4467956888258
 0.2928939989196
 0.4326426501155
 0.3133897589169
 0.4175071840081
 0.3331241841942
 0.4014238820848
 0.3520540240557
 0.3844294109834
 0.3701377144301
 0.3665624433050
 0.3873354775819
 0.3478635827653
 0.4036094185169
 0.3283752837178
 0.4189236177115
 0.3081417651999
 0.4332442198035
 0.2872089196835
 0.4465395178926
 0.2656242167391
 0.4587800331091
 0.2434366018465
 0.4699385891283
 0.2206963906149
 0.4799903813188
 0.1974551586973
 0.4889130402374
 0.1737656277076
 0.4966866892006
 0.1496815474746
 0.5032939956873
 0.1252575749827
 0.5087202163505
 0.1005491503709
 0.5129532354443
 0.0756123703793
 0.5159835964963
 0.0505038596435
 0.5178045270887
 0.0252806402531
