 0.6145191568573
 0.0000000000000
 0.6143909720023
-0.0126466518451
 0.6140064684848
-0.0252881889796
 0.6133657994244
-0.0379194988061
 0.6124692199403
-0.0505354729519
 0.6113170870318
-0.0631310093782
 0.6099098594109
-0.0757010144859
 0.6082480972872
-0.0882404052158
 0.6063324621054
-0.1007441111434
 0.6041637162357
-0.1132070765651
 0.6017427226166
-0.1256242625768
 0.5990704443523
-0.1379906491421
 0.5961479442621
-0.1503012371495
 0.5929763843851
-0.1625510504571
 0.5895570254382
-0.1747351379243
 0.5858912262299
-0.1868485754285
 0.5819804430283
-0.1988864678660
 0.5778262288860
-0.2108439511361
 0.5734302329198
-0.2227161941074
 0.5687941995485
-0.2344984005647
 0.5639199676877
-0.2461858111353
 0.5588094699021
-0.2577737051952
 0.5534647315173
-0.2692574027514
 0.5478878696903
-0.2806322663028
 0.5420810924406
-0.2918937026747
 0.5360466976416
-0.3030371648300
 0.5297870719739
-0.3140581536525
 0.5233046898408
-0.3249522197045
 0.5166021122470
-0.3357149649554
 0.5096819856415
-0.3463420444821
 0.5025470407250
-0.3568291681389
 0.4952000912234
-0.3671721021979
 0.4876440326276
-0.3773666709575
 0.4798818409013
-0.3874087583188
 0.4719165711569
-0.3972943093300
 0.4637513563011
-0.4070193316964
 0.4553894056510
-0.4165798972571
 0.4468340035214
-0.4259721434268
 0.4380885077847
-0.4351922746024
 0.4291563484044
-0.4442365635336
 0.4200410259425
-0.4531013526576
 0.4107461100433
-0.4617830553964
 0.4012752378928
-0.4702781574178
 0.3916321126564
-0.4785832178572
 0.3818205018953
-0.4866948705033
 0.3718442359617
-0.4946098249438
 0.3617072063763
-0.5023248676730
 0.3514133641862
-0.5098368631606
 0.3409667183067
-0.5171427548809
 0.3303713338469
-0.5242395663026
 0.3196313304204
-0.5311244018392
 0.3087508804417
-0.5377944477592
 0.2977342074108
-0.5442469730569
 0.2865855841855
-0.5504793302823
 0.2753093312427
-0.5564889563325
 0.2639098149312
-0.5622733732011
 0.2523914457153
-0.5678301886890
 0.2407586764108
-0.5731570970747
 0.2290160004149
-0.5782518797444
 0.2171679499307
-0.5831124057827
 0.2052190941873
-0.5877366325231
 0.1931740376563
-0.5921226060593
 0.1810374182659
-0.5962684617170
 0.1688139056142
-0.6001724244864
 0.1565081991811
-0.6038328094160
 0.1441250265415
-0.6072480219679
 0.1316691415796
-0.6104165583337
 0.1191453227053
-0.6133370057139
 0.1065583710747
-0.6160080425586
 0.0939131088135
-0.6184284387706
 0.0812143772469
-0.6205970558728
 0.0684670351339
-0.6225128471377
 0.0556759569093
-0.6241748576814
 0.0428460309327
-0.6255822245221
 0.0299821577463
-0.6267341766030
 0.0170892483409
-0.6276300347807
 0.0041722224328
-0.6282692117796
-0.0087639932500
-0.6286512121120
-0.0217144666688
-0.6287756319656
-0.0346742621650
-0.6286421590584
-0.0476384421369
-0.6282505724615
-0.0606020687043
-0.6276007423899
-0.0735602053583
-0.6266926299635
-0.0865079185974
-0.6255262869373
-0.0994402795484
-0.6241018554015
-0.1123523655716
-0.6224195674536
-0.1252392618501
-0.6204797448418
-0.1380960629623
-0.6182827985799
-0.1509178744373
-0.6158292285364
-0.1636998142936
-0.6131196229965
-0.1764370145584
-0.6101546581983
-0.1891246227700
-0.6069350978443
-0.2017578034604
-0.6034617925882
-0.2143317396197
-0.5997356794984
-0.2268416341401
-0.5957577814981
-0.2392827112411
-0.5915292067832
-0.2516502178738
-0.5870511482184
-0.2639394251059
-0.5823248827131
-0.2761456294849
-0.5773517705758
-0.2882641543816
-0.5721332548500
-0.3002903513122
-0.5666708606303
-0.3122196012392
-0.5609661943614
-0.3240473158508
-0.5550209431186
-0.3357689388193
-0.5488368738717
-0.3473799470375
-0.5424158327330
-0.3588758518339
-0.5357597441895
-0.3702522001653
-0.5288706103205
-0.3815045757888
-0.5217505100008
-0.3926286004103
-0.5144015980906
-0.4036199348133
-0.5068261046121
-0.4144742799633
-0.4990263339146
-0.4251873780925
-0.4910046638274
-0.4357550137617
-0.4827635448017
-0.4461730149001
-0.4743054990426
-0.4564372538240
-0.4656331196311
-0.4665436482338
-0.4567490696366
-0.4764881621892
-0.4476560812218
-0.4862668070631
-0.4383569547385
-0.4958756424742
-0.4288545578166
-0.5053107771986
-0.4191518244465
-0.5145683700600
-0.4092517540545
-0.5236446307999
-0.3991574105730
-0.5325358209260
-0.3888719215053
-0.5412382545414
-0.3783984769856
-0.5497482991527
-0.3677403288351
-0.5580623764582
-0.3569007896137
-0.5661769631171
-0.3458832316694
-0.5740885914980
-0.3346910861843
-0.5817938504091
-0.3233278422183
-0.5892893858090
-0.3117970457512
-0.5965719014985
-0.3001022987233
-0.6036381597948
-0.2882472580749
-0.6104849821862
-0.2762356347849
-0.6171092499706
-0.2640711929099
-0.6235079048748
-0.2517577486230
-0.6296779496579
-0.2392991692527
-0.6356164486966
-0.2266993723236
-0.6413205285553
-0.2139623245976
-0.6467873785384
-0.2010920411170
-0.6520142512278
-0.1880925842492
-0.6569984630043
-0.1749680627337
-0.6617373945541
-0.1617226307316
-0.6662284913600
-0.1483604868775
-0.6704692641784
-0.1348858733348
-0.6744572895020
-0.1213030748542
-0.6781902100088
-0.1076164178347
-0.6816657349977
-0.0938302693900
-0.6848816408106
-0.0799490364169
-0.6878357712425
-0.0659771646696
-0.6905260379387
-0.0519191378365
-0.6929504207803
-0.0377794766230
-0.6951069682582
-0.0235627378374
-0.6969937978358
-0.0092735134833
-0.6986090963008
 0.0050835701449
-0.6999511201066
 0.0195038533607
-0.7010181957039
 0.0339826439785
-0.7018087198621
 0.0485152182026
-0.7023211599819
 0.0630968215103
-0.7025540543988
 0.0777226695293
-0.7025060126776
 0.0923879489103
-0.7021757158997
 0.1070878181942
-0.7015619169415
 0.1218174086728
-0.7006634407462
 0.1365718252451
-0.6994791845880
 0.1513461472675
-0.6980081183297
 0.1661354293984
-0.6962492846744
 0.1809347024373
-0.6942017994105
 0.1957389741585
-0.6918648516519
 0.2105432301389
-0.6892377040718
 0.2253424345810
-0.6863196931331
 0.2401315311294
-0.6831102293129
 0.2549054436830
-0.6796087973236
 0.2696590772011
-0.6758149563298
 0.2843873185043
-0.6717283401618
 0.2990850370708
-0.6673486575259
 0.3137470858271
-0.6626756922116
 0.3283683019335
-0.6577093032971
 0.3429435075655
-0.6524494253515
 0.3574675106895
-0.6468960686359
 0.3719351058347
-0.6410493193026
 0.3863410748599
-0.6349093395935
 0.4006801877163
-0.6284763680369
 0.4149472032058
-0.6217507196443
 0.4291368697353
-0.6147327861064
 0.4432439260677
-0.6074230359897
 0.4572631020682
-0.5998220149323
 0.4711891194476
-0.5919303458419
 0.4850166925025
-0.5837487290926
 0.4987405288522
-0.5752779427248
 0.5123553301719
-0.5665188426450
 0.5258557929247
-0.5574723628280
 0.5392366090895
-0.5481395155211
 0.5524924668880
-0.5385213914498
 0.5656180515087
-0.5286191600267
 0.5786080458292
-0.5184340695626
 0.5914571311379
-0.5079674474806
 0.6041599878530
-0.4972207005338
 0.6167112962416
-0.4861953150255
 0.6291057371372
-0.4748928570340
 0.6413379926574
-0.4633149726405
 0.6534027469210
-0.4514633881618
 0.6652946867652
-0.4393399103861
 0.6770085024633
-0.4269464268148
 0.6885388884428
-0.4142849059079
 0.6998805440049
-0.4013573973345
 0.7110281740448
-0.3881660322288
 0.7219764897741
-0.3747130234508
 0.7327202094445
-0.3610006658528
 0.7432540590746
-0.3470313365516
 0.7535727731784
-0.3328074952061
 0.7636710954973
-0.3183316843013
 0.7735437797354
-0.3036065294383
 0.7831855902979
-0.2886347396301
 0.7925913030343
-0.2734191076051
 0.8017557059852
-0.2579625101154
 0.8106736001347
-0.2422679082537
 0.8193398001667
-0.2263383477753
 0.8277491352280
-0.2101769594286
 0.8358964496967
-0.1937869592918
 0.8437766039566
-0.1771716491172
 0.8513844751790
-0.1603344166826
 0.8587149581110
-0.1432787361502
 0.8657629658720
-0.1260081684338
 0.8725234307572
-0.1085263615725
 0.8789913050507
-0.0908370511127
 0.8851615618465
-0.0729440604982
 0.8910291958788
-0.0548513014682
 0.8965892243631
-0.0365627744624
 0.9018366878459
-0.0180825690356
 0.9067666510664
 0.0005851357206
 0.9113742038287
 0.0194360707477
 0.9156544618856
 0.0384658765814
 0.9196025678349
 0.0576701029054
 0.9232136920277
 0.0770442080954
 0.9264830334905
 0.0965835587567
 0.9294058208604
 0.1162834292510
 0.9319773133343
 0.1361390012171
 0.9341928016340
 0.1561453630813
 0.9360476089843
 0.1762975095605
 0.9375370921094
 0.1965903411561
 0.9386566422434
 0.2170186636401
 0.9394016861592
 0.2375771875319
 0.9397676872138
 0.2582605275674
 0.9397501464126
 0.2790632021594
 0.9393446034913
 0.2999796328493
 0.9385466380179
 0.3210041437511
 0.9373518705137
 0.3421309609861
 0.9357559635960
 0.3633542121105
 0.9337546231400
 0.3846679255339
 0.9313435994643
 0.4060660299299
 0.9285186885380
 0.4275423536388
 0.9252757332101
 0.4490906240621
 0.9216106244641
 0.4707044670492
 0.9175193026960
 0.4923774062764
 0.9129977590174
 0.5141028626180
 0.9080420365849
 0.5358741535097
 0.9026482319561
 0.5576844923054
 0.8968124964717
 0.5795269876256
 0.8905310376677
 0.6013946426993
 0.8838001207139
 0.6232803546989
 0.8766160698844
 0.6451769140678
 0.8689752700565
 0.6670770038422
 0.8608741682420
 0.6889731989655
 0.8523092751499
 0.7108579655974
 0.8432771667820
 0.7327236604160
 0.8337744860622
 0.7545625299151
 0.8237979445005
 0.7763667096951
 0.8133443238918
 0.7981282237493
 0.8024104780520
 0.8198389837446
 0.7909933345901
 0.8414907882980
 0.7790898967196
 0.8630753222482
 0.7666972451080
 0.8845841559237
 0.7538125397671
 0.9060087444060
 0.7404330219836
 0.9273404267909
 0.7265560162926
 0.9485704254455
 0.7121789324933
 0.9696898452630
 0.6972992677092
 0.9906896729154
 0.6819146084934
 1.0115607761037
 0.6660226329800
 1.0322939028078
 0.6496211130831
 1.0528796805342
 0.6327079167435
 1.0733086155642
 0.6152810102259
 1.0935710922016
 0.5973384604659
 1.1136573720213
 0.5788784374695
 1.1335575931187
 0.5598992167656
 1.1532617693613
 0.5403991819123
 1.1727597896420
 0.5203768270595
 1.1920414171360
 0.4998307595674
 1.2110962885609
 0.4787597026842
 1.2299139134407
 0.4571624982820
 1.2484836733760
 0.4350381096543
 1.2667948213187
 0.4123856243756
 1.2848364808540
 0.3892042572233
 1.3025976454891
 0.3654933531662
 1.3200671779511
 0.3412523904181
 1.3372338094926
 0.3164809835594
 1.3540861392084
 0.2911788867281
 1.3706126333623
 0.2653459968817
 1.3868016247268
 0.2389823571305
 1.4026413119344
 0.2120881601460
 1.4181197588443
 0.1846637516435
 1.4332248939228
 0.1567096339426
 1.4479445096413
 0.1282264696055
 1.4622662618909
 0.0992150851564
 1.4761776694161
 0.0696764748820
 1.4896661132683
 0.0396118047165
 1.5027188362807
 0.0090224162110
 1.5153229425661
-0.0220901694087
 1.5274653970389
-0.0537242470969
 1.5391330249626
-0.0858779237509
 1.5503125115246
-0.1185491138818
 1.5609904014401
-0.1517355351912
 1.5711530985864
-0.1854347040513
 1.5807868656694
-0.2196439308871
 1.5898778239245
-0.2543603154581
 1.5984119528532
-0.2895807420391
 1.6063750899976
-0.3253018744958
 1.6137529307549
-0.3615201512552
 1.6205310282340
-0.3982317801684
 1.6266947931559
-0.4354327332627
 1.6322294938005
-0.4731187413825
 1.6371202560021
-0.5112852887160
 1.6413520631962
-0.5499276072061
 1.6449097565187
-0.5890406708425
 1.6477780349625
-0.6286191898351
 1.6499414555911
-0.6686576046639
 1.6513844338151
-0.7091500800053
 1.6520912437311
-0.7500904985318
 1.6520460185285
-0.7914724545835
 1.6512327509662
-0.8332892477088
 1.6496352939214
-0.8755338760731
 1.6472373610151
-0.9181990297315
 1.6440225273167
-0.9612770837666
 1.6399742301308
-1.0047600912860
 1.6350757698705
-1.0486397762797
 1.6293103110194
-1.0929075263347
 1.6226608831876
-1.1375543852041
 1.6151103822637
-1.1825710452308
 1.6066415716673
-1.2279478396209
 1.5972370837066
-1.2736747345674
 1.5868794210435
-1.3197413212217
 1.5755509582717
-1.3661368075102
 1.5632339436111
-1.4128500097954
 1.5499105007230
-1.4598693443788
 1.5355626306505
-1.5071828188457
 1.5201722138888
-1.5547780232477
 1.5037210125886
-1.6026421211238
 1.4861906728990
-1.6507618403579
 1.4675627274532
-1.6991234638710
 1.4478185980023
-1.7477128201474
 1.4269395982017
-1.7965152735936
 1.4049069365548
-1.8455157147296
 1.3817017195196
-1.8946985502103
 1.3573049547821
-1.9440476926778
 1.3316975547024
-1.9935465504441
 1.3048603399370
-2.0431780170015
 1.2767740432448
-2.0929244603643
 1.2474193134783
-2.1427677122380
 1.2167767197682
-2.1926890570188
 1.1848267559044
-2.2426692206226
 1.1515498449180
-2.2926883591437
 1.1169263438713
-2.3427260473460
 1.0809365488569
-2.3927612669845
 1.0435607002140
-2.4427723949619
 1.0047789879638
-2.4927371913193
 0.9645715574693
-2.5426327870641
 0.9229185153232
-2.5924356718372
 0.8797999354680
-2.6421216814212
 0.8351958655505
-2.6916659850933
 0.7890863335158
-2.7410430728263
 0.7414513544424
-2.7902267423392
 0.6922709376199
-2.8391900860045
 0.6415250938736
-2.8879054776135
 0.5891938431352
-2.9363445590062
 0.5352572222611
-2.9844782265700
 0.4796952930985
-3.0322766176135
 0.4224881507996
-3.0797090966207
 0.3636159323803
-3.1267442413930
 0.3030588255236
-3.1733498290850
 0.2407970776227
-3.2194928221430
 0.1768110050608
-3.2651393541527
 0.1110810027210
-3.3102547156066
 0.0435875537203
-3.3548033395984
-0.0256887606404
-3.3987487874557
-0.0967672507206
-3.4420537343208
-0.1696671081897
-3.4846799546905
-0.0967672507206
 3.4420537343208
-0.0256887606404
 3.3987487874557
 0.0435875537203
 3.3548033395984
 0.1110810027210
 3.3102547156066
 0.1768110050608
 3.2651393541527
 0.2407970776227
 3.2194928221430
 0.3030588255236
 3.1733498290850
 0.3636159323803
 3.1267442413930
 0.4224881507996
 3.0797090966207
 0.4796952930985
 3.0322766176135
 0.5352572222611
 2.9844782265700
 0.5891938431352
 2.9363445590062
 0.6415250938736
 2.8879054776135
 0.6922709376199
 2.8391900860045
 0.7414513544424
 2.7902267423392
 0.7890863335158
 2.7410430728263
 0.8351958655505
 2.6916659850933
 0.8797999354680
 2.6421216814212
 0.9229185153232
 2.5924356718372
 0.9645715574693
 2.5426327870641
 1.0047789879638
 2.4927371913193
 1.0435607002140
 2.4427723949619
 1.0809365488569
 2.3927612669845
 1.1169263438713
 2.3427260473460
 1.1515498449180
 2.2926883591437
 1.1848267559044
 2.2426692206226
 1.2167767197682
 2.1926890570188
 1.2474193134783
 2.1427677122380
 1.2767740432448
 2.0929244603643
 1.3048603399370
 2.0431780170015
 1.3316975547024
 1.9935465504441
 1.3573049547821
 1.9440476926778
 1.3817017195196
 1.8946985502103
 1.4049069365548
 1.8455157147296
 1.4269395982017
 1.7965152735936
 1.4478185980023
 1.7477128201474
 1.4675627274532
 1.6991234638710
 1.4861906728990
 1.6507618403579
 1.5037210125886
 1.6026421211238
 1.5201722138888
 1.5547780232477
 1.5355626306505
 1.5071828188457
 1.5499105007230
 1.4598693443788
 1.5632339436111
 1.4128500097954
 1.5755509582717
 1.3661368075102
 1.5868794210435
 1.3197413212217
 1.5972370837066
 1.2736747345674
 1.6066415716673
 1.2279478396209
 1.6151103822637
 1.1825710452308
 1.6226608831876
 1.1375543852041
 1.6293103110194
 1.0929075263347
 1.6350757698705
 1.0486397762797
 1.6399742301308
 1.0047600912860
 1.6440225273167
 0.9612770837666
 1.6472373610151
 0.9181990297315
 1.6496352939214
 0.8755338760731
 1.6512327509662
 0.8332892477088
 1.6520460185285
 0.7914724545835
 1.6520912437311
 0.7500904985318
 1.6513844338151
 0.7091500800053
 1.6499414555911
 0.6686576046639
 1.6477780349625
 0.6286191898351
 1.6449097565187
 0.5890406708425
 1.6413520631962
 0.5499276072061
 1.6371202560021
 0.5112852887160
 1.6322294938005
 0.4731187413825
 1.6266947931559
 0.4354327332627
 1.6205310282340
 0.3982317801684
 1.6137529307549
 0.3615201512552
 1.6063750899976
 0.3253018744958
 1.5984119528532
 0.2895807420391
 1.5898778239245
 0.2543603154581
 1.5807868656694
 0.2196439308871
 1.5711530985864
 0.1854347040513
 1.5609904014401
 0.1517355351912
 1.5503125115246
 0.1185491138818
 1.5391330249626
 0.0858779237509
 1.5274653970389
 0.0537242470969
 1.5153229425661
 0.0220901694087
 1.5027188362807
-0.0090224162110
 1.4896661132683
-0.0396118047165
 1.4761776694161
-0.0696764748820
 1.4622662618909
-0.0992150851564
 1.4479445096413
-0.1282264696055
 1.4332248939228
-0.1567096339426
 1.4181197588443
-0.1846637516435
 1.4026413119344
-0.2120881601460
 1.3868016247268
-0.2389823571305
 1.3706126333623
-0.2653459968817
 1.3540861392084
-0.2911788867281
 1.3372338094926
-0.3164809835594
 1.3200671779511
-0.3412523904181
 1.3025976454891
-0.3654933531662
 1.2848364808540
-0.3892042572233
 1.2667948213187
-0.4123856243756
 1.2484836733760
-0.4350381096543
 1.2299139134407
-0.4571624982820
 1.2110962885609
-0.4787597026842
 1.1920414171360
-0.4998307595674
 1.1727597896420
-0.5203768270595
 1.1532617693613
-0.5403991819123
 1.1335575931187
-0.5598992167656
 1.1136573720213
-0.5788784374695
 1.0935710922016
-0.5973384604659
 1.0733086155642
-0.6152810102259
 1.0528796805342
-0.6327079167435
 1.0322939028078
-0.6496211130831
 1.0115607761037
-0.6660226329800
 0.9906896729154
-0.6819146084934
 0.9696898452630
-0.6972992677092
 0.9485704254455
-0.7121789324933
 0.9273404267909
-0.7265560162926
 0.9060087444060
-0.7404330219836
 0.8845841559237
-0.7538125397671
 0.8630753222482
-0.7666972451080
 0.8414907882980
-0.7790898967196
 0.8198389837446
-0.7909933345901
 0.7981282237493
-0.8024104780520
 0.7763667096951
-0.8133443238918
 0.7545625299151
-0.8237979445005
 0.7327236604160
-0.8337744860622
 0.7108579655974
-0.8432771667820
 0.6889731989655
-0.8523092751499
 0.6670770038422
-0.8608741682420
 0.6451769140678
-0.8689752700565
 0.6232803546989
-0.8766160698844
 0.6013946426993
-0.8838001207139
 0.5795269876256
-0.8905310376677
 0.5576844923054
-0.8968124964717
 0.5358741535097
-0.9026482319561
 0.5141028626180
-0.9080420365849
 0.4923774062764
-0.9129977590174
 0.4707044670492
-0.9175193026960
 0.4490906240621
-0.9216106244641
 0.4275423536388
-0.9252757332101
 0.4060660299299
-0.9285186885380
 0.3846679255339
-0.9313435994643
 0.3633542121105
-0.9337546231400
 0.3421309609861
-0.9357559635960
 0.3210041437511
-0.9373518705137
 0.2999796328493
-0.9385466380179
 0.2790632021594
-0.9393446034913
 0.2582605275674
-0.9397501464126
 0.2375771875319
-0.9397676872138
 0.2170186636401
-0.9394016861592
 0.1965903411561
-0.9386566422434
 0.1762975095605
-0.9375370921094
 0.1561453630813
-0.9360476089843
 0.1361390012171
-0.9341928016340
 0.1162834292510
-0.9319773133343
 0.0965835587567
-0.9294058208604
 0.0770442080954
-0.9264830334905
 0.0576701029054
-0.9232136920277
 0.0384658765814
-0.9196025678349
 0.0194360707477
-0.9156544618856
 0.0005851357206
-0.9113742038287
-0.0180825690356
-0.9067666510664
-0.0365627744624
-0.9018366878459
-0.0548513014682
-0.8965892243631
-0.0729440604982
-0.8910291958788
-0.0908370511127
-0.8851615618465
-0.1085263615725
-0.8789913050507
-0.1260081684338
-0.8725234307572
-0.1432787361502
-0.8657629658720
-0.1603344166826
-0.8587149581110
-0.1771716491172
-0.8513844751790
-0.1937869592918
-0.8437766039566
-0.2101769594286
-0.8358964496967
-0.2263383477753
-0.8277491352280
-0.2422679082537
-0.8193398001667
-0.2579625101154
-0.8106736001347
-0.2734191076051
-0.8017557059852
-0.2886347396301
-0.7925913030343
-0.3036065294383
-0.7831855902979
-0.3183316843013
-0.7735437797354
-0.3328074952061
-0.7636710954973
-0.3470313365516
-0.7535727731784
-0.3610006658528
-0.7432540590746
-0.3747130234508
-0.7327202094445
-0.3881660322288
-0.7219764897741
-0.4013573973345
-0.7110281740448
-0.4142849059079
-0.6998805440049
-0.4269464268148
-0.6885388884428
-0.4393399103861
-0.6770085024633
-0.4514633881618
-0.6652946867652
-0.4633149726405
-0.6534027469210
-0.4748928570340
-0.6413379926574
-0.4861953150255
-0.6291057371372
-0.4972207005338
-0.6167112962416
-0.5079674474806
-0.6041599878530
-0.5184340695626
-0.5914571311379
-0.5286191600267
-0.5786080458292
-0.5385213914498
-0.5656180515087
-0.5481395155211
-0.5524924668880
-0.5574723628280
-0.5392366090895
-0.5665188426450
-0.5258557929247
-0.5752779427248
-0.5123553301719
-0.5837487290926
-0.4987405288522
-0.5919303458419
-0.4850166925025
-0.5998220149323
-0.4711891194476
-0.6074230359897
-0.4572631020682
-0.6147327861064
-0.4432439260677
-0.6217507196443
-0.4291368697353
-0.6284763680369
-0.4149472032058
-0.6349093395935
-0.4006801877163
-0.6410493193026
-0.3863410748599
-0.6468960686359
-0.3719351058347
-0.6524494253515
-0.3574675106895
-0.6577093032971
-0.3429435075655
-0.6626756922116
-0.3283683019335
-0.6673486575259
-0.3137470858271
-0.6717283401618
-0.2990850370708
-0.6758149563298
-0.2843873185043
-0.6796087973236
-0.2696590772011
-0.6831102293129
-0.2549054436830
-0.6863196931331
-0.2401315311294
-0.6892377040718
-0.2253424345810
-0.6918648516519
-0.2105432301389
-0.6942017994105
-0.1957389741585
-0.6962492846744
-0.1809347024373
-0.6980081183297
-0.1661354293984
-0.6994791845880
-0.1513461472675
-0.7006634407462
-0.1365718252451
-0.7015619169415
-0.1218174086728
-0.7021757158997
-0.1070878181942
-0.7025060126776
-0.0923879489103
-0.7025540543988
-0.0777226695293
-0.7023211599819
-0.0630968215103
-0.7018087198621
-0.0485152182026
-0.7010181957039
-0.0339826439785
-0.6999511201066
-0.0195038533607
-0.6986090963008
-0.0050835701449
-0.6969937978358
 0.0092735134833
-0.6951069682582
 0.0235627378374
-0.6929504207803
 0.0377794766230
-0.6905260379387
 0.0519191378365
-0.6878357712425
 0.0659771646696
-0.6848816408106
 0.0799490364169
-0.6816657349977
 0.0938302693900
-0.6781902100088
 0.1076164178347
-0.6744572895020
 0.1213030748542
-0.6704692641784
 0.1348858733348
-0.6662284913600
 0.1483604868775
-0.6617373945541
 0.1617226307316
-0.6569984630043
 0.1749680627337
-0.6520142512278
 0.1880925842492
-0.6467873785384
 0.2010920411170
-0.6413205285553
 0.2139623245976
-0.6356164486966
 0.2266993723236
-0.6296779496579
 0.2392991692527
-0.6235079048748
 0.2517577486230
-0.6171092499706
 0.2640711929099
-0.6104849821862
 0.2762356347849
-0.6036381597948
 0.2882472580749
-0.5965719014985
 0.3001022987233
-0.5892893858090
 0.3117970457512
-0.5817938504091
 0.3233278422183
-0.5740885914980
 0.3346910861843
-0.5661769631171
 0.3458832316694
-0.5580623764582
 0.3569007896137
-0.5497482991527
 0.3677403288351
-0.5412382545414
 0.3783984769856
-0.5325358209260
 0.3888719215053
-0.5236446307999
 0.3991574105730
-0.5145683700600
 0.4092517540545
-0.5053107771986
 0.4191518244465
-0.4958756424742
 0.4288545578166
-0.4862668070631
 0.4383569547385
-0.4764881621892
 0.4476560812218
-0.4665436482338
 0.4567490696366
-0.4564372538240
 0.4656331196311
-0.4461730149001
 0.4743054990426
-0.4357550137617
 0.4827635448017
-0.4251873780925
 0.4910046638274
-0.4144742799633
 0.4990263339146
-0.4036199348133
 0.5068261046121
-0.3926286004103
 0.5144015980906
-0.3815045757888
 0.5217505100008
-0.3702522001653
 0.5288706103205
-0.3588758518339
 0.5357597441895
-0.3473799470375
 0.5424158327330
-0.3357689388193
 0.5488368738717
-0.3240473158508
 0.5550209431186
-0.3122196012392
 0.5609661943614
-0.3002903513122
 0.5666708606303
-0.2882641543816
 0.5721332548500
-0.2761456294849
 0.5773517705758
-0.2639394251059
 0.5823248827131
-0.2516502178738
 0.5870511482184
-0.2392827112411
 0.5915292067832
-0.2268416341401
 0.5957577814981
-0.2143317396197
 0.5997356794984
-0.2017578034604
 0.6034617925882
-0.1891246227700
 0.6069350978443
-0.1764370145584
 0.6101546581983
-0.1636998142936
 0.6131196229965
-0.1509178744373
 0.6158292285364
-0.1380960629623
 0.6182827985799
-0.1252392618501
 0.6204797448418
-0.1123523655716
 0.6224195674536
-0.0994402795484
 0.6241018554015
-0.0865079185974
 0.6255262869373
-0.0735602053583
 0.6266926299635
-0.0606020687043
 0.6276007423899
-0.0476384421369
 0.6282505724615
-0.0346742621650
 0.6286421590584
-0.0217144666688
 0.6287756319656
-0.0087639932500
 0.6286512121120
 0.0041722224328
 0.6282692117796
 0.0170892483409
 0.6276300347807
 0.0299821577463
 0.6267341766030
 0.0428460309327
 0.6255822245221
 0.0556759569093
 0.6241748576814
 0.0684670351339
 0.6225128471377
 0.0812143772469
 0.6205970558728
 0.0939131088135
 0.6184284387706
 0.1065583710747
 0.6160080425586
 0.1191453227053
 0.6133370057139
 0.1316691415796
 0.6104165583337
 0.1441250265415
 0.6072480219679
 0.1565081991811
 0.6038328094160
 0.1688139056142
 0.6001724244864
 0.1810374182659
 0.5962684617170
 0.1931740376563
 0.5921226060593
 0.2052190941873
 0.5877366325231
 0.2171679499307
 0.5831124057827
 0.2290160004149
 0.5782518797444
 0.2407586764108
 0.5731570970747
 0.2523914457153
 0.5678301886890
 0.2639098149312
 0.5622733732011
 0.2753093312427
 0.5564889563325
 0.2865855841855
 0.5504793302823
 0.2977342074108
 0.5442469730569
 0.3087508804417
 0.5377944477592
 0.3196313304204
 0.5311244018392
 0.3303713338469
 0.5242395663026
 0.3409667183067
 0.5171427548809
 0.3514133641862
 0.5098368631606
 0.3617072063763
 0.5023248676730
 0.3718442359617
 0.4946098249438
 0.3818205018953
 0.4866948705033
 0.3916321126564
 0.4785832178572
 0.4012752378928
 0.4702781574178
 0.4107461100433
 0.4617830553964
 0.4200410259425
 0.4531013526576
 0.4291563484044
 0.4442365635336
 0.4380885077847
 0.4351922746024
 0.4468340035214
 0.4259721434268
 0.4553894056510
 0.4165798972571
 0.4637513563011
 0.4070193316964
 0.4719165711569
 0.3972943093300
 0.4798818409013
 0.3874087583188
 0.4876440326276
 0.3773666709575
 0.4952000912234
 0.3671721021979
 0.5025470407250
 0.3568291681389
 0.5096819856415
 0.3463420444821
 0.5166021122470
 0.3357149649554
 0.5233046898408
 0.3249522197045
 0.5297870719739
 0.3140581536525
 0.5360466976416
 0.3030371648300
 0.5420810924406
 0.2918937026747
 0.5478878696903
 0.2806322663028
 0.5534647315173
 0.2692574027514
 0.5588094699021
 0.2577737051952
 0.5639199676877
 0.2461858111353
 0.5687941995485
 0.2344984005647
 0.5734302329198
 0.2227161941074
 0.5778262288860
 0.2108439511361
 0.5819804430283
 0.1988864678660
 0.5858912262299
 0.1868485754285
 0.5895570254382
 0.1747351379243
 0.5929763843851
 0.1625510504571
 0.5961479442621
 0.1503012371495
 0.5990704443523
 0.1379906491421
 0.6017427226166
 0.1256242625768
 0.6041637162357
 0.1132070765651
 0.6063324621054
 0.1007441111434
 0.6082480972872
 0.0882404052158
 0.6099098594109
 0.0757010144859
 0.6113170870318
 0.0631310093782
 0.6124692199403
 0.0505354729519
 0.6133657994244
 0.0379194988061
 0.6140064684848
 0.0252881889796
 0.6143909720023
 0.0126466518451
