 0.3456844987428
 0.0000000000000
 0.3420445129751
-0.0504167086685
 0.3311976765387
-0.0998042678833
 0.3133616283816
-0.1471549185683
 0.2888934227382
-0.1915030507758
 0.2582812471849
-0.2319447320729
 0.2221332803299
-0.2676554699895
 0.1811641063353
-0.2979057614383
 0.1361791760627
-0.3220740890904
 0.0880578482198
-0.3396571425395
 0.0377355577043
-0.3502771626114
-0.0138143560764
-0.3536864227141
-0.0655986673286
-0.3497689651267
-0.1166216939599
-0.3385397975532
-0.1659017784553
-0.3201418228698
-0.2124865399335
-0.2948408213145
-0.2554667019647
-0.2630188295933
-0.2939883825859
-0.2251662670643
-0.3272638084933
-0.1818731478600
-0.3545804817246
-0.1338196927032
-0.3753088824962
-0.0817666186684
-0.3889088354362
-0.0265453426381
-0.3949346983472
 0.0309517122528
-0.3930395535582
 0.0897805656523
-0.3829785930825
 0.1489547899774
-0.3646118916259
 0.2074542315511
-0.3379067575460
 0.2642333345702
-0.3029398426567
 0.3182290973460
-0.2598991786858
 0.3683687242285
-0.2090862924123
 0.4135770670772
-0.1509185339816
 0.4527839775967
-0.0859317343007
 0.4849317170255
-0.0147832881968
 0.5089825933898
 0.0617442596601
 0.5239270197357
 0.1427390692785
 0.5287922103972
 0.2271552645700
 0.5226517574736
 0.3138075839897
 0.5046363572963
 0.4013654339573
 0.4739459878502
 0.4883463843591
 0.4298638739790
 0.5731091780339
 0.3717726189274
 0.6538463651657
 0.2991729295961
 0.7285767211523
 0.2117054201673
 0.7951376655425
 0.1091760459758
 0.8511779735160
-0.0084142017247
 0.8941511644800
-0.1408346173017
 0.9213100702313
-0.2875842882986
 0.9297032348050
-0.4478448336748
 0.9161739886110
-0.6204252724819
 0.8773632822526
-0.8036977554185
 0.8097176753614
-0.9955226994966
 0.7095042719937
-1.1931616465138
 0.5728349014124
-1.3931759171716
 0.3957024936282
-1.5913088533081
 0.1740334349533
-1.7823491312047
-0.0962392349815
-1.9599722922336
 0.1740334349533
 1.7823491312047
 0.3957024936282
 1.5913088533081
 0.5728349014124
 1.3931759171716
 0.7095042719937
 1.1931616465138
 0.8097176753614
 0.9955226994966
 0.8773632822526
 0.8036977554185
 0.9161739886110
 0.6204252724819
 0.9297032348050
 0.4478448336748
 0.9213100702313
 0.2875842882986
 0.8941511644800
 0.1408346173017
 0.8511779735160
 0.0084142017247
 0.7951376655425
-0.1091760459758
 0.7285767211523
-0.2117054201673
 0.6538463651657
-0.2991729295961
 0.5731091780339
-0.3717726189274
 0.4883463843591
-0.4298638739790
 0.4013654339573
-0.4739459878502
 0.3138075839897
-0.5046363572963
 0.2271552645700
-0.5226517574736
 0.1427390692785
-0.5287922103972
 0.0617442596601
-0.5239270197357
-0.0147832881968
-0.5089825933898
-0.0859317343007
-0.4849317170255
-0.1509185339816
-0.4527839775967
-0.2090862924123
-0.4135770670772
-0.2598991786858
-0.3683687242285
-0.3029398426567
-0.3182290973460
-0.3379067575460
-0.2642333345702
-0.3646118916259
-0.2074542315511
-0.3829785930825
-0.1489547899774
-0.3930395535582
-0.0897805656523
-0.3949346983472
-0.0309517122528
-0.3889088354362
 0.0265453426381
-0.3753088824962
 0.0817666186684
-0.3545804817246
 0.1338196927032
-0.3272638084933
 0.1818731478600
-0.2939883825859
 0.2251662670643
-0.2554667019647
 0.2630188295933
-0.2124865399335
 0.2948408213145
-0.1659017784553
 0.3201418228698
-0.1166216939599
 0.3385397975532
-0.0655986673286
 0.3497689651267
-0.0138143560764
 0.3536864227141
 0.0377355577043
 0.3502771626114
 0.0880578482198
 0.3396571425395
 0.1361791760627
 0.3220740890904
 0.1811641063353
 0.2979057614383
 0.2221332803299
 0.2676554699895
 0.2582812471849
 0.2319447320729
 0.2888934227382
 0.1915030507758
 0.3133616283816
 0.1471549185683
 0.3311976765387
 0.0998042678833
 0.3420445129751
 0.0504167086685
