 0.6145191568573
 0.0000000000000
 0.6144871098459
-0.0063236456167
 0.6143909720023
-0.0126466518451
 0.6142307528980
-0.0189683793628
 0.6140064684848
-0.0252881889796
 0.6137181410919
-0.0316054417034
 0.6133657994244
-0.0379194988061
 0.6129494785589
-0.0442297218897
 0.6124692199403
-0.0505354729519
 0.6119250713762
-0.0568361144524
 0.6113170870318
-0.0631310093782
 0.6106453274233
-0.0694195213097
 0.6099098594109
-0.0757010144859
 0.6091107561909
-0.0819748538702
 0.6082480972872
-0.0882404052158
 0.6073219685420
-0.0944970351308
 0.6063324621054
-0.1007441111434
 0.6052796764255
-0.1069810017670
 0.6041637162357
-0.1132070765651
 0.6029846925434
-0.1194217062158
 0.6017427226166
-0.1256242625768
 0.6004379299704
-0.1318141187491
 0.5990704443523
-0.1379906491421
 0.5976404017274
-0.1441532295366
 0.5961479442621
-0.1503012371495
 0.5945932203083
-0.1564340506967
 0.5929763843851
-0.1625510504571
 0.5912975971617
-0.1686516183352
 0.5895570254382
-0.1747351379243
 0.5877548421264
-0.1808009945692
 0.5858912262299
-0.1868485754285
 0.5839663628226
-0.1928772695366
 0.5819804430283
-0.1988864678660
 0.5799336639978
-0.2048755633883
 0.5778262288860
-0.2108439511361
 0.5756583468291
-0.2167910282636
 0.5734302329198
-0.2227161941074
 0.5711421081826
-0.2286188502471
 0.5687941995485
-0.2344984005647
 0.5663867398287
-0.2403542513052
 0.5639199676877
-0.2461858111353
 0.5613941276160
-0.2519924912029
 0.5588094699021
-0.2577737051952
 0.5561662506034
-0.2635288693976
 0.5534647315173
-0.2692574027514
 0.5507051801508
-0.2749587269114
 0.5478878696903
-0.2806322663028
 0.5450130789701
-0.2862774481784
 0.5420810924406
-0.2918937026747
 0.5390922001361
-0.2974804628681
 0.5360466976416
-0.3030371648300
 0.5329448860592
-0.3085632476824
 0.5297870719739
-0.3140581536525
 0.5265735674190
-0.3195213281266
 0.5233046898408
-0.3249522197045
 0.5199807620622
-0.3303502802522
 0.5166021122470
-0.3357149649554
 0.5131690738623
-0.3410457323716
 0.5096819856415
-0.3463420444821
 0.5061411915455
-0.3516033667435
 0.5025470407250
-0.3568291681389
 0.4988998874805
-0.3620189212281
 0.4952000912234
-0.3671721021979
 0.4914480164353
-0.3722881909115
 0.4876440326276
-0.3773666709575
 0.4837885143006
-0.3824070296984
 0.4798818409013
-0.3874087583188
 0.4759243967819
-0.3923713518726
 0.4719165711569
-0.3972943093300
 0.4678587580601
-0.4021771336241
 0.4637513563011
-0.4070193316964
 0.4595947694217
-0.4118204145426
 0.4553894056510
-0.4165798972571
 0.4511356778610
-0.4212972990771
 0.4468340035214
-0.4259721434268
 0.4424848046535
-0.4306039579598
 0.4380885077847
-0.4351922746024
 0.4336455439019
-0.4397366295949
 0.4291563484044
-0.4442365635336
 0.4246213610570
-0.4486916214113
 0.4200410259425
-0.4531013526576
 0.4154157914132
-0.4574653111787
 0.4107461100433
-0.4617830553964
 0.4060324385795
-0.4660541482868
 0.4012752378928
-0.4702781574178
 0.3964749729283
-0.4744546549867
 0.3916321126564
-0.4785832178572
 0.3867471300222
-0.4826634275949
 0.3818205018953
-0.4866948705033
 0.3768527090195
-0.4906771376586
 0.3718442359617
-0.4946098249438
 0.3667955710609
-0.4984925330827
 0.3617072063763
-0.5023248676730
 0.3565796376364
-0.5061064392183
 0.3514133641862
-0.5098368631606
 0.3462088889356
-0.5135157599110
 0.3409667183067
-0.5171427548809
 0.3356873621811
-0.5207174785112
 0.3303713338469
-0.5242395663026
 0.3250191499461
-0.5277086588436
 0.3196313304204
-0.5311244018392
 0.3142083984584
-0.5344864461379
 0.3087508804417
-0.5377944477592
 0.3032593058907
-0.5410480679192
 0.2977342074108
-0.5442469730569
 0.2921761206383
-0.5473908348584
 0.2865855841855
-0.5504793302823
 0.2809631395865
-0.5535121415827
 0.2753093312427
-0.5564889563325
 0.2696247063673
-0.5594094674461
 0.2639098149312
-0.5622733732011
 0.2581652096073
-0.5650803772596
 0.2523914457153
-0.5678301886890
 0.2465890811672
-0.5705225219817
 0.2407586764108
-0.5731570970747
 0.2349007943752
-0.5757336393684
 0.2290160004149
-0.5782518797444
 0.2231048622539
-0.5807115545837
 0.2171679499307
-0.5831124057827
 0.2112058357420
-0.5854541807703
 0.2052190941873
-0.5877366325231
 0.1992083019130
-0.5899595195805
 0.1931740376563
-0.5921226060593
 0.1871168821900
-0.5942256616674
 0.1810374182659
-0.5962684617170
 0.1749362305597
-0.5982507871372
 0.1688139056142
-0.6001724244864
 0.1626710317844
-0.6020331659628
 0.1565081991811
-0.6038328094160
 0.1503259996151
-0.6055711583571
 0.1441250265415
-0.6072480219679
 0.1379058750042
-0.6088632151100
 0.1316691415796
-0.6104165583337
 0.1254154243215
-0.6119078778851
 0.1191453227053
-0.6133370057139
 0.1128594375724
-0.6147037794798
 0.1065583710747
-0.6160080425586
 0.1002427266194
-0.6172496440475
 0.0939131088135
-0.6184284387706
 0.0875701234090
-0.6195442872826
 0.0812143772469
-0.6205970558728
 0.0748464782034
-0.6215866165686
 0.0684670351339
-0.6225128471377
 0.0620766578190
-0.6233756310905
 0.0556759569093
-0.6241748576814
 0.0492655438713
-0.6249104219102
 0.0428460309327
-0.6255822245221
 0.0364180310285
-0.6261901720078
 0.0299821577463
-0.6267341766030
 0.0235390252731
-0.6272141562869
 0.0170892483409
-0.6276300347807
 0.0106334421735
-0.6279817415456
 0.0041722224328
-0.6282692117796
-0.0022937948346
-0.6284923864145
-0.0087639932500
-0.6286512121120
-0.0152377561559
-0.6287456412595
-0.0217144666688
-0.6287756319656
-0.0281935077313
-0.6287411480539
-0.0346742621650
-0.6286421590584
-0.0411561127219
-0.6284786402163
-0.0476384421369
-0.6282505724615
-0.0541206331794
-0.6279579424176
-0.0606020687043
-0.6276007423899
-0.0670821317038
-0.6271789703573
-0.0735602053583
-0.6266926299635
-0.0800356730866
-0.6261417305083
-0.0865079185974
-0.6255262869373
-0.0929763259387
-0.6248463198325
-0.0994402795484
-0.6241018554015
-0.1058991643039
-0.6232929254666
-0.1123523655716
-0.6224195674536
-0.1187992692564
-0.6214818243798
-0.1252392618501
-0.6204797448418
-0.1316717304812
-0.6194133830028
-0.1380960629623
-0.6182827985799
-0.1445116478389
-0.6170880568300
-0.1509178744373
-0.6158292285364
-0.1573141329121
-0.6145063899945
-0.1636998142936
-0.6131196229965
-0.1700743105348
-0.6116690148174
-0.1764370145584
-0.6101546581983
-0.1827873203031
-0.6085766513317
-0.1891246227700
-0.6069350978443
-0.1954483180681
-0.6052301067811
-0.2017578034604
-0.6034617925882
-0.2080524774089
-0.6016302750954
-0.2143317396197
-0.5997356794984
-0.2205949910875
-0.5977781363415
-0.2268416341401
-0.5957577814981
-0.2330710724827
-0.5936747561531
-0.2392827112411
-0.5915292067832
-0.2454759570056
-0.5893212851375
-0.2516502178738
-0.5870511482184
-0.2578049034938
-0.5847189582611
-0.2639394251059
-0.5823248827131
-0.2700531955856
-0.5798690942145
-0.2761456294849
-0.5773517705758
-0.2822161430738
-0.5747730947580
-0.2882641543816
-0.5721332548500
-0.2942890832378
-0.5694324440473
-0.3002903513122
-0.5666708606303
-0.3062673821557
-0.5638487079410
-0.3122196012392
-0.5609661943614
-0.3181464359941
-0.5580235332900
-0.3240473158508
-0.5550209431186
-0.3299216722776
-0.5519586472097
-0.3357689388193
-0.5488368738717
-0.3415885511353
-0.5456558563362
-0.3473799470375
-0.5424158327330
-0.3531425665275
-0.5391170460662
-0.3588758518339
-0.5357597441895
-0.3645792474490
-0.5323441797815
-0.3702522001653
-0.5288706103205
-0.3758941591117
-0.5253392980596
-0.3815045757888
-0.5217505100008
-0.3870829041048
-0.5181045178700
-0.3926286004103
-0.5144015980906
-0.3981411235334
-0.5106420317577
-0.4036199348133
-0.5068261046121
-0.4090644981351
-0.5029541070136
-0.4144742799633
-0.4990263339146
-0.4198487493748
-0.4950430848335
-0.4251873780925
-0.4910046638274
-0.4304896405175
-0.4869113794655
-0.4357550137617
-0.4827635448017
-0.4409829776796
-0.4785614773471
-0.4461730149001
-0.4743054990426
-0.4513246108578
-0.4699959362315
-0.4564372538240
-0.4656331196311
-0.4615104349373
-0.4612173843054
-0.4665436482338
-0.4567490696366
-0.4715363906774
-0.4522285192973
-0.4764881621892
-0.4476560812218
-0.4813984656767
-0.4430321075779
-0.4862668070631
-0.4383569547385
-0.4910926953157
-0.4336309832525
-0.4958756424742
-0.4288545578166
-0.5006151636790
-0.4240280472462
-0.5053107771986
-0.4191518244465
-0.5099620044567
-0.4142262663834
-0.5145683700600
-0.4092517540545
-0.5191294018240
-0.4042286724599
-0.5236446307999
-0.3991574105730
-0.5281135913005
-0.3940383613109
-0.5325358209260
-0.3888719215053
-0.5369108605894
-0.3836584918728
-0.5412382545414
-0.3783984769856
-0.5455175503956
-0.3730922852417
-0.5497482991527
-0.3677403288351
-0.5539300552245
-0.3623430237266
-0.5580623764582
-0.3569007896137
-0.5621448241598
-0.3514140499008
-0.5661769631171
-0.3458832316694
-0.5701583616230
-0.3403087656485
-0.5740885914980
-0.3346910861843
-0.5779672281125
-0.3290306312105
-0.5817938504091
-0.3233278422183
-0.5855680409241
-0.3175831642264
-0.5892893858090
-0.3117970457512
-0.5929574748520
-0.3059699387764
-0.5965719014985
-0.3001022987233
-0.6001322628722
-0.2941945844207
-0.6036381597948
-0.2882472580749
-0.6070891968066
-0.2822607852393
-0.6104849821862
-0.2762356347849
-0.6138251279698
-0.2701722788699
-0.6171092499706
-0.2640711929099
-0.6203369677977
-0.2579328555476
-0.6235079048748
-0.2517577486230
-0.6266216884589
-0.2455463571432
-0.6296779496579
-0.2392991692527
-0.6326763234491
-0.2330166762032
-0.6356164486966
-0.2266993723236
-0.6384979681688
-0.2203477549904
-0.6413205285553
-0.2139623245976
-0.6440837804842
-0.2075435845267
-0.6467873785384
-0.2010920411170
-0.6494309812723
-0.1946082036360
-0.6520142512278
-0.1880925842492
-0.6545368549502
-0.1815456979908
-0.6569984630043
-0.1749680627337
-0.6593987499892
-0.1683601991601
-0.6617373945541
-0.1617226307316
-0.6640140794131
-0.1550558836599
-0.6662284913600
-0.1483604868775
-0.6683803212828
-0.1416369720074
-0.6704692641784
-0.1348858733348
-0.6724950191660
-0.1281077277770
-0.6744572895020
-0.1213030748542
-0.6763557825928
-0.1144724566605
-0.6781902100088
-0.1076164178347
-0.6799602874978
-0.1007355055310
-0.6816657349977
-0.0938302693900
-0.6833062766496
-0.0869012615097
-0.6848816408106
-0.0799490364169
-0.6863915600662
-0.0729741510378
-0.6878357712425
-0.0659771646696
-0.6892140154187
-0.0589586389516
-0.6905260379387
-0.0519191378365
-0.6917715884229
-0.0448592275623
-0.6929504207803
-0.0377794766230
-0.6940622932189
-0.0306804557408
-0.6951069682582
-0.0235627378374
-0.6960842127392
-0.0164268980062
-0.6969937978358
-0.0092735134833
-0.6978354990658
-0.0021031636202
-0.6986090963008
 0.0050835701449
-0.6993143737773
 0.0122861043147
-0.6999511201066
 0.0195038533607
-0.7005191282851
 0.0267362297511
-0.7010181957039
 0.0339826439785
-0.7014481241594
 0.0412425045876
-0.7018087198621
 0.0485152182026
-0.7020997934469
 0.0558001895550
-0.7023211599819
 0.0630968215103
-0.7024726389783
 0.0704045150962
-0.7025540543988
 0.0777226695293
-0.7025652346673
 0.0850506822420
-0.7025060126776
 0.0923879489103
-0.7023762258019
 0.0997338634801
-0.7021757158997
 0.1070878181942
-0.7019043293264
 0.1144492036194
-0.7015619169415
 0.1218174086728
-0.7011483341172
 0.1291918206487
-0.7006634407462
 0.1365718252451
-0.7001071012503
 0.1439568065899
-0.6994791845880
 0.1513461472675
-0.6987795642625
 0.1587392283451
-0.6980081183297
 0.1661354293984
-0.6971647294056
 0.1735341285385
-0.6962492846744
 0.1809347024373
-0.6952616758952
 0.1883365263534
-0.6942017994105
 0.1957389741585
-0.6930695561527
 0.2031414183622
-0.6918648516519
 0.2105432301389
-0.6905875960427
 0.2179437793522
-0.6892377040718
 0.2253424345810
-0.6878150951048
 0.2327385631449
-0.6863196931331
 0.2401315311294
-0.6847514267811
 0.2475207034111
-0.6831102293129
 0.2549054436830
-0.6813960386391
 0.2622851144794
-0.6796087973236
 0.2696590772011
-0.6777484525904
 0.2770266921399
-0.6758149563298
 0.2843873185043
-0.6738082651058
 0.2917403144430
-0.6717283401618
 0.2990850370708
-0.6695751474277
 0.3064208424924
-0.6673486575259
 0.3137470858271
-0.6650488457781
 0.3210631212335
-0.6626756922116
 0.3283683019335
-0.6602291815655
 0.3356619802369
-0.6577093032971
 0.3429435075655
-0.6551160515883
 0.3502122344770
-0.6524494253515
 0.3574675106895
-0.6497094282365
 0.3647086851053
-0.6468960686359
 0.3719351058347
-0.6440093596920
 0.3791461202202
-0.6410493193026
 0.3863410748599
-0.6380159701273
 0.3935193156317
-0.6349093395935
 0.4006801877163
-0.6317294599028
 0.4078230356216
-0.6284763680369
 0.4149472032058
-0.6251501057639
 0.4220520337006
-0.6217507196443
 0.4291368697353
-0.6182782610372
 0.4362010533598
-0.6147327861064
 0.4432439260677
-0.6111143558267
 0.4502648288201
-0.6074230359897
 0.4572631020682
-0.6036588972102
 0.4642380857768
-0.5998220149323
 0.4711891194476
-0.5959124694358
 0.4781155421415
-0.5919303458419
 0.4850166925025
-0.5878757341197
 0.4918919087801
-0.5837487290926
 0.4987405288522
-0.5795494304442
 0.5055618902482
-0.5752779427248
 0.5123553301719
-0.5709343753575
 0.5191201855239
-0.5665188426450
 0.5258557929247
-0.5620314637751
 0.5325614887372
-0.5574723628280
 0.5392366090895
-0.5528416687822
 0.5458804898977
-0.5481395155211
 0.5524924668880
-0.5433660418394
 0.5590718756200
-0.5385213914498
 0.5656180515087
-0.5336057129895
 0.5721303298471
-0.5286191600267
 0.5786080458292
-0.5235618910675
 0.5850505345719
-0.5184340695626
 0.5914571311379
-0.5132358639136
 0.5978271705579
-0.5079674474806
 0.6041599878530
-0.5026289985884
 0.6104549180577
-0.4972207005338
 0.6167112962416
-0.4917427415923
 0.6229284575322
-0.4861953150255
 0.6291057371372
-0.4805786190878
 0.6352424703671
-0.4748928570340
 0.6413379926574
-0.4691382371260
 0.6473916395911
-0.4633149726405
 0.6534027469210
-0.4574232818764
 0.6593706505924
-0.4514633881618
 0.6652946867652
-0.4454355198618
 0.6711741918366
-0.4393399103861
 0.6770085024633
-0.4331767981965
 0.6827969555842
-0.4269464268148
 0.6885388884428
-0.4206490448303
 0.6942336386096
-0.4142849059079
 0.6998805440049
-0.4078542687960
 0.7054789429209
-0.4013573973345
 0.7110281740448
-0.3947945604630
 0.7165275764810
-0.3881660322288
 0.7219764897741
-0.3814720917954
 0.7273742539311
-0.3747130234508
 0.7327202094445
-0.3678891166158
 0.7380136973152
-0.3610006658528
 0.7432540590746
-0.3540479708743
 0.7484406368083
-0.3470313365516
 0.7535727731784
-0.3399510729237
 0.7586498114466
-0.3328074952061
 0.7636710954973
-0.3256009238000
 0.7686359698606
-0.3183316843013
 0.7735437797354
-0.3110001075098
 0.7783938710124
-0.3036065294383
 0.7831855902979
-0.2961512913225
 0.7879182849363
-0.2886347396301
 0.7925913030343
-0.2810572260707
 0.7972039934836
-0.2734191076051
 0.8017557059852
-0.2657207464555
 0.8062457910724
-0.2579625101154
 0.8106736001347
-0.2501447713595
 0.8150384854416
-0.2422679082537
 0.8193398001667
-0.2343323041657
 0.8235768984111
-0.2263383477753
 0.8277491352280
-0.2182864330845
 0.8318558666467
-0.2101769594286
 0.8358964496967
-0.2020103314865
 0.8398702424322
-0.1937869592918
 0.8437766039566
-0.1855072582436
 0.8476148944470
-0.1771716491172
 0.8513844751790
-0.1687805580761
 0.8550847085513
-0.1603344166826
 0.8587149581110
-0.1518336619091
 0.8622745885783
-0.1432787361502
 0.8657629658720
-0.1346700872340
 0.8691794571344
-0.1260081684338
 0.8725234307572
-0.1172934384801
 0.8757942564070
-0.1085263615725
 0.8789913050507
-0.0997074073919
 0.8821139489819
-0.0908370511127
 0.8851615618465
-0.0819157734152
 0.8881335186689
-0.0729440604982
 0.8910291958788
-0.0639224040914
 0.8938479713372
-0.0548513014682
 0.8965892243631
-0.0457312554586
 0.8992523357606
-0.0365627744624
 0.9018366878459
-0.0273463724619
 0.9043416644739
-0.0180825690356
 0.9067666510664
-0.0087718893712
 0.9091110346388
 0.0005851357206
 0.9113742038287
 0.0099879697927
 0.9135555489227
 0.0194360707477
 0.9156544618856
 0.0289288908239
 0.9176703363880
 0.0384658765814
 0.9196025678349
 0.0480464688882
 0.9214505533947
 0.0576701029054
 0.9232136920277
 0.0673362080729
 0.9248913845156
 0.0770442080954
 0.9264830334905
 0.0867935209270
 0.9279880434647
 0.0965835587567
 0.9294058208604
 0.1064137279934
 0.9307357740395
 0.1162834292510
 0.9319773133343
 0.1261920573330
 0.9331298510778
 0.1361390012171
 0.9341928016340
 0.1461236440399
 0.9351655814294
 0.1561453630813
 0.9360476089843
 0.1662035297485
 0.9368383049437
 0.1762975095605
 0.9375370921094
 0.1864266621317
 0.9381433954721
 0.1965903411561
 0.9386566422434
 0.2067878943909
 0.9390762618886
 0.2170186636401
 0.9394016861592
 0.2272819847378
 0.9396323491263
 0.2375771875319
 0.9397676872138
 0.2479035958669
 0.9398071392323
 0.2582605275674
 0.9397501464126
 0.2686472944206
 0.9395961524406
 0.2790632021594
 0.9393446034913
 0.2895075504450
 0.9389949482641
 0.2999796328493
 0.9385466380179
 0.3104787368378
 0.9379991266062
 0.3210041437511
 0.9373518705137
 0.3315551287878
 0.9366043288920
 0.3421309609861
 0.9357559635960
 0.3527309032059
 0.9348062392210
 0.3633542121105
 0.9337546231400
 0.3740001381482
 0.9326005855408
 0.3846679255339
 0.9313435994643
 0.3953568122304
 0.9299831408428
 0.4060660299299
 0.9285186885380
 0.4167948040347
 0.9269497243808
 0.4275423536388
 0.9252757332101
 0.4383078915082
 0.9234962029129
 0.4490906240621
 0.9216106244641
 0.4598897513534
 0.9196184919674
 0.4707044670492
 0.9175193026960
 0.4815339584113
 0.9153125571337
 0.4923774062764
 0.9129977590174
 0.5032339850363
 0.9105744153782
 0.5141028626180
 0.9080420365849
 0.5249832004634
 0.9054001363866
 0.5358741535097
 0.9026482319561
 0.5467748701684
 0.8997858439336
 0.5576844923054
 0.8968124964717
 0.5686021552203
 0.8937277172794
 0.5795269876256
 0.8905310376677
 0.5904581116265
 0.8872219925950
 0.6013946426993
 0.8838001207139
 0.6123356896713
 0.8802649644169
 0.6232803546989
 0.8766160698844
 0.6342277332470
 0.8728529871314
 0.6451769140678
 0.8689752700565
 0.6561269791788
 0.8649824764897
 0.6670770038422
 0.8608741682420
 0.6780260565425
 0.8566499111548
 0.6889731989655
 0.8523092751499
 0.6999174859763
 0.8478518342805
 0.7108579655974
 0.8432771667820
 0.7217936789868
 0.8385848551240
 0.7327236604160
 0.8337744860622
 0.7436469372481
 0.8288456506919
 0.7545625299151
 0.8237979445005
 0.7654694518962
 0.8186309674221
 0.7763667096951
 0.8133443238918
 0.7872533028176
 0.8079376229008
 0.7981282237493
 0.8024104780520
 0.8089904579326
 0.7967625076164
 0.8198389837446
 0.7909933345901
 0.8306727724739
 0.7851025867515
 0.8414907882980
 0.7790898967196
 0.8522919882605
 0.7729549020128
 0.8630753222482
 0.7666972451080
 0.8738397329680
 0.7603165735011
 0.8845841559237
 0.7538125397671
 0.8953075193934
 0.7471848016218
 0.9060087444060
 0.7404330219836
 0.9166867447182
 0.7335568690364
 0.9273404267909
 0.7265560162926
 0.9379686897667
 0.7194301426574
 0.9485704254455
 0.7121789324933
 0.9591445182623
 0.7048020756858
 0.9696898452630
 0.6972992677092
 0.9802052760814
 0.6896702096938
 0.9906896729154
 0.6819146084934
 1.0011418905040
 0.6740321767533
 1.0115607761037
 0.6660226329800
 1.0219451694647
 0.6578857016105
 1.0322939028078
 0.6496211130831
 1.0426058008006
 0.6412286039088
 1.0528796805342
 0.6327079167435
 1.0631143514996
 0.6240588004608
 1.0733086155642
 0.6152810102259
 1.0834612669483
 0.6063743075700
 1.0935710922016
 0.5973384604659
 1.1036368701799
 0.5881732434040
 1.1136573720213
 0.5788784374695
 1.1236313611232
 0.5694538304203
 1.1335575931187
 0.5598992167656
 1.1434348158532
 0.5502143978457
 1.1532617693613
 0.5403991819123
 1.1630371858432
 0.5304533842103
 1.1727597896420
 0.5203768270595
 1.1824282972200
 0.5101693399382
 1.1920414171360
 0.4998307595674
 1.2015978500222
 0.4893609299954
 1.2110962885609
 0.4787597026842
 1.2205354174621
 0.4680269365961
 1.2299139134407
 0.4571624982820
 1.2392304451932
 0.4461662619697
 1.2484836733760
 0.4350381096543
 1.2576722505819
 0.4237779311888
 1.2667948213187
 0.4123856243756
 1.2758500219861
 0.4008610950599
 1.2848364808540
 0.3892042572233
 1.2937528180403
 0.3774150330786
 1.3025976454891
 0.3654933531662
 1.3113695669490
 0.3534391564504
 1.3200671779511
 0.3412523904181
 1.3286890657881
 0.3289330111777
 1.3372338094926
 0.3164809835594
 1.3456999798162
 0.3038962812165
 1.3540861392084
 0.2911788867281
 1.3623908417959
 0.2783287917024
 1.3706126333623
 0.2653459968817
 1.3787500513273
 0.2522305122480
 1.3868016247268
 0.2389823571305
 1.3947658741929
 0.2256015603135
 1.4026413119344
 0.2120881601460
 1.4104264417170
 0.1984422046522
 1.4181197588443
 0.1846637516435
 1.4257197501386
 0.1707528688316
 1.4332248939228
 0.1567096339426
 1.4406336600010
 0.1425341348328
 1.4479445096413
 0.1282264696055
 1.4551558955573
 0.1137867467291
 1.4622662618909
 0.0992150851564
 1.4692740441949
 0.0845116144456
 1.4761776694161
 0.0696764748820
 1.4829755558788
 0.0547098176018
 1.4896661132683
 0.0396118047165
 1.4962477426154
 0.0243826094389
 1.5027188362807
 0.0090224162110
 1.5090777779392
-0.0064685791674
 1.5153229425661
-0.0220901694087
 1.5214526964219
-0.0378421356053
 1.5274653970389
-0.0537242470969
 1.5333593932074
-0.0697362613358
 1.5391330249626
-0.0858779237509
 1.5447846235724
-0.1021489676102
 1.5503125115246
-0.1185491138818
 1.5557150025159
-0.1350780710936
 1.5609904014401
-0.1517355351912
 1.5661370043779
-0.1685211893942
 1.5711530985864
-0.1854347040513
 1.5760369624896
-0.2024757364938
 1.5807868656694
-0.2196439308871
 1.5854010688569
-0.2369389180809
 1.5898778239245
-0.2543603154581
 1.5942153738788
-0.2719077267815
 1.5984119528532
-0.2895807420391
 1.6024657861027
-0.3073789372879
 1.6063750899976
-0.3253018744958
 1.6101380720191
-0.3433491013819
 1.6137529307549
-0.3615201512552
 1.6172178558961
-0.3798145428515
 1.6205310282340
-0.3982317801684
 1.6236906196584
-0.4167713522988
 1.6266947931559
-0.4354327332627
 1.6295417028099
-0.4542153818367
 1.6322294938005
-0.4731187413825
 1.6347563024054
-0.4921422396728
 1.6371202560021
-0.5112852887160
 1.6393194730705
-0.5305472845786
 1.6413520631962
-0.5499276072061
 1.6432161270751
-0.5694256202414
 1.6449097565187
-0.5890406708425
 1.6464310344604
-0.6087720894969
 1.6477780349625
-0.6286191898351
 1.6489488232242
-0.6485812684416
 1.6499414555911
-0.6686576046639
 1.6507539795651
-0.6888474604205
 1.6513844338151
-0.7091500800053
 1.6518308481900
-0.7295646898913
 1.6520912437311
-0.7500904985318
 1.6521636326869
-0.7707266961594
 1.6520460185285
-0.7914724545835
 1.6517363959660
-0.8123269269848
 1.6512327509662
-0.8332892477088
 1.6505330607718
-0.8543585320566
 1.6496352939214
-0.8755338760731
 1.6485374102706
-0.8968143563343
 1.6472373610151
-0.9181990297315
 1.6457330887143
-0.9396869332534
 1.6440225273167
-0.9612770837666
 1.6421036021863
-0.9829684777930
 1.6399742301308
-1.0047600912860
 1.6376323194308
-1.0266508794036
 1.6350757698705
-1.0486397762797
 1.6323024727701
-1.0707256947933
 1.6293103110194
-1.0929075263347
 1.6260971591131
-1.1151841405702
 1.6226608831876
-1.1375543852041
 1.6189993410591
-1.1600170857386
 1.6151103822637
-1.1825710452308
 1.6109918480990
-1.2052150440482
 1.6066415716673
-1.2279478396209
 1.6020573779205
-1.2507681661924
 1.5972370837066
-1.2736747345674
 1.5921784978184
-1.2966662318569
 1.5868794210435
-1.3197413212217
 1.5813376462163
-1.3428986416130
 1.5755509582717
-1.3661368075102
 1.5695171343015
-1.3894544086573
 1.5632339436111
-1.4128500097954
 1.5566991477800
-1.4363221503939
 1.5499105007230
-1.4598693443788
 1.5428657487537
-1.4834900798583
 1.5355626306505
-1.5071828188457
 1.5279988777245
-1.5309459969809
 1.5201722138888
-1.5547780232477
 1.5120803557313
-1.5786772796898
 1.5037210125886
-1.6026421211238
 1.4950918866225
-1.6266708748495
 1.4861906728990
-1.6507618403579
 1.4770150594693
-1.6749132890363
 1.4675627274532
-1.6991234638710
 1.4578313511252
-1.7233905791474
 1.4478185980023
-1.7477128201474
 1.4375221289354
-1.7720883428440
 1.4269395982017
-1.7965152735936
 1.4160686536013
-1.8209917088258
 1.4049069365548
-1.8455157147296
 1.3934520822049
-1.8700853269382
 1.3817017195196
-1.8946985502103
 1.3696534713985
-1.9193533581089
 1.3573049547821
-1.9440476926778
 1.3446537807634
-1.9687794641152
 1.3316975547024
-1.9935465504441
 1.3184338763437
-2.0183467971810
 1.3048603399370
-2.0431780170015
 1.2909745343600
-2.0680379894028
 1.2767740432448
-2.0929244603643
 1.2622564451070
-2.1178351420049
 1.2474193134783
-2.1427677122380
 1.2322602170412
-2.1677198144238
 1.2167767197682
-2.1926890570188
 1.2009663810628
-2.2176730132227
 1.1848267559044
-2.2426692206226
 1.1683553949965
-2.2676751808348
 1.1515498449180
-2.2926883591437
 1.1344076482775
-2.3177061841384
 1.1169263438713
-2.3427260473460
 1.0991034668448
-2.3677453028631
 1.0809365488569
-2.3927612669845
 1.0624231182486
-2.4177712178287
 1.0435607002140
-2.4427723949619
 1.0243468169758
-2.4677619990184
 1.0047789879638
-2.4927371913193
 0.9848547299969
-2.5176950934881
 0.9645715574693
-2.5426327870641
 0.9439269825394
-2.5675473131135
 0.9229185153232
-2.5924356718372
 0.9015436640911
-2.6172948221775
 0.8797999354680
-2.6421216814212
 0.8576848346376
-2.6669131248007
 0.8351958655505
-2.6916659850933
 0.8123305311356
-2.7163770522173
 0.7890863335158
-2.7410430728263
 0.7654607742273
-2.7656607499010
 0.7414513544424
-2.7902267423392
 0.7170555751967
-2.8147376645430
 0.6922709376199
-2.8391900860045
 0.6670949431703
-2.8635805308883
 0.6415250938736
-2.8879054776135
 0.6155588925649
-2.9121613584320
 0.5891938431352
-2.9363445590062
 0.5624274507816
-2.9604514179835
 0.5352572222611
-2.9844782265700
 0.5076806661485
-3.0084212281016
 0.4796952930985
-3.0322766176135
 0.4512986161107
-3.0560405414080
 0.4224881507996
-3.0797090966207
 0.3932614156671
-3.1032783307845
 0.3636159323803
-3.1267442413930
 0.3335492260516
-3.1501027754610
 0.3030588255236
-3.1733498290850
 0.2721422636570
-3.1964812470013
 0.2407970776227
-3.2194928221430
 0.2090208091970
-3.2423802951958
 0.1768110050608
-3.2651393541527
 0.1441652171019
-3.2877656338674
 0.1110810027210
-3.3102547156066
 0.0775559251411
-3.3326021266016
 0.0435875537203
-3.3548033395984
 0.0091734642670
-3.3768537724082
-0.0256887606404
-3.3987487874557
-0.0610015313319
-3.4204836913277
-0.0967672507206
-3.4420537343208
-0.1329883139753
-3.4634541099890
-0.1696671081897
-3.4846799546905
-0.1329883139753
 3.4634541099890
-0.0967672507206
 3.4420537343208
-0.0610015313319
 3.4204836913277
-0.0256887606404
 3.3987487874557
 0.0091734642670
 3.3768537724082
 0.0435875537203
 3.3548033395984
 0.0775559251411
 3.3326021266016
 0.1110810027210
 3.3102547156066
 0.1441652171019
 3.2877656338674
 0.1768110050608
 3.2651393541527
 0.2090208091970
 3.2423802951958
 0.2407970776227
 3.2194928221430
 0.2721422636570
 3.1964812470013
 0.3030588255236
 3.1733498290850
 0.3335492260516
 3.1501027754610
 0.3636159323803
 3.1267442413930
 0.3932614156671
 3.1032783307845
 0.4224881507996
 3.0797090966207
 0.4512986161107
 3.0560405414080
 0.4796952930985
 3.0322766176135
 0.5076806661485
 3.0084212281016
 0.5352572222611
 2.9844782265700
 0.5624274507816
 2.9604514179835
 0.5891938431352
 2.9363445590062
 0.6155588925649
 2.9121613584320
 0.6415250938736
 2.8879054776135
 0.6670949431703
 2.8635805308883
 0.6922709376199
 2.8391900860045
 0.7170555751967
 2.8147376645430
 0.7414513544424
 2.7902267423392
 0.7654607742273
 2.7656607499010
 0.7890863335158
 2.7410430728263
 0.8123305311356
 2.7163770522173
 0.8351958655505
 2.6916659850933
 0.8576848346376
 2.6669131248007
 0.8797999354680
 2.6421216814212
 0.9015436640911
 2.6172948221775
 0.9229185153232
 2.5924356718372
 0.9439269825394
 2.5675473131135
 0.9645715574693
 2.5426327870641
 0.9848547299969
 2.5176950934881
 1.0047789879638
 2.4927371913193
 1.0243468169758
 2.4677619990184
 1.0435607002140
 2.4427723949619
 1.0624231182486
 2.4177712178287
 1.0809365488569
 2.3927612669845
 1.0991034668448
 2.3677453028631
 1.1169263438713
 2.3427260473460
 1.1344076482775
 2.3177061841384
 1.1515498449180
 2.2926883591437
 1.1683553949965
 2.2676751808348
 1.1848267559044
 2.2426692206226
 1.2009663810628
 2.2176730132227
 1.2167767197682
 2.1926890570188
 1.2322602170412
 2.1677198144238
 1.2474193134783
 2.1427677122380
 1.2622564451070
 2.1178351420049
 1.2767740432448
 2.0929244603643
 1.2909745343600
 2.0680379894028
 1.3048603399370
 2.0431780170015
 1.3184338763437
 2.0183467971810
 1.3316975547024
 1.9935465504441
 1.3446537807634
 1.9687794641152
 1.3573049547821
 1.9440476926778
 1.3696534713985
 1.9193533581089
 1.3817017195196
 1.8946985502103
 1.3934520822049
 1.8700853269382
 1.4049069365548
 1.8455157147296
 1.4160686536013
 1.8209917088258
 1.4269395982017
 1.7965152735936
 1.4375221289354
 1.7720883428440
 1.4478185980023
 1.7477128201474
 1.4578313511252
 1.7233905791474
 1.4675627274532
 1.6991234638710
 1.4770150594693
 1.6749132890363
 1.4861906728990
 1.6507618403579
 1.4950918866225
 1.6266708748495
 1.5037210125886
 1.6026421211238
 1.5120803557313
 1.5786772796898
 1.5201722138888
 1.5547780232477
 1.5279988777245
 1.5309459969809
 1.5355626306505
 1.5071828188457
 1.5428657487537
 1.4834900798583
 1.5499105007230
 1.4598693443788
 1.5566991477800
 1.4363221503939
 1.5632339436111
 1.4128500097954
 1.5695171343015
 1.3894544086573
 1.5755509582717
 1.3661368075102
 1.5813376462163
 1.3428986416130
 1.5868794210435
 1.3197413212217
 1.5921784978184
 1.2966662318569
 1.5972370837066
 1.2736747345674
 1.6020573779205
 1.2507681661924
 1.6066415716673
 1.2279478396209
 1.6109918480990
 1.2052150440482
 1.6151103822637
 1.1825710452308
 1.6189993410591
 1.1600170857386
 1.6226608831876
 1.1375543852041
 1.6260971591131
 1.1151841405702
 1.6293103110194
 1.0929075263347
 1.6323024727701
 1.0707256947933
 1.6350757698705
 1.0486397762797
 1.6376323194308
 1.0266508794036
 1.6399742301308
 1.0047600912860
 1.6421036021863
 0.9829684777930
 1.6440225273167
 0.9612770837666
 1.6457330887143
 0.9396869332534
 1.6472373610151
 0.9181990297315
 1.6485374102706
 0.8968143563343
 1.6496352939214
 0.8755338760731
 1.6505330607718
 0.8543585320566
 1.6512327509662
 0.8332892477088
 1.6517363959660
 0.8123269269848
 1.6520460185285
 0.7914724545835
 1.6521636326869
 0.7707266961594
 1.6520912437311
 0.7500904985318
 1.6518308481900
 0.7295646898913
 1.6513844338151
 0.7091500800053
 1.6507539795651
 0.6888474604205
 1.6499414555911
 0.6686576046639
 1.6489488232242
 0.6485812684416
 1.6477780349625
 0.6286191898351
 1.6464310344604
 0.6087720894969
 1.6449097565187
 0.5890406708425
 1.6432161270751
 0.5694256202414
 1.6413520631962
 0.5499276072061
 1.6393194730705
 0.5305472845786
 1.6371202560021
 0.5112852887160
 1.6347563024054
 0.4921422396728
 1.6322294938005
 0.4731187413825
 1.6295417028099
 0.4542153818367
 1.6266947931559
 0.4354327332627
 1.6236906196584
 0.4167713522988
 1.6205310282340
 0.3982317801684
 1.6172178558961
 0.3798145428515
 1.6137529307549
 0.3615201512552
 1.6101380720191
 0.3433491013819
 1.6063750899976
 0.3253018744958
 1.6024657861027
 0.3073789372879
 1.5984119528532
 0.2895807420391
 1.5942153738788
 0.2719077267815
 1.5898778239245
 0.2543603154581
 1.5854010688569
 0.2369389180809
 1.5807868656694
 0.2196439308871
 1.5760369624896
 0.2024757364938
 1.5711530985864
 0.1854347040513
 1.5661370043779
 0.1685211893942
 1.5609904014401
 0.1517355351912
 1.5557150025159
 0.1350780710936
 1.5503125115246
 0.1185491138818
 1.5447846235724
 0.1021489676102
 1.5391330249626
 0.0858779237509
 1.5333593932074
 0.0697362613358
 1.5274653970389
 0.0537242470969
 1.5214526964219
 0.0378421356053
 1.5153229425661
 0.0220901694087
 1.5090777779392
 0.0064685791674
 1.5027188362807
-0.0090224162110
 1.4962477426154
-0.0243826094389
 1.4896661132683
-0.0396118047165
 1.4829755558788
-0.0547098176018
 1.4761776694161
-0.0696764748820
 1.4692740441949
-0.0845116144456
 1.4622662618909
-0.0992150851564
 1.4551558955573
-0.1137867467291
 1.4479445096413
-0.1282264696055
 1.4406336600010
-0.1425341348328
 1.4332248939228
-0.1567096339426
 1.4257197501386
-0.1707528688316
 1.4181197588443
-0.1846637516435
 1.4104264417170
-0.1984422046522
 1.4026413119344
-0.2120881601460
 1.3947658741929
-0.2256015603135
 1.3868016247268
-0.2389823571305
 1.3787500513273
-0.2522305122480
 1.3706126333623
-0.2653459968817
 1.3623908417959
-0.2783287917024
 1.3540861392084
-0.2911788867281
 1.3456999798162
-0.3038962812165
 1.3372338094926
-0.3164809835594
 1.3286890657881
-0.3289330111777
 1.3200671779511
-0.3412523904181
 1.3113695669490
-0.3534391564504
 1.3025976454891
-0.3654933531662
 1.2937528180403
-0.3774150330786
 1.2848364808540
-0.3892042572233
 1.2758500219861
-0.4008610950599
 1.2667948213187
-0.4123856243756
 1.2576722505819
-0.4237779311888
 1.2484836733760
-0.4350381096543
 1.2392304451932
-0.4461662619697
 1.2299139134407
-0.4571624982820
 1.2205354174621
-0.4680269365961
 1.2110962885609
-0.4787597026842
 1.2015978500222
-0.4893609299954
 1.1920414171360
-0.4998307595674
 1.1824282972200
-0.5101693399382
 1.1727597896420
-0.5203768270595
 1.1630371858432
-0.5304533842103
 1.1532617693613
-0.5403991819123
 1.1434348158532
-0.5502143978457
 1.1335575931187
-0.5598992167656
 1.1236313611232
-0.5694538304203
 1.1136573720213
-0.5788784374695
 1.1036368701799
-0.5881732434040
 1.0935710922016
-0.5973384604659
 1.0834612669483
-0.6063743075700
 1.0733086155642
-0.6152810102259
 1.0631143514996
-0.6240588004608
 1.0528796805342
-0.6327079167435
 1.0426058008006
-0.6412286039088
 1.0322939028078
-0.6496211130831
 1.0219451694647
-0.6578857016105
 1.0115607761037
-0.6660226329800
 1.0011418905040
-0.6740321767533
 0.9906896729154
-0.6819146084934
 0.9802052760814
-0.6896702096938
 0.9696898452630
-0.6972992677092
 0.9591445182623
-0.7048020756858
 0.9485704254455
-0.7121789324933
 0.9379686897667
-0.7194301426574
 0.9273404267909
-0.7265560162926
 0.9166867447182
-0.7335568690364
 0.9060087444060
-0.7404330219836
 0.8953075193934
-0.7471848016218
 0.8845841559237
-0.7538125397671
 0.8738397329680
-0.7603165735011
 0.8630753222482
-0.7666972451080
 0.8522919882605
-0.7729549020128
 0.8414907882980
-0.7790898967196
 0.8306727724739
-0.7851025867515
 0.8198389837446
-0.7909933345901
 0.8089904579326
-0.7967625076164
 0.7981282237493
-0.8024104780520
 0.7872533028176
-0.8079376229008
 0.7763667096951
-0.8133443238918
 0.7654694518962
-0.8186309674221
 0.7545625299151
-0.8237979445005
 0.7436469372481
-0.8288456506919
 0.7327236604160
-0.8337744860622
 0.7217936789868
-0.8385848551240
 0.7108579655974
-0.8432771667820
 0.6999174859763
-0.8478518342805
 0.6889731989655
-0.8523092751499
 0.6780260565425
-0.8566499111548
 0.6670770038422
-0.8608741682420
 0.6561269791788
-0.8649824764897
 0.6451769140678
-0.8689752700565
 0.6342277332470
-0.8728529871314
 0.6232803546989
-0.8766160698844
 0.6123356896713
-0.8802649644169
 0.6013946426993
-0.8838001207139
 0.5904581116265
-0.8872219925950
 0.5795269876256
-0.8905310376677
 0.5686021552203
-0.8937277172794
 0.5576844923054
-0.8968124964717
 0.5467748701684
-0.8997858439336
 0.5358741535097
-0.9026482319561
 0.5249832004634
-0.9054001363866
 0.5141028626180
-0.9080420365849
 0.5032339850363
-0.9105744153782
 0.4923774062764
-0.9129977590174
 0.4815339584113
-0.9153125571337
 0.4707044670492
-0.9175193026960
 0.4598897513534
-0.9196184919674
 0.4490906240621
-0.9216106244641
 0.4383078915082
-0.9234962029129
 0.4275423536388
-0.9252757332101
 0.4167948040347
-0.9269497243808
 0.4060660299299
-0.9285186885380
 0.3953568122304
-0.9299831408428
 0.3846679255339
-0.9313435994643
 0.3740001381482
-0.9326005855408
 0.3633542121105
-0.9337546231400
 0.3527309032059
-0.9348062392210
 0.3421309609861
-0.9357559635960
 0.3315551287878
-0.9366043288920
 0.3210041437511
-0.9373518705137
 0.3104787368378
-0.9379991266062
 0.2999796328493
-0.9385466380179
 0.2895075504450
-0.9389949482641
 0.2790632021594
-0.9393446034913
 0.2686472944206
-0.9395961524406
 0.2582605275674
-0.9397501464126
 0.2479035958669
-0.9398071392323
 0.2375771875319
-0.9397676872138
 0.2272819847378
-0.9396323491263
 0.2170186636401
-0.9394016861592
 0.2067878943909
-0.9390762618886
 0.1965903411561
-0.9386566422434
 0.1864266621317
-0.9381433954721
 0.1762975095605
-0.9375370921094
 0.1662035297485
-0.9368383049437
 0.1561453630813
-0.9360476089843
 0.1461236440399
-0.9351655814294
 0.1361390012171
-0.9341928016340
 0.1261920573330
-0.9331298510778
 0.1162834292510
-0.9319773133343
 0.1064137279934
-0.9307357740395
 0.0965835587567
-0.9294058208604
 0.0867935209270
-0.9279880434647
 0.0770442080954
-0.9264830334905
 0.0673362080729
-0.9248913845156
 0.0576701029054
-0.9232136920277
 0.0480464688882
-0.9214505533947
 0.0384658765814
-0.9196025678349
 0.0289288908239
-0.9176703363880
 0.0194360707477
-0.9156544618856
 0.0099879697927
-0.9135555489227
 0.0005851357206
-0.9113742038287
-0.0087718893712
-0.9091110346388
-0.0180825690356
-0.9067666510664
-0.0273463724619
-0.9043416644739
-0.0365627744624
-0.9018366878459
-0.0457312554586
-0.8992523357606
-0.0548513014682
-0.8965892243631
-0.0639224040914
-0.8938479713372
-0.0729440604982
-0.8910291958788
-0.0819157734152
-0.8881335186689
-0.0908370511127
-0.8851615618465
-0.0997074073919
-0.8821139489819
-0.1085263615725
-0.8789913050507
-0.1172934384801
-0.8757942564070
-0.1260081684338
-0.8725234307572
-0.1346700872340
-0.8691794571344
-0.1432787361502
-0.8657629658720
-0.1518336619091
-0.8622745885783
-0.1603344166826
-0.8587149581110
-0.1687805580761
-0.8550847085513
-0.1771716491172
-0.8513844751790
-0.1855072582436
-0.8476148944470
-0.1937869592918
-0.8437766039566
-0.2020103314865
-0.8398702424322
-0.2101769594286
-0.8358964496967
-0.2182864330845
-0.8318558666467
-0.2263383477753
-0.8277491352280
-0.2343323041657
-0.8235768984111
-0.2422679082537
-0.8193398001667
-0.2501447713595
-0.8150384854416
-0.2579625101154
-0.8106736001347
-0.2657207464555
-0.8062457910724
-0.2734191076051
-0.8017557059852
-0.2810572260707
-0.7972039934836
-0.2886347396301
-0.7925913030343
-0.2961512913225
-0.7879182849363
-0.3036065294383
-0.7831855902979
-0.3110001075098
-0.7783938710124
-0.3183316843013
-0.7735437797354
-0.3256009238000
-0.7686359698606
-0.3328074952061
-0.7636710954973
-0.3399510729237
-0.7586498114466
-0.3470313365516
-0.7535727731784
-0.3540479708743
-0.7484406368083
-0.3610006658528
-0.7432540590746
-0.3678891166158
-0.7380136973152
-0.3747130234508
-0.7327202094445
-0.3814720917954
-0.7273742539311
-0.3881660322288
-0.7219764897741
-0.3947945604630
-0.7165275764810
-0.4013573973345
-0.7110281740448
-0.4078542687960
-0.7054789429209
-0.4142849059079
-0.6998805440049
-0.4206490448303
-0.6942336386096
-0.4269464268148
-0.6885388884428
-0.4331767981965
-0.6827969555842
-0.4393399103861
-0.6770085024633
-0.4454355198618
-0.6711741918366
-0.4514633881618
-0.6652946867652
-0.4574232818764
-0.6593706505924
-0.4633149726405
-0.6534027469210
-0.4691382371260
-0.6473916395911
-0.4748928570340
-0.6413379926574
-0.4805786190878
-0.6352424703671
-0.4861953150255
-0.6291057371372
-0.4917427415923
-0.6229284575322
-0.4972207005338
-0.6167112962416
-0.5026289985884
-0.6104549180577
-0.5079674474806
-0.6041599878530
-0.5132358639136
-0.5978271705579
-0.5184340695626
-0.5914571311379
-0.5235618910675
-0.5850505345719
-0.5286191600267
-0.5786080458292
-0.5336057129895
-0.5721303298471
-0.5385213914498
-0.5656180515087
-0.5433660418394
-0.5590718756200
-0.5481395155211
-0.5524924668880
-0.5528416687822
-0.5458804898977
-0.5574723628280
-0.5392366090895
-0.5620314637751
-0.5325614887372
-0.5665188426450
-0.5258557929247
-0.5709343753575
-0.5191201855239
-0.5752779427248
-0.5123553301719
-0.5795494304442
-0.5055618902482
-0.5837487290926
-0.4987405288522
-0.5878757341197
-0.4918919087801
-0.5919303458419
-0.4850166925025
-0.5959124694358
-0.4781155421415
-0.5998220149323
-0.4711891194476
-0.6036588972102
-0.4642380857768
-0.6074230359897
-0.4572631020682
-0.6111143558267
-0.4502648288201
-0.6147327861064
-0.4432439260677
-0.6182782610372
-0.4362010533598
-0.6217507196443
-0.4291368697353
-0.6251501057639
-0.4220520337006
-0.6284763680369
-0.4149472032058
-0.6317294599028
-0.4078230356216
-0.6349093395935
-0.4006801877163
-0.6380159701273
-0.3935193156317
-0.6410493193026
-0.3863410748599
-0.6440093596920
-0.3791461202202
-0.6468960686359
-0.3719351058347
-0.6497094282365
-0.3647086851053
-0.6524494253515
-0.3574675106895
-0.6551160515883
-0.3502122344770
-0.6577093032971
-0.3429435075655
-0.6602291815655
-0.3356619802369
-0.6626756922116
-0.3283683019335
-0.6650488457781
-0.3210631212335
-0.6673486575259
-0.3137470858271
-0.6695751474277
-0.3064208424924
-0.6717283401618
-0.2990850370708
-0.6738082651058
-0.2917403144430
-0.6758149563298
-0.2843873185043
-0.6777484525904
-0.2770266921399
-0.6796087973236
-0.2696590772011
-0.6813960386391
-0.2622851144794
-0.6831102293129
-0.2549054436830
-0.6847514267811
-0.2475207034111
-0.6863196931331
-0.2401315311294
-0.6878150951048
-0.2327385631449
-0.6892377040718
-0.2253424345810
-0.6905875960427
-0.2179437793522
-0.6918648516519
-0.2105432301389
-0.6930695561527
-0.2031414183622
-0.6942017994105
-0.1957389741585
-0.6952616758952
-0.1883365263534
-0.6962492846744
-0.1809347024373
-0.6971647294056
-0.1735341285385
-0.6980081183297
-0.1661354293984
-0.6987795642625
-0.1587392283451
-0.6994791845880
-0.1513461472675
-0.7001071012503
-0.1439568065899
-0.7006634407462
-0.1365718252451
-0.7011483341172
-0.1291918206487
-0.7015619169415
-0.1218174086728
-0.7019043293264
-0.1144492036194
-0.7021757158997
-0.1070878181942
-0.7023762258019
-0.0997338634801
-0.7025060126776
-0.0923879489103
-0.7025652346673
-0.0850506822420
-0.7025540543988
-0.0777226695293
-0.7024726389783
-0.0704045150962
-0.7023211599819
-0.0630968215103
-0.7020997934469
-0.0558001895550
-0.7018087198621
-0.0485152182026
-0.7014481241594
-0.0412425045876
-0.7010181957039
-0.0339826439785
-0.7005191282851
-0.0267362297511
-0.6999511201066
-0.0195038533607
-0.6993143737773
-0.0122861043147
-0.6986090963008
-0.0050835701449
-0.6978354990658
 0.0021031636202
-0.6969937978358
 0.0092735134833
-0.6960842127392
 0.0164268980062
-0.6951069682582
 0.0235627378374
-0.6940622932189
 0.0306804557408
-0.6929504207803
 0.0377794766230
-0.6917715884229
 0.0448592275623
-0.6905260379387
 0.0519191378365
-0.6892140154187
 0.0589586389516
-0.6878357712425
 0.0659771646696
-0.6863915600662
 0.0729741510378
-0.6848816408106
 0.0799490364169
-0.6833062766496
 0.0869012615097
-0.6816657349977
 0.0938302693900
-0.6799602874978
 0.1007355055310
-0.6781902100088
 0.1076164178347
-0.6763557825928
 0.1144724566605
-0.6744572895020
 0.1213030748542
-0.6724950191660
 0.1281077277770
-0.6704692641784
 0.1348858733348
-0.6683803212828
 0.1416369720074
-0.6662284913600
 0.1483604868775
-0.6640140794131
 0.1550558836599
-0.6617373945541
 0.1617226307316
-0.6593987499892
 0.1683601991601
-0.6569984630043
 0.1749680627337
-0.6545368549502
 0.1815456979908
-0.6520142512278
 0.1880925842492
-0.6494309812723
 0.1946082036360
-0.6467873785384
 0.2010920411170
-0.6440837804842
 0.2075435845267
-0.6413205285553
 0.2139623245976
-0.6384979681688
 0.2203477549904
-0.6356164486966
 0.2266993723236
-0.6326763234491
 0.2330166762032
-0.6296779496579
 0.2392991692527
-0.6266216884589
 0.2455463571432
-0.6235079048748
 0.2517577486230
-0.6203369677977
 0.2579328555476
-0.6171092499706
 0.2640711929099
-0.6138251279698
 0.2701722788699
-0.6104849821862
 0.2762356347849
-0.6070891968066
 0.2822607852393
-0.6036381597948
 0.2882472580749
-0.6001322628722
 0.2941945844207
-0.5965719014985
 0.3001022987233
-0.5929574748520
 0.3059699387764
-0.5892893858090
 0.3117970457512
-0.5855680409241
 0.3175831642264
-0.5817938504091
 0.3233278422183
-0.5779672281125
 0.3290306312105
-0.5740885914980
 0.3346910861843
-0.5701583616230
 0.3403087656485
-0.5661769631171
 0.3458832316694
-0.5621448241598
 0.3514140499008
-0.5580623764582
 0.3569007896137
-0.5539300552245
 0.3623430237266
-0.5497482991527
 0.3677403288351
-0.5455175503956
 0.3730922852417
-0.5412382545414
 0.3783984769856
-0.5369108605894
 0.3836584918728
-0.5325358209260
 0.3888719215053
-0.5281135913005
 0.3940383613109
-0.5236446307999
 0.3991574105730
-0.5191294018240
 0.4042286724599
-0.5145683700600
 0.4092517540545
-0.5099620044567
 0.4142262663834
-0.5053107771986
 0.4191518244465
-0.5006151636790
 0.4240280472462
-0.4958756424742
 0.4288545578166
-0.4910926953157
 0.4336309832525
-0.4862668070631
 0.4383569547385
-0.4813984656767
 0.4430321075779
-0.4764881621892
 0.4476560812218
-0.4715363906774
 0.4522285192973
-0.4665436482338
 0.4567490696366
-0.4615104349373
 0.4612173843054
-0.4564372538240
 0.4656331196311
-0.4513246108578
 0.4699959362315
-0.4461730149001
 0.4743054990426
-0.4409829776796
 0.4785614773471
-0.4357550137617
 0.4827635448017
-0.4304896405175
 0.4869113794655
-0.4251873780925
 0.4910046638274
-0.4198487493748
 0.4950430848335
-0.4144742799633
 0.4990263339146
-0.4090644981351
 0.5029541070136
-0.4036199348133
 0.5068261046121
-0.3981411235334
 0.5106420317577
-0.3926286004103
 0.5144015980906
-0.3870829041048
 0.5181045178700
-0.3815045757888
 0.5217505100008
-0.3758941591117
 0.5253392980596
-0.3702522001653
 0.5288706103205
-0.3645792474490
 0.5323441797815
-0.3588758518339
 0.5357597441895
-0.3531425665275
 0.5391170460662
-0.3473799470375
 0.5424158327330
-0.3415885511353
 0.5456558563362
-0.3357689388193
 0.5488368738717
-0.3299216722776
 0.5519586472097
-0.3240473158508
 0.5550209431186
-0.3181464359941
 0.5580235332900
-0.3122196012392
 0.5609661943614
-0.3062673821557
 0.5638487079410
-0.3002903513122
 0.5666708606303
-0.2942890832378
 0.5694324440473
-0.2882641543816
 0.5721332548500
-0.2822161430738
 0.5747730947580
-0.2761456294849
 0.5773517705758
-0.2700531955856
 0.5798690942145
-0.2639394251059
 0.5823248827131
-0.2578049034938
 0.5847189582611
-0.2516502178738
 0.5870511482184
-0.2454759570056
 0.5893212851375
-0.2392827112411
 0.5915292067832
-0.2330710724827
 0.5936747561531
-0.2268416341401
 0.5957577814981
-0.2205949910875
 0.5977781363415
-0.2143317396197
 0.5997356794984
-0.2080524774089
 0.6016302750954
-0.2017578034604
 0.6034617925882
-0.1954483180681
 0.6052301067811
-0.1891246227700
 0.6069350978443
-0.1827873203031
 0.6085766513317
-0.1764370145584
 0.6101546581983
-0.1700743105348
 0.6116690148174
-0.1636998142936
 0.6131196229965
-0.1573141329121
 0.6145063899945
-0.1509178744373
 0.6158292285364
-0.1445116478389
 0.6170880568300
-0.1380960629623
 0.6182827985799
-0.1316717304812
 0.6194133830028
-0.1252392618501
 0.6204797448418
-0.1187992692564
 0.6214818243798
-0.1123523655716
 0.6224195674536
-0.1058991643039
 0.6232929254666
-0.0994402795484
 0.6241018554015
-0.0929763259387
 0.6248463198325
-0.0865079185974
 0.6255262869373
-0.0800356730866
 0.6261417305083
-0.0735602053583
 0.6266926299635
-0.0670821317038
 0.6271789703573
-0.0606020687043
 0.6276007423899
-0.0541206331794
 0.6279579424176
-0.0476384421369
 0.6282505724615
-0.0411561127219
 0.6284786402163
-0.0346742621650
 0.6286421590584
-0.0281935077313
 0.6287411480539
-0.0217144666688
 0.6287756319656
-0.0152377561559
 0.6287456412595
-0.0087639932500
 0.6286512121120
-0.0022937948346
 0.6284923864145
 0.0041722224328
 0.6282692117796
 0.0106334421735
 0.6279817415456
 0.0170892483409
 0.6276300347807
 0.0235390252731
 0.6272141562869
 0.0299821577463
 0.6267341766030
 0.0364180310285
 0.6261901720078
 0.0428460309327
 0.6255822245221
 0.0492655438713
 0.6249104219102
 0.0556759569093
 0.6241748576814
 0.0620766578190
 0.6233756310905
 0.0684670351339
 0.6225128471377
 0.0748464782034
 0.6215866165686
 0.0812143772469
 0.6205970558728
 0.0875701234090
 0.6195442872826
 0.0939131088135
 0.6184284387706
 0.1002427266194
 0.6172496440475
 0.1065583710747
 0.6160080425586
 0.1128594375724
 0.6147037794798
 0.1191453227053
 0.6133370057139
 0.1254154243215
 0.6119078778851
 0.1316691415796
 0.6104165583337
 0.1379058750042
 0.6088632151100
 0.1441250265415
 0.6072480219679
 0.1503259996151
 0.6055711583571
 0.1565081991811
 0.6038328094160
 0.1626710317844
 0.6020331659628
 0.1688139056142
 0.6001724244864
 0.1749362305597
 0.5982507871372
 0.1810374182659
 0.5962684617170
 0.1871168821900
 0.5942256616674
 0.1931740376563
 0.5921226060593
 0.1992083019130
 0.5899595195805
 0.2052190941873
 0.5877366325231
 0.2112058357420
 0.5854541807703
 0.2171679499307
 0.5831124057827
 0.2231048622539
 0.5807115545837
 0.2290160004149
 0.5782518797444
 0.2349007943752
 0.5757336393684
 0.2407586764108
 0.5731570970747
 0.2465890811672
 0.5705225219817
 0.2523914457153
 0.5678301886890
 0.2581652096073
 0.5650803772596
 0.2639098149312
 0.5622733732011
 0.2696247063673
 0.5594094674461
 0.2753093312427
 0.5564889563325
 0.2809631395865
 0.5535121415827
 0.2865855841855
 0.5504793302823
 0.2921761206383
 0.5473908348584
 0.2977342074108
 0.5442469730569
 0.3032593058907
 0.5410480679192
 0.3087508804417
 0.5377944477592
 0.3142083984584
 0.5344864461379
 0.3196313304204
 0.5311244018392
 0.3250191499461
 0.5277086588436
 0.3303713338469
 0.5242395663026
 0.3356873621811
 0.5207174785112
 0.3409667183067
 0.5171427548809
 0.3462088889356
 0.5135157599110
 0.3514133641862
 0.5098368631606
 0.3565796376364
 0.5061064392183
 0.3617072063763
 0.5023248676730
 0.3667955710609
 0.4984925330827
 0.3718442359617
 0.4946098249438
 0.3768527090195
 0.4906771376586
 0.3818205018953
 0.4866948705033
 0.3867471300222
 0.4826634275949
 0.3916321126564
 0.4785832178572
 0.3964749729283
 0.4744546549867
 0.4012752378928
 0.4702781574178
 0.4060324385795
 0.4660541482868
 0.4107461100433
 0.4617830553964
 0.4154157914132
 0.4574653111787
 0.4200410259425
 0.4531013526576
 0.4246213610570
 0.4486916214113
 0.4291563484044
 0.4442365635336
 0.4336455439019
 0.4397366295949
 0.4380885077847
 0.4351922746024
 0.4424848046535
 0.4306039579598
 0.4468340035214
 0.4259721434268
 0.4511356778610
 0.4212972990771
 0.4553894056510
 0.4165798972571
 0.4595947694217
 0.4118204145426
 0.4637513563011
 0.4070193316964
 0.4678587580601
 0.4021771336241
 0.4719165711569
 0.3972943093300
 0.4759243967819
 0.3923713518726
 0.4798818409013
 0.3874087583188
 0.4837885143006
 0.3824070296984
 0.4876440326276
 0.3773666709575
 0.4914480164353
 0.3722881909115
 0.4952000912234
 0.3671721021979
 0.4988998874805
 0.3620189212281
 0.5025470407250
 0.3568291681389
 0.5061411915455
 0.3516033667435
 0.5096819856415
 0.3463420444821
 0.5131690738623
 0.3410457323716
 0.5166021122470
 0.3357149649554
 0.5199807620622
 0.3303502802522
 0.5233046898408
 0.3249522197045
 0.5265735674190
 0.3195213281266
 0.5297870719739
 0.3140581536525
 0.5329448860592
 0.3085632476824
 0.5360466976416
 0.3030371648300
 0.5390922001361
 0.2974804628681
 0.5420810924406
 0.2918937026747
 0.5450130789701
 0.2862774481784
 0.5478878696903
 0.2806322663028
 0.5507051801508
 0.2749587269114
 0.5534647315173
 0.2692574027514
 0.5561662506034
 0.2635288693976
 0.5588094699021
 0.2577737051952
 0.5613941276160
 0.2519924912029
 0.5639199676877
 0.2461858111353
 0.5663867398287
 0.2403542513052
 0.5687941995485
 0.2344984005647
 0.5711421081826
 0.2286188502471
 0.5734302329198
 0.2227161941074
 0.5756583468291
 0.2167910282636
 0.5778262288860
 0.2108439511361
 0.5799336639978
 0.2048755633883
 0.5819804430283
 0.1988864678660
 0.5839663628226
 0.1928772695366
 0.5858912262299
 0.1868485754285
 0.5877548421264
 0.1808009945692
 0.5895570254382
 0.1747351379243
 0.5912975971617
 0.1686516183352
 0.5929763843851
 0.1625510504571
 0.5945932203083
 0.1564340506967
 0.5961479442621
 0.1503012371495
 0.5976404017274
 0.1441532295366
 0.5990704443523
 0.1379906491421
 0.6004379299704
 0.1318141187491
 0.6017427226166
 0.1256242625768
 0.6029846925434
 0.1194217062158
 0.6041637162357
 0.1132070765651
 0.6052796764255
 0.1069810017670
 0.6063324621054
 0.1007441111434
 0.6073219685420
 0.0944970351308
 0.6082480972872
 0.0882404052158
 0.6091107561909
 0.0819748538702
 0.6099098594109
 0.0757010144859
 0.6106453274233
 0.0694195213097
 0.6113170870318
 0.0631310093782
 0.6119250713762
 0.0568361144524
 0.6124692199403
 0.0505354729519
 0.6129494785589
 0.0442297218897
 0.6133657994244
 0.0379194988061
 0.6137181410919
 0.0316054417034
 0.6140064684848
 0.0252881889796
 0.6142307528980
 0.0189683793628
 0.6143909720023
 0.0126466518451
 0.6144871098459
 0.0063236456167
