 0.6145191568573
 0.0000000000000
 0.6124692199403
-0.0505354729519
 0.6063324621054
-0.1007441111434
 0.5961479442621
-0.1503012371495
 0.5819804430283
-0.1988864678660
 0.5639199676877
-0.2461858111353
 0.5420810924406
-0.2918937026747
 0.5166021122470
-0.3357149649554
 0.4876440326276
-0.3773666709575
 0.4553894056510
-0.4165798972571
 0.4200410259425
-0.4531013526576
 0.3818205018953
-0.4866948705033
 0.3409667183067
-0.5171427548809
 0.2977342074108
-0.5442469730569
 0.2523914457153
-0.5678301886890
 0.2052190941873
-0.5877366325231
 0.1565081991811
-0.6038328094160
 0.1065583710747
-0.6160080425586
 0.0556759569093
-0.6241748576814
 0.0041722224328
-0.6282692117796
-0.0476384421369
-0.6282505724615
-0.0994402795484
-0.6241018554015
-0.1509178744373
-0.6158292285364
-0.2017578034604
-0.6034617925882
-0.2516502178738
-0.5870511482184
-0.3002903513122
-0.5666708606303
-0.3473799470375
-0.5424158327330
-0.3926286004103
-0.5144015980906
-0.4357550137617
-0.4827635448017
-0.4764881621892
-0.4476560812218
-0.5145683700600
-0.4092517540545
-0.5497482991527
-0.3677403288351
-0.5817938504091
-0.3233278422183
-0.6104849821862
-0.2762356347849
-0.6356164486966
-0.2266993723236
-0.6569984630043
-0.1749680627337
-0.6744572895020
-0.1213030748542
-0.6878357712425
-0.0659771646696
-0.6969937978358
-0.0092735134833
-0.7018087198621
 0.0485152182026
-0.7021757158997
 0.1070878181942
-0.6980081183297
 0.1661354293984
-0.6892377040718
 0.2253424345810
-0.6758149563298
 0.2843873185043
-0.6577093032971
 0.3429435075655
-0.6349093395935
 0.4006801877163
-0.6074230359897
 0.4572631020682
-0.5752779427248
 0.5123553301719
-0.5385213914498
 0.5656180515087
-0.4972207005338
 0.6167112962416
-0.4514633881618
 0.6652946867652
-0.4013573973345
 0.7110281740448
-0.3470313365516
 0.7535727731784
-0.2886347396301
 0.7925913030343
-0.2263383477753
 0.8277491352280
-0.1603344166826
 0.8587149581110
-0.0908370511127
 0.8851615618465
-0.0180825690356
 0.9067666510664
 0.0576701029054
 0.9232136920277
 0.1361390012171
 0.9341928016340
 0.2170186636401
 0.9394016861592
 0.2999796328493
 0.9385466380179
 0.3846679255339
 0.9313435994643
 0.4707044670492
 0.9175193026960
 0.5576844923054
 0.8968124964717
 0.6451769140678
 0.8689752700565
 0.7327236604160
 0.8337744860622
 0.8198389837446
 0.7909933345901
 0.9060087444060
 0.7404330219836
 0.9906896729154
 0.6819146084934
 1.0733086155642
 0.6152810102259
 1.1532617693613
 0.5403991819123
 1.2299139134407
 0.4571624982820
 1.3025976454891
 0.3654933531662
 1.3706126333623
 0.2653459968817
 1.4332248939228
 0.1567096339426
 1.4896661132683
 0.0396118047165
 1.5391330249626
-0.0858779237509
 1.5807868656694
-0.2196439308871
 1.6137529307549
-0.3615201512552
 1.6371202560021
-0.5112852887160
 1.6499414555911
-0.6686576046639
 1.6512327509662
-0.8332892477088
 1.6399742301308
-1.0047600912860
 1.6151103822637
-1.1825710452308
 1.5755509582717
-1.3661368075102
 1.5201722138888
-1.5547780232477
 1.4478185980023
-1.7477128201474
 1.3573049547821
-1.9440476926778
 1.2474193134783
-2.1427677122380
 1.1169263438713
-2.3427260473460
 0.9645715574693
-2.5426327870641
 0.7890863335158
-2.7410430728263
 0.5891938431352
-2.9363445590062
 0.3636159323803
-3.1267442413930
 0.1110810027210
-3.3102547156066
-0.1696671081897
-3.4846799546905
 0.1110810027210
 3.3102547156066
 0.3636159323803
 3.1267442413930
 0.5891938431352
 2.9363445590062
 0.7890863335158
 2.7410430728263
 0.9645715574693
 2.5426327870641
 1.1169263438713
 2.3427260473460
 1.2474193134783
 2.1427677122380
 1.3573049547821
 1.9440476926778
 1.4478185980023
 1.7477128201474
 1.5201722138888
 1.5547780232477
 1.5755509582717
 1.3661368075102
 1.6151103822637
 1.1825710452308
 1.6399742301308
 1.0047600912860
 1.6512327509662
 0.8332892477088
 1.6499414555911
 0.6686576046639
 1.6371202560021
 0.5112852887160
 1.6137529307549
 0.3615201512552
 1.5807868656694
 0.2196439308871
 1.5391330249626
 0.0858779237509
 1.4896661132683
-0.0396118047165
 1.4332248939228
-0.1567096339426
 1.3706126333623
-0.2653459968817
 1.3025976454891
-0.3654933531662
 1.2299139134407
-0.4571624982820
 1.1532617693613
-0.5403991819123
 1.0733086155642
-0.6152810102259
 0.9906896729154
-0.6819146084934
 0.9060087444060
-0.7404330219836
 0.8198389837446
-0.7909933345901
 0.7327236604160
-0.8337744860622
 0.6451769140678
-0.8689752700565
 0.5576844923054
-0.8968124964717
 0.4707044670492
-0.9175193026960
 0.3846679255339
-0.9313435994643
 0.2999796328493
-0.9385466380179
 0.2170186636401
-0.9394016861592
 0.1361390012171
-0.9341928016340
 0.0576701029054
-0.9232136920277
-0.0180825690356
-0.9067666510664
-0.0908370511127
-0.8851615618465
-0.1603344166826
-0.8587149581110
-0.2263383477753
-0.8277491352280
-0.2886347396301
-0.7925913030343
-0.3470313365516
-0.7535727731784
-0.4013573973345
-0.7110281740448
-0.4514633881618
-0.6652946867652
-0.4972207005338
-0.6167112962416
-0.5385213914498
-0.5656180515087
-0.5752779427248
-0.5123553301719
-0.6074230359897
-0.4572631020682
-0.6349093395935
-0.4006801877163
-0.6577093032971
-0.3429435075655
-0.6758149563298
-0.2843873185043
-0.6892377040718
-0.2253424345810
-0.6980081183297
-0.1661354293984
-0.7021757158997
-0.1070878181942
-0.7018087198621
-0.0485152182026
-0.6969937978358
 0.0092735134833
-0.6878357712425
 0.0659771646696
-0.6744572895020
 0.1213030748542
-0.6569984630043
 0.1749680627337
-0.6356164486966
 0.2266993723236
-0.6104849821862
 0.2762356347849
-0.5817938504091
 0.3233278422183
-0.5497482991527
 0.3677403288351
-0.5145683700600
 0.4092517540545
-0.4764881621892
 0.4476560812218
-0.4357550137617
 0.4827635448017
-0.3926286004103
 0.5144015980906
-0.3473799470375
 0.5424158327330
-0.3002903513122
 0.5666708606303
-0.2516502178738
 0.5870511482184
-0.2017578034604
 0.6034617925882
-0.1509178744373
 0.6158292285364
-0.0994402795484
 0.6241018554015
-0.0476384421369
 0.6282505724615
 0.0041722224328
 0.6282692117796
 0.0556759569093
 0.6241748576814
 0.1065583710747
 0.6160080425586
 0.1565081991811
 0.6038328094160
 0.2052190941873
 0.5877366325231
 0.2523914457153
 0.5678301886890
 0.2977342074108
 0.5442469730569
 0.3409667183067
 0.5171427548809
 0.3818205018953
 0.4866948705033
 0.4200410259425
 0.4531013526576
 0.4553894056510
 0.4165798972571
 0.4876440326276
 0.3773666709575
 0.5166021122470
 0.3357149649554
 0.5420810924406
 0.2918937026747
 0.5639199676877
 0.2461858111353
 0.5819804430283
 0.1988864678660
 0.5961479442621
 0.1503012371495
 0.6063324621054
 0.1007441111434
 0.6124692199403
 0.0505354729519
