 0.6145191568573
 0.0000000000000
 0.4876440326276
-0.3773666709575
 0.1565081991811
-0.6038328094160
-0.2516502178738
-0.5870511482184
-0.5817938504091
-0.3233278422183
-0.7021757158997
 0.1070878181942
-0.5385213914498
 0.5656180515087
-0.0908370511127
 0.8851615618465
 0.5576844923054
 0.8968124964717
 1.2299139134407
 0.4571624982820
 1.6371202560021
-0.5112852887160
 1.3573049547821
-1.9440476926778
-0.1696671081897
-3.4846799546904
 1.3573049547821
 1.9440476926778
 1.6371202560021
 0.5112852887160
 1.2299139134407
-0.4571624982820
 0.5576844923054
-0.8968124964717
-0.0908370511127
-0.8851615618465
-0.5385213914498
-0.5656180515087
-0.7021757158997
-0.1070878181942
-0.5817938504091
 0.3233278422183
-0.2516502178738
 0.5870511482184
 0.1565081991811
 0.6038328094160
 0.4876440326276
 0.3773666709575
