 0.4608653853687
 0.0000000000000
 0.4177740530546
-0.1961965795985
 0.2961489461621
-0.3568629504565
 0.1173913429277
-0.4528739536307
-0.0874831226094
-0.4663671407730
-0.2833372046248
-0.3931335074738
-0.4363704645966
-0.2425065650181
-0.5185460100574
-0.0354036508139
-0.5106112711073
 0.1985740564176
-0.4038753167239
 0.4242177901376
-0.2012004214377
 0.6035424315428
 0.0822716237280
 0.6983188332023
 0.4182218884928
 0.6725579926718
 0.7637998398027
 0.4954414242154
 1.0597122152275
 0.1454279300720
 1.2279026141177
-0.3834289752759
 1.1693752716806
-1.0714577148279
 0.7634877187683
-1.8574196285918
-0.1284105550342
-2.6132941199978
 0.7634877187683
 1.8574196285918
 1.1693752716806
 1.0714577148279
 1.2279026141177
 0.3834289752759
 1.0597122152275
-0.1454279300720
 0.7637998398027
-0.4954414242154
 0.4182218884928
-0.6725579926718
 0.0822716237280
-0.6983188332023
-0.2012004214377
-0.6035424315428
-0.4038753167239
-0.4242177901376
-0.5106112711073
-0.1985740564176
-0.5185460100574
 0.0354036508139
-0.4363704645966
 0.2425065650181
-0.2833372046248
 0.3931335074738
-0.0874831226094
 0.4663671407730
 0.1173913429277
 0.4528739536307
 0.2961489461621
 0.3568629504565
 0.4177740530546
 0.1961965795985
