629
-5062496
-2703956
4750809
7520827
-4290932
-29221038
629
-3161613
-5062496
-4915458
-2703956
908593
4750809
7430051
7520827
3835115
-4290932
-16308882
-29221038
472
-1646164
-2989777
-3800968
-3907674
-3293474
-2023871
-287251
1670645
3563106
5070642
5857364
5644716
4154126
1221693
-3218199
-8985427
-15580402
-21913731
629
-1670572
-3161613
-4341411
-5062496
-5259313
-4915458
-4039102
-2703956
-1008307
908593
2882911
4750809
6332061
7430051
7880926
7520827
6210464
3835115
337397
-4290932
-9918858
-16308882
-22994136
-29221038
393
-835204
-1621675
-2301674
-2826044
-3162012
-3284996
-3194990
-2891986
-2375980
-1687924
-852391
81472
1064516
2047590
2973351
3784454
4415360
4808721
4923573
4702565
4096536
3072708
1606492
-318509
-2685928
-5454825
-8551493
-11861267
-15187565
-18243693
472
-843315
-1646164
-2375305
-2989777
-3473191
-3800968
-3948528
-3907674
-3686593
-3293474
-2728312
-2023871
-1204723
-287251
679397
1670645
2645535
3563106
4390591
5070642
5578682
5857364
5890300
5644716
5071455
4154126
2876337
1221693
-809815
-3218199
-5954320
-8985427
-12229613
-15580402
-18882163
-21913731
629
-843155
-1670572
-2448853
-3161613
-3800658
-4341411
-4759294
-5062496
-5234631
-5259313
-5161115
-4915458
-4538724
-4039102
-3424783
-2703956
-1893003
-1008307
-66250
908593
1899838
2882911
3841426
4750809
5586482
6332061
6954776
7430051
7741499
7880926
7815562
7520827
6996718
6210464
5162059
3835115
2229628
337397
-1841581
-4290932
-6986085
-9918858
-13040107
-16308882
-19651464
-22994136
-26230412
-29221038
354
-425634
-835245
-1236671
-1605336
-1949432
-2244381
-2498374
-2703221
-2850726
-2940889
-2957326
-2924611
-2834551
-2678954
-2466010
-2195718
-1884461
-1515855
-1114475
-680320
-213390
269932
761454
1261176
1744523
2227878
2678474
3096310
3481386
3809125
4079528
4276209
4399167
4432018
4382953
4235585
3973531
3604980
3121739
2507422
1778410
918318
-72856
-1178732
-2407505
-3759176
-5200982
-6741118
-8346819
-10009897
-11689397
-13352555
-14950222
-16433251
393
-425594
-835204
-1244821
-1621675
-1982152
-2301674
-2588433
-2826044
-3022698
-3162012
-3260367
-3284996
-3268665
-3194990
-3072161
-2891986
-2654465
-2375980
-2048339
-1687924
-1286545
-852391
-393655
81472
564799
1064516
1556050
2047590
2522755
2973351
3399379
3784454
4120384
4415360
4652998
4808721
4907105
4923573
4858124
4702565
4448703
4096536
3637871
3072708
2392851
1606492
705437
-318509
-1448963
-2685928
-4021215
-5454825
-6970378
-8551493
-10189980
-11861267
-13532589
-15187565
-16768855
-18243693
472
-425515
-843315
-1252929
-1646164
-2023020
-2375305
-2703019
-2989777
-3251962
-3473191
-3661654
-3800968
-3899323
-3948528
-3948581
-3907674
-3817614
-3686593
-3506419
-3293474
-3031375
-2728312
-2392477
-2023871
-1630684
-1204723
-754182
-287251
187878
679397
1179114
1670645
2162183
2645535
3120702
3563106
3989133
4390591
4751094
5070642
5349236
5578682
5742597
5857364
5906599
5890300
5808467
5644716
5399046
5071455
4661944
4154126
3564385
2876337
2098170
1221693
246904
-809815
-1973040
-3218199
-4545291
-5954320
-7437095
-8985427
-10591124
-12229613
-13900897
-15580402
-17251746
-18882163
-20447080
-21913731
590
-425396
-843195
-1260998
-1662422
-2055657
-2432513
-2792989
-3137084
-3448415
-3743365
-4005550
-4243162
-4439816
-4611896
-4751210
-4849565
-4915153
-4931590
-4923451
-4882544
-4800677
-4677848
-4530443
-4333884
-4112747
-3858840
-3572162
-3252713
-2908686
-2531887
-2138700
-1720933
-1286778
-828043
-361112
114016
605534
1097055
1596774
2088306
2579843
3071386
3546549
4013526
4455931
4881957
5291605
5668489
6020802
6340351
6618944
6864773
7069646
7217178
7323754
7381180
7389456
7332199
7225791
7053848
6816369
6513355
6144804
5702524
5194706
4613158
3949686
3220675
2409739
1525069
558473
-473667
-1587735
-2775540
-4028892
-5347791
-6740431
-8182237
-9689594
-11246119
-12843623
-14473913
-16128799
-17808284
-19487792
-21159132
-22797732
-24403590
-25952135
-27402406
629
-425357
-843155
-1260958
-1670572
-2063807
-2448853
-2817519
-3161613
-3497518
-3800658
-4079225
-4341411
-4562639
-4759294
-4931374
-5062496
-5169043
-5234631
-5267452
-5259313
-5226598
-5161115
-5054671
-4915458
-4743475
-4538724
-4309394
-4039102
-3744232
-3424783
-3080755
-2703956
-2310769
-1893003
-1458849
-1008307
-549568
-66250
417073
908593
1400117
1899838
2391372
2882911
3366262
3841426
4308403
4750809
5185027
5586482
5971557
6332061
6659800
6954776
7208796
7430051
7618541
7741499
7839883
7880926
7872819
7815562
7700962
7520827
7291541
6996718
6636360
6210464
5719030
5162059
4531357
3835115
3065142
2229628
1312188
337397
-719320
-1841581
-3029388
-4290932
-5609830
-6986085
-8427889
-9918858
-11458995
-13040107
-14662197
-16308882
-17971971
-19651464
-21330980
-22994136
-24632741
-26230412
-27770766
-29221038
354
-212639
-425634
-630438
-835245
-1040053
-1236671
-1425099
-1605336
-1777383
-1949432
-2096905
-2244381
-2375473
-2498374
-2604893
-2703221
-2785165
-2850726
-2899903
-2940889
-2957300
-2957326
-2949161
-2924611
-2883677
-2834551
-2760849
-2678954
-2580674
-2466010
-2334960
-2195718
-2048282
-1884461
-1704255
-1515855
-1319262
-1114475
-901495
-680320
-450952
-213390
24174
269932
515692
761454
1007218
1261176
1506944
1744523
1990295
2227878
2457271
2678474
2891487
3096310
3292943
3481386
3645255
3809125
3948422
4079528
4186060
4276209
4341783
4399167
4423784
4432018
4423869
4382953
4325653
4235585
4120942
3973531
3809736
3604980
3375648
3121739
2826869
2507422
2155205
1778410
1360653
918318
443212
-72856
-613505
-1178732
-1784924
-2407505
-3071050
-3759176
-4463692
-5200982
-5962854
-6741118
-7535772
-8346819
-9174258
-10009897
-10845547
-11689397
-12525067
-13352555
-14163670
-14950222
-15712210
-16433251
393
-212600
-425594
-630398
-835204
-1040012
-1244821
-1433247
-1621675
-1801913
-1982152
-2146008
-2301674
-2449149
-2588433
-2711334
-2826044
-2932563
-3022698
-3096451
-3162012
-3219381
-3260367
-3284970
-3284996
-3285023
-3268665
-3244115
-3194990
-3137672
-3072161
-2982074
-2891986
-2777322
-2654465
-2523415
-2375980
-2220352
-2048339
-1876324
-1687924
-1491331
-1286545
-1073565
-852391
-631216
-393655
-164284
81472
319039
564799
818753
1064516
1310282
1556050
1801819
2047590
2285172
2522755
2752148
2973351
3186364
3399379
3596011
3784454
3956514
4120384
4276063
4415360
4538274
4652998
4743147
4808721
4866105
4907105
4923531
4923573
4907232
4858124
4792632
4702565
4587922
4448703
4284907
4096536
3883588
3637871
3367578
3072708
2753260
2392851
2016057
1606492
1164158
705437
205753
-318509
-867350
-1448963
-2055156
-2685928
-3341281
-4021215
-4725729
-5454825
-6200311
-6970378
-7756836
-8551493
-9370733
-10189980
-11025619
-11861267
-12696923
-13532589
-14368264
-15187565
-15990492
-16768855
-17530844
-18243693
472
-212521
-425515
-630318
-843315
-1048121
-1252929
-1449546
-1646164
-1834592
-2023020
-2203258
-2375305
-2539162
-2703019
-2850493
-2989777
-3129061
-3251962
-3366672
-3473191
-3571518
-3661654
-3735407
-3800968
-3850145
-3899323
-3923925
-3948528
-3948554
-3948581
-3932223
-3907674
-3866740
-3817614
-3760296
-3686593
-3604698
-3506419
-3408139
-3293474
-3162425
-3031375
-2883940
-2728312
-2564491
-2392477
-2212271
-2023871
-1827278
-1630684
-1417704
-1204723
-983549
-754182
-524813
-287251
-49687
187878
433637
679397
925158
1179114
1424879
1670645
1916413
2162183
2407954
2645535
2883118
3120702
3341903
3563106
3784311
3989133
4193957
4390591
4570841
4751094
4914963
5070642
5218130
5349236
5472150
5578682
5668831
5742597
5808172
5857364
5890173
5906599
5906641
5890300
5857575
5808467
5734784
5644716
5530073
5399046
5243443
5071455
4874892
4661944
4416227
4154126
3875640
3564385
3228554
2876337
2499542
2098170
1672221
1221693
746588
246904
-269166
-809815
-1383234
-1973040
-2579234
-3218199
-3873551
-4545291
-5241612
-5954320
-6691610
-7437095
-8207162
-8985427
-9780080
-10591124
-11402173
-12229613
-13065252
-13900897
-14744742
-15580402
-16416070
-17251746
-18071046
-18882163
-19676905
-20447080
-21200881
-21913731
492
-212501
-425495
-630298
-843295
-1048101
-1252908
-1449525
-1646143
-1842762
-2031190
-2211428
-2383474
-2555522
-2719379
-2875044
-3022519
-3161803
-3292895
-3415797
-3530507
-3637026
-3735353
-3817297
-3891050
-3956611
-4013980
-4054966
-4087760
-4112362
-4112389
-4112415
-4096058
-4079700
-4046959
-3997833
-3940515
-3875005
-3801302
-3711215
-3612935
-3506463
-3383606
-3260748
-3121506
-2974071
-2818443
-2654622
-2482608
-2302401
-2114001
-1917408
-1712622
-1507835
-1286662
-1073681
-844314
-614945
-377383
-139820
97744
343502
589262
835023
1080785
1326549
1580507
1826274
2072042
2317812
2555392
2801165
3030556
3268140
3489342
3718737
3931750
4144764
4341396
4538029
4726471
4906723
5070592
5234463
5381951
5521248
5644162
5758885
5857226
5947375
6012950
6070333
6119525
6144142
6160568
6160611
6136078
6103353
6046053
5972370
5882302
5767659
5636632
5489221
5317233
5120670
4907722
4678390
4424481
4145995
3842933
3523485
3179461
2810859
2425872
2008116
1573973
1115253
640147
132271
-391992
-940833
-1506060
-2104059
-2718445
-3349218
-4004570
-4676310
-5372630
-6085338
-6814434
-7559919
-8321793
-9100055
-9894707
-10697556
-11508603
-12327848
-13163484
-13999125
-14834774
-15678621
-16514284
-17349954
-18177441
-18996743
-19807861
-20602604
-21372781
-22126582
-22839433
531
-212462
-425456
-630259
-843255
-1048061
-1252867
-1457675
-1654292
-1850911
-2039338
-2227767
-2408004
-2588243
-2752099
-2915955
-3071621
-3227287
-3366571
-3505855
-3628756
-3751658
-3858176
-3956503
-4054831
-4136775
-4210528
-4276089
-4325266
-4374444
-4407238
-4431840
-4448251
-4440085
-4431920
-4415562
-4391013
-4358271
-4309145
-4251827
-4186317
-4104422
-4022527
-3924247
-3817775
-3703110
-3580253
-3441011
-3301768
-3154333
-2990513
-2826692
-2654678
-2466279
-2277879
-2089478
-1884692
-1679905
-1466924
-1245751
-1024576
-795209
-565840
-328277
-90714
155043
400801
638369
892322
1138084
1383848
1637805
1883572
2129340
2375109
2620880
2858460
3096042
3333625
3563017
3792411
4013615
4226627
4439641
4644465
4841097
5029540
5209791
5381851
5545721
5701400
5848888
5988186
6111100
6225823
6324164
6414313
6479888
6545463
6594655
6627464
6643889
6652123
6643974
6619441
6578525
6521225
6439349
6349282
6242831
6111804
5964392
5800597
5612226
5407470
5186330
4940613
4678512
4391834
4088772
3761132
3417108
3048506
2663519
2253955
1828005
1377477
902372
410881
-105189
-637644
-1194678
-1768099
-2366098
-2980484
-3619449
-4274801
-4946541
-5634668
-6339183
-7068278
-7805569
-8559248
-9329316
-10115772
-10910426
-11713276
-12524324
-13351762
-14179205
-15014846
-15850494
-16694340
-17530000
-18373860
-19201342
-20028832
-20839946
-21642875
-22429429
-23199607
-23937025
-24658068
590
-212403
-425396
-630199
-843195
-1056192
-1260998
-1465805
-1662422
-1859039
-2055657
-2244085
-2432513
-2620942
-2792989
-2965036
-3137084
-3292749
-3448415
-3595890
-3743365
-3874457
-4005550
-4128452
-4243162
-4341488
-4439816
-4529952
-4611896
-4685649
-4751210
-4800387
-4849565
-4890551
-4915153
-4931563
-4931590
-4939808
-4923451
-4907094
-4882544
-4841610
-4800677
-4743359
-4677848
-4612338
-4530443
-4440355
-4333884
-4227411
-4112747
-3989889
-3858840
-3719597
-3572162
-3416534
-3252713
-3080700
-2908686
-2720287
-2531887
-2343486
-2138700
-1933913
-1720933
-1507952
-1286778
-1057411
-828043
-598674
-361112
-123548
114016
359774
605534
851294
1097055
1342818
1596774
1842540
2088306
2334074
2579843
2825614
3071386
3308967
3546549
3775941
4013526
4234728
4455931
4677136
4881957
5086781
5291605
5480046
5668489
5848741
6020802
6184671
6340351
6487839
6618944
6750050
6864773
6971305
7069646
7151604
7217178
7274561
7323754
7356562
7381180
7389414
7389456
7364923
7332199
7291282
7225791
7143915
7053848
6947396
6816369
6677150
6513355
6341368
6144804
5931856
5702524
5456807
5194706
4908028
4613158
4293711
3949686
3597469
3220675
2819303
2409739
1975597
1525069
1049964
558473
50596
-473667
-1022508
-1587735
-2169348
-2775540
-3389927
-4028892
-4676052
-5347791
-6035918
-6740431
-7453140
-8182237
-8927722
-9689594
-10459663
-11246119
-12040773
-12843623
-13654669
-14473913
-15301353
-16128799
-16964443
-17808284
-18643939
-19487792
-20323459
-21159132
-21978429
-22797732
-23608849
-24403590
-25190147
-25952135
-26681362
-27402406
629
-212363
-425357
-638351
-843155
-1056152
-1260958
-1465764
-1670572
-1867189
-2063807
-2260425
-2448853
-2637281
-2817519
-2989565
-3161613
-3333661
-3497518
-3653183
-3800658
-3948133
-4079225
-4210318
-4341411
-4456121
-4562639
-4669158
-4759294
-4849429
-4931374
-5005127
-5062496
-5119865
-5169043
-5201837
-5234631
-5259233
-5267452
-5267478
-5259313
-5251147
-5226598
-5193856
-5161115
-5111989
-5054671
-4989160
-4915458
-4833563
-4743475
-4645196
-4538724
-4432251
-4309394
-4178344
-4039102
-3899859
-3744232
-3588604
-3424783
-3252769
-3080755
-2892356
-2703956
-2507363
-2310769
-2105982
-1893003
-1680022
-1458849
-1237674
-1008307
-778938
-549568
-312006
-66250
171315
417073
662833
908593
1154355
1400117
1645881
1899838
2145604
2391372
2637141
2882911
3128682
3366262
3603843
3841426
4079010
4308403
4529605
4750809
4972013
5185027
5389850
5586482
5783115
5971557
6151808
6332061
6495930
6659800
6807288
6954776
7085882
7208796
7323519
7430051
7528392
7618541
7684116
7741499
7798883
7839883
7864501
7880926
7880968
7872819
7848286
7815562
7758262
7700962
7619086
7520827
7414376
7291541
7152322
6996718
6824731
6636360
6431604
6210464
5972939
5719030
5448737
5162059
4858996
4531357
4195525
3835115
3458321
3065142
2655577
2229628
1779100
1312188
837081
337397
-186864
-719320
-1268162
-1841581
-2431387
-3029388
-3651966
-4290932
-4938092
-5609830
-6289764
-6986085
-7698793
-8427889
-9165180
-9918858
-10680732
-11458995
-12245453
-13040107
-13842958
-14662197
-15481441
-16308882
-17136328
-17971971
-18807619
-19651464
-20487123
-21330980
-22166651
-22994136
-23813435
-24632741
-25435669
-26230412
-27008777
-27770766
-28499994
-29221038
354
-106142
-212639
-319136
-425634
-523940
-630438
-736937
-835245
-941745
-1040053
-1138362
-1236671
-1326789
-1425099
-1515217
-1605336
-1695455
-1777383
-1867503
-1949432
-2023168
-2096905
-2170643
-2244381
-2309927
-2375473
-2441020
-2498374
-2555730
-2604893
-2654057
-2703221
-2744193
-2785165
-2817945
-2850726
-2875315
-2899903
-2924492
-2940889
-2949094
-2957300
-2957313
-2957326
-2957339
-2949161
-2940982
-2924611
-2908240
-2883677
-2859114
-2834551
-2801796
-2760849
-2719901
-2678954
-2629814
-2580674
-2523342
-2466010
-2400485
-2334960
-2269435
-2195718
-2122000
-2048282
-1966372
-1884461
-1794358
-1704255
-1614151
-1515855
-1417559
-1319262
-1220965
-1114475
-1007985
-901495
-786812
-680320
-565637
-450952
-336267
-213390
-98705
24174
147052
269932
392811
515692
638572
761454
884335
1007218
1130100
1261176
1384060
1506944
1629829
1744523
1867409
1990295
2104990
2227878
2342574
2457271
2563776
2678474
2784980
2891487
2997994
3096310
3194626
3292943
3383068
3481386
3563320
3645255
3727190
3809125
3882869
3948422
4013975
4079528
4136890
4186060
4235230
4276209
4308996
4341783
4374571
4399167
4415572
4423784
4431997
4432018
4432039
4423869
4407507
4382953
4358399
4325653
4284715
4235585
4178264
4120942
4047237
3973531
3891633
3809736
3711454
3604980
3498506
3375648
3252789
3121739
2982496
2826869
2671241
2507422
2335409
2155205
1975000
1778410
1573628
1360653
1139486
918318
680766
443212
189274
-72856
-334988
-613505
-892022
-1178732
-1473636
-1784924
-2096214
-2407505
-2735181
-3071050
-3406920
-3759176
-4111433
-4463692
-4832336
-5200982
-5577821
-5962854
-6347889
-6741118
-7134348
-7535772
-7945391
-8346819
-8764633
-9174258
-9592076
-10009897
-10427721
-10845547
-11263375
-11689397
-12107231
-12525067
-12934713
-13352555
-13754015
-14163670
-14556945
-14950222
-15335310
-15712210
-16072728
-16433251
393
-106103
-212600
-319097
-425594
-523900
-630398
-736897
-835204
-941704
-1040012
-1146512
-1244821
-1343130
-1433247
-1531557
-1621675
-1711794
-1801913
-1892032
-1982152
-2064080
-2146008
-2219745
-2301674
-2375411
-2449149
-2514695
-2588433
-2645787
-2711334
-2768689
-2826044
-2883399
-2932563
-2973535
-3022698
-3063671
-3096451
-3137423
-3162012
-3194793
-3219381
-3243970
-3260367
-3268572
-3284970
-3293175
-3284996
-3285009
-3285023
-3276844
-3268665
-3260486
-3244115
-3219553
-3194990
-3170427
-3137672
-3104916
-3072161
-3031214
-2982074
-2941126
-2891986
-2834654
-2777322
-2719990
-2654465
-2588940
-2523415
-2449697
-2375980
-2302262
-2220352
-2138441
-2048339
-1966427
-1876324
-1778028
-1687924
-1589628
-1491331
-1393034
-1286545
-1180055
-1073565
-967074
-852391
-745899
-631216
-516531
-393655
-278970
-164284
-41406
81472
204351
319039
441918
564799
695871
818753
941634
1064516
1187399
1310282
1433166
1556050
1678934
1801819
1924705
2047590
2170477
2285172
2408059
2522755
2637451
2752148
2858654
2973351
3079858
3186364
3292871
3399379
3497695
3596011
3686136
3784454
3874580
3956514
4046640
4120384
4202319
4276063
4349807
4415360
4480913
4538274
4595636
4652998
4693976
4743147
4784126
4808721
4841509
4866105
4890701
4907105
4915318
4923531
4931744
4923573
4915403
4907232
4882678
4858124
4825378
4792632
4751695
4702565
4645243
4587922
4522408
4448703
4374997
4284907
4194818
4096536
3990062
3883588
3768922
3637871
3506821
3367578
3228335
3072708
2917080
2753260
2573056
2392851
2212646
2016057
1811275
1606492
1393517
1164158
934798
705437
459692
205753
-48185
-318509
-588833
-867350
-1154060
-1448963
-1743867
-2055156
-2366446
-2685928
-3005412
-3341281
-3677151
-4021215
-4373471
-4725729
-5086181
-5454825
-5823471
-6200311
-6585344
-6970378
-7355414
-7756836
-8150068
-8551493
-8961112
-9370733
-9780355
-10189980
-10607799
-11025619
-11443442
-11861267
-12279094
-12696923
-13114755
-13532589
-13950425
-14368264
-14777913
-15187565
-15589027
-15990492
-16383768
-16768855
-17153944
-17530844
-17891363
-18243693
442
-106054
-212550
-319047
-425545
-532042
-630348
-736847
-843345
-941653
-1048152
-1146460
-1244768
-1343077
-1441386
-1539695
-1638005
-1736314
-1826433
-1916551
-2006670
-2096789
-2178717
-2268837
-2350765
-2432693
-2514622
-2588359
-2662096
-2735834
-2809572
-2875118
-2940664
-3006210
-3063565
-3120920
-3178275
-3235631
-3284794
-3333958
-3374930
-3415902
-3456874
-3497846
-3530627
-3563407
-3587996
-3612585
-3637174
-3653571
-3669968
-3686365
-3694570
-3702775
-3702788
-3702802
-3702815
-3694636
-3686457
-3678279
-3661908
-3645537
-3620974
-3596411
-3571848
-3539093
-3506338
-3473583
-3432635
-3391688
-3350740
-3301601
-3252461
-3195129
-3145988
-3080464
-3023131
-2957607
-2892082
-2826556
-2752839
-2679121
-2597212
-2523493
-2441583
-2351480
-2269569
-2179466
-2089363
-1991067
-1900963
-1802667
-1704370
-1606073
-1499584
-1393094
-1286604
-1180114
-1073623
-958940
-852448
-737765
-623081
-508396
-385519
-270834
-147956
-33270
89608
212487
335366
458246
581126
704007
826888
949769
1072651
1195533
1318415
1449490
1572374
1695258
1818142
1941027
2063912
2186797
2301491
2424378
2547264
2661960
2776655
2891352
3006048
3120745
3235442
3341948
3456646
3563153
3669660
3767975
3874483
3972800
4071116
4161241
4251367
4341492
4431618
4513553
4603680
4677423
4759359
4833103
4898655
4964208
5029761
5095314
5152676
5201846
5259208
5300186
5341165
5373952
5414931
5439527
5472315
5496911
5513315
5529720
5537933
5546146
5546167
5537996
5529825
5521655
5505293
5480739
5456185
5423439
5382501
5341563
5292434
5235112
5177790
5112277
5046763
4973058
4891160
4801070
4710981
4612699
4506225
4399751
4285085
4162227
4031176
3900126
3760883
3613448
3457820
3302193
3138373
2966361
2786156
2605951
2417554
2220965
2016183
1811400
1598425
1377258
1147898
910345
672792
427047
173109
-89022
-351154
-621478
-899995
-1186705
-1473415
-1768319
-2071415
-2382704
-2693994
-3013476
-3341152
-3668829
-4004699
-4348762
-4701018
-5053275
-5405533
-5765984
-6134629
-6511467
-6880114
-7265147
-7650181
-8035216
-8428445
-8829867
-9231291
-9632716
-10034143
-10443763
-10853385
-11271201
-11680827
-12098646
-12516467
-12942483
-13360308
-13778135
-14195964
-14621987
-15039820
-15457655
-15875492
-16285140
-16702981
-17112634
-17514096
-17915561
-18317028
-18710306
-19095394
-19472292
-19849194
-20209713
-20562044
472
-106024
-212521
-319018
-425515
-532012
-630318
-736817
-843315
-941622
-1048121
-1146429
-1252929
-1351237
-1449546
-1547855
-1646164
-1744474
-1834592
-1932902
-2023020
-2113139
-2203258
-2285186
-2375305
-2457233
-2539162
-2621090
-2703019
-2776756
-2850493
-2924231
-2989777
-3063515
-3129061
-3194607
-3251962
-3309317
-3366672
-3424027
-3473191
-3522354
-3571518
-3620682
-3661654
-3694434
-3735407
-3768187
-3800968
-3825556
-3850145
-3874734
-3899323
-3915720
-3923925
-3940322
-3948528
-3956733
-3948554
-3948567
-3948581
-3940402
-3932223
-3915852
-3907674
-3883111
-3866740
-3842177
-3817614
-3784859
-3760296
-3719349
-3686593
-3645646
-3604698
-3555559
-3506419
-3457279
-3408139
-3350807
-3293474
-3227950
-3162425
-3096900
-3031375
-2957657
-2883940
-2810222
-2728312
-2646402
-2564491
-2482580
-2392477
-2302374
-2212271
-2122167
-2023871
-1925574
-1827278
-1728981
-1630684
-1524194
-1417704
-1311214
-1204723
-1090041
-983549
-868866
-754182
-639498
-524813
-410128
-287251
-172565
-49687
73191
187878
310757
433637
556516
679397
802277
925158
1056232
1179114
1301996
1424879
1547762
1670645
1793529
1916413
2039298
2162183
2285068
2407954
2530840
2645535
2768422
2883118
2997813
3120702
3227206
3341903
3456601
3563106
3677805
3784311
3890818
3989133
4095641
4193957
4292274
4390591
4480716
4570841
4660967
4751094
4833028
4914963
4996898
5070642
5144386
5218130
5283683
5349236
5406597
5472150
5521320
5578682
5627853
5668831
5709810
5742597
5775385
5808172
5832768
5857364
5873769
5890173
5906578
5906599
5914812
5906641
5906662
5890300
5882130
5857575
5833021
5808467
5775721
5734784
5693846
5644716
5587395
5530073
5464559
5399046
5325340
5243443
5161545
5071455
4973174
4874892
4768418
4661944
4539086
4416227
4293369
4154126
4014883
3875640
3720013
3564385
3400566
3228554
3056541
2876337
2687939
2499542
2302952
2098170
1885196
1672221
1451053
1221693
984141
746588
500842
246904
-7035
-269166
-539490
-809815
-1096524
-1383234
-1669945
-1973040
-2276137
-2579234
-2898716
-3218199
-3537682
-3873551
-4209421
-4545291
-4889355
-5241612
-5593869
-5954320
-6322964
-6691610
-7060256
-7437095
-7822128
-8207162
-8592198
-8985427
-9378657
-9780080
-10181505
-10591124
-10992552
-11402173
-11819989
-12229613
-12647432
-13065252
-13483074
-13900897
-14318723
-14744742
-15162571
-15580402
-15998235
-16416070
-16833907
-17251746
-17661395
-18071046
-18472508
-18882163
-19275437
-19676905
-20061992
-20447080
-20823979
-21200881
-21553209
-21913731
492
-106005
-212501
-318998
-425495
-531993
-630298
-736797
-843295
-941602
-1048101
-1154601
-1252908
-1351217
-1449525
-1547834
-1646143
-1744452
-1842762
-1932880
-2031190
-2121309
-2211428
-2301547
-2383474
-2473594
-2555522
-2637450
-2719379
-2801307
-2875044
-2948782
-3022519
-3096257
-3161803
-3227349
-3292895
-3358442
-3415797
-3473152
-3530507
-3587862
-3637026
-3686189
-3735353
-3776325
-3817297
-3858269
-3891050
-3923830
-3956611
-3981199
-4013980
-4030377
-4054966
-4071363
-4087760
-4095965
-4112362
-4112376
-4112389
-4112402
-4112415
-4104237
-4096058
-4087879
-4079700
-4063330
-4046959
-4022396
-3997833
-3973270
-3940515
-3907760
-3875005
-3842249
-3801302
-3760354
-3711215
-3662075
-3612935
-3563795
-3506463
-3449130
-3383606
-3326273
-3260748
-3187031
-3121506
-3047788
-2974071
-2900353
-2818443
-2736533
-2654622
-2564519
-2482608
-2392505
-2302401
-2204106
-2114001
-2015705
-1917408
-1819112
-1712622
-1606133
-1507835
-1401345
-1286662
-1180172
-1073681
-958997
-844314
-729630
-614945
-500260
-377383
-262698
-139820
-25134
97744
220623
343502
466382
589262
712142
835023
957904
1080785
1203667
1326549
1457624
1580507
1703390
1826274
1949158
2072042
2194927
2317812
2440698
2555392
2678278
2801165
2915860
3030556
3153444
3268140
3382837
3489342
3604039
3718737
3825243
3931750
4038257
4144764
4243080
4341396
4439712
4538029
4636346
4726471
4816597
4906723
4988658
5070592
5152527
5234463
5308207
5381951
5447503
5521248
5586801
5644162
5701523
5758885
5808055
5857226
5906396
5947375
5980162
6012950
6045737
6070333
6094929
6119525
6135930
6144142
6152355
6160568
6160589
6160611
6152440
6136078
6119715
6103353
6070607
6046053
6013307
5972370
5931432
5882302
5824981
5767659
5702145
5636632
5562926
5489221
5407323
5317233
5218952
5120670
5022388
4907722
4801248
4678390
4555531
4424481
4285238
4145995
3998560
3842933
3687305
3523485
3351473
3179461
2999256
2810859
2622462
2425872
2221090
2008116
1795141
1573973
1352806
1115253
877700
640147
386209
132271
-129860
-391992
-662316
-940833
-1219350
-1506060
-1800963
-2104059
-2407155
-2718445
-3029735
-3349218
-3676893
-4004570
-4340440
-4676310
-5020374
-5372630
-5724887
-6085338
-6445790
-6814434
-7183080
-7559919
-7944951
-8321793
-8715019
-9100055
-9493285
-9894707
-10296131
-10697556
-11098983
-11508603
-11918225
-12327848
-12745665
-13163484
-13581304
-13999125
-14416949
-14834774
-15252601
-15678621
-16096452
-16514284
-16932118
-17349954
-17767792
-18177441
-18595283
-18996743
-19406397
-19807861
-20209328
-20602604
-20987691
-21372781
-21749680
-22126582
-22478910
-22839433
531
-105965
-212462
-318959
-425456
-531953
-630259
-736757
-843255
-949754
-1048061
-1154560
-1252867
-1359367
-1457675
-1555984
-1654292
-1752601
-1850911
-1949220
-2039338
-2137648
-2227767
-2317885
-2408004
-2498124
-2588243
-2670171
-2752099
-2834027
-2915955
-2997884
-3071621
-3153550
-3227287
-3292833
-3366571
-3432117
-3505855
-3563209
-3628756
-3686111
-3751658
-3800821
-3858176
-3907340
-3956503
-4005667
-4054831
-4095803
-4136775
-4169555
-4210528
-4243308
-4276089
-4300677
-4325266
-4349855
-4374444
-4390841
-4407238
-4423635
-4431840
-4440046
-4448251
-4440072
-4440085
-4440099
-4431920
-4431933
-4415562
-4407384
-4391013
-4374642
-4358271
-4333708
-4309145
-4284582
-4251827
-4219072
-4186317
-4145369
-4104422
-4063474
-4022527
-3973387
-3924247
-3875107
-3817775
-3760443
-3703110
-3637586
-3580253
-3514728
-3441011
-3375486
-3301768
-3228051
-3154333
-3072423
-2990513
-2908602
-2826692
-2736589
-2654678
-2564574
-2466279
-2376175
-2277879
-2187774
-2089478
-1982989
-1884692
-1778202
-1679905
-1573415
-1466924
-1352242
-1245751
-1131068
-1024576
-909893
-795209
-680524
-565840
-442963
-328277
-205400
-90714
32165
155043
277922
400801
515489
638369
769441
892322
1015203
1138084
1260966
1383848
1506730
1637805
1760688
1883572
2006456
2129340
2252224
2375109
2497994
2620880
2735574
2858460
2981347
3096042
3218929
3333625
3448321
3563017
3677714
3792411
3898917
4013615
4120121
4226627
4333134
4439641
4537957
4644465
4742781
4841097
4939414
5029540
5119665
5209791
5299917
5381851
5471978
5545721
5627657
5701400
5775144
5848888
5922633
5988186
6045547
6111100
6168462
6225823
6274994
6324164
6373334
6414313
6455292
6479888
6512675
6545463
6570059
6594655
6611059
6627464
6635676
6643889
6652102
6652123
6652144
6643974
6635803
6619441
6603079
6578525
6545779
6521225
6480287
6439349
6398412
6349282
6300152
6242831
6177317
6111804
6038098
5964392
5882495
5800597
5710508
5612226
5513944
5407470
5300996
5186330
5063472
4940613
4809563
4678512
4539269
4391834
4244399
4088772
3933144
3761132
3597312
3417108
3236903
3048506
2860109
2663519
2458737
2253955
2040980
1828005
1598645
1377477
1139925
902372
656627
410881
156942
-105189
-367320
-637644
-916161
-1194678
-1481388
-1768099
-2071194
-2366098
-2677386
-2980484
-3299966
-3619449
-3947125
-4274801
-4610671
-4946541
-5290604
-5634668
-5986925
-6339183
-6699634
-7068278
-7436923
-7805569
-8182408
-8559248
-8944281
-9329316
-9722544
-10115772
-10509003
-10910426
-11311851
-11713276
-12122896
-12524324
-12942138
-13351762
-13761387
-14179205
-14597025
-15014846
-15432669
-15850494
-16276512
-16694340
-17112169
-17530000
-17956025
-18373860
-18783504
-19201342
-19619182
-20028832
-20438484
-20839946
-21249602
-21642875
-22044343
-22429429
-22822709
-23199607
-23576507
-23937025
-24305737
-24658068
590
-105906
-212403
-318899
-425396
-531894
-630199
-736697
-843195
-949693
-1056192
-1154499
-1260998
-1359306
-1465805
-1564113
-1662422
-1760730
-1859039
-1957348
-2055657
-2153967
-2244085
-2342395
-2432513
-2522632
-2620942
-2702869
-2792989
-2883108
-2965036
-3055156
-3137084
-3219012
-3292749
-3374678
-3448415
-3522152
-3595890
-3669627
-3743365
-3808911
-3874457
-3940003
-4005550
-4062905
-4128452
-4185807
-4243162
-4292325
-4341488
-4390652
-4439816
-4488980
-4529952
-4570924
-4611896
-4652868
-4685649
-4718429
-4751210
-4775798
-4800387
-4824976
-4849565
-4865962
-4890551
-4898756
-4915153
-4923358
-4931563
-4939769
-4931590
-4939795
-4939808
-4931630
-4923451
-4923464
-4907094
-4898915
-4882544
-4866173
-4841610
-4825239
-4800677
-4776114
-4743359
-4710603
-4677848
-4645093
-4612338
-4571390
-4530443
-4481303
-4440355
-4391216
-4333884
-4284744
-4227411
-4170079
-4112747
-4055414
-3989889
-3924365
-3858840
-3785122
-3719597
-3645880
-3572162
-3490252
-3416534
-3334624
-3252713
-3170803
-3080700
-2998789
-2908686
-2818582
-2720287
-2630183
-2531887
-2441782
-2343486
-2236997
-2138700
-2040403
-1933913
-1827423
-1720933
-1614443
-1507952
-1393270
-1286778
-1172095
-1057411
-942728
-828043
-713359
-598674
-483989
-361112
-246426
-123548
-670
114016
236895
359774
482654
605534
728414
851294
974175
1097055
1219937
1342818
1473892
1596774
1719657
1842540
1965423
2088306
2211190
2334074
2456959
2579843
2702729
2825614
2948500
3071386
3186080
3308967
3431854
3546549
3661245
3775941
3898829
4013526
4120030
4234728
4349425
4455931
4562437
4677136
4783642
4881957
4988465
5086781
5193289
5291605
5389921
5480046
5578363
5668489
5758615
5848741
5938867
6020802
6102736
6184671
6258415
6340351
6414094
6487839
6553391
6618944
6684497
6750050
6807411
6864773
6922135
6971305
7020475
7069646
7110625
7151604
7176199
7217178
7249966
7274561
7299157
7323754
7340158
7356562
7372967
7381180
7389393
7389414
7389435
7389456
7381286
7364923
7356753
7332199
7315837
7291282
7258537
7225791
7184853
7143915
7102977
7053848
6996526
6947396
6881883
6816369
6750856
6677150
6595253
6513355
6431457
6341368
6243086
6144804
6046522
5931856
5825382
5702524
5587858
5456807
5325757
5194706
5055463
4908028
4760593
4613158
4449338
4293711
4121699
3949686
3777674
3597469
3409072
3220675
3024085
2819303
2614521
2409739
2196764
1975597
1754429
1525069
1287516
1049964
804218
558473
304534
50596
-211535
-473667
-743991
-1022508
-1301025
-1587735
-1874445
-2169348
-2472444
-2775540
-3078637
-3389927
-3709409
-4028892
-4348376
-4676052
-5011921
-5347791
-5691854
-6035918
-6388174
-6740431
-7092689
-7453140
-7813592
-8182237
-8559075
-8927722
-9304561
-9689594
-10074628
-10459663
-10852891
-11246119
-11639350
-12040773
-12434005
-12843623
-13245049
-13654669
-14064290
-14473913
-14883536
-15301353
-15719172
-16128799
-16546620
-16964443
-17390459
-17808284
-18226110
-18643939
-19069960
-19487792
-19905624
-20323459
-20741295
-21159132
-21568780
-21978429
-22396271
-22797732
-23207386
-23608849
-24010315
-24403590
-24796868
-25190147
-25567044
-25952135
-26320844
-26681362
-27050075
-27402406
629
-105867
-212363
-318860
-425357
-531854
-638351
-736657
-843155
-949653
-1056152
-1154459
-1260958
-1359265
-1465764
-1564072
-1670572
-1768880
-1867189
-1965498
-2063807
-2162116
-2260425
-2350543
-2448853
-2538971
-2637281
-2727400
-2817519
-2907638
-2989565
-3079685
-3161613
-3251733
-3333661
-3415589
-3497518
-3571254
-3653183
-3726921
-3800658
-3874395
-3948133
-4013679
-4079225
-4144771
-4210318
-4275864
-4341411
-4398766
-4456121
-4513476
-4562639
-4619995
-4669158
-4718322
-4759294
-4808457
-4849429
-4890402
-4931374
-4964154
-5005127
-5037907
-5062496
-5095276
-5119865
-5144454
-5169043
-5185440
-5201837
-5218234
-5234631
-5251028
-5259233
-5267439
-5267452
-5267465
-5267478
-5267492
-5259313
-5259326
-5251147
-5242969
-5226598
-5210227
-5193856
-5177485
-5161115
-5136552
-5111989
-5087426
-5054671
-5021915
-4989160
-4956405
-4915458
-4874510
-4833563
-4792615
-4743475
-4694336
-4645196
-4596056
-4538724
-4489583
-4432251
-4366727
-4309394
-4243869
-4178344
-4112819
-4039102
-3973577
-3899859
-3826142
-3744232
-3670514
-3588604
-3506693
-3424783
-3342872
-3252769
-3162666
-3080755
-2982459
-2892356
-2802252
-2703956
-2605659
-2507363
-2409066
-2310769
-2204280
-2105982
-1999493
-1893003
-1786513
-1680022
-1573532
-1458849
-1352358
-1237674
-1122991
-1008307
-893622
-778938
-664253
-549568
-426691
-312006
-189128
-66250
48437
171315
294194
417073
539953
662833
785713
908593
1031474
1154355
1277236
1400117
1522999
1645881
1776956
1899838
2022721
2145604
2268488
2391372
2514256
2637141
2760025
2882911
3005796
3128682
3251568
3366262
3489148
3603843
3726731
3841426
3956122
4079010
4193706
4308403
4414908
4529605
4644303
4750809
4857315
4972013
5078520
5185027
5283342
5389850
5488166
5586482
5684798
5783115
5881432
5971557
6061683
6151808
6241934
6332061
6413995
6495930
6577865
6659800
6733544
6807288
6881032
6954776
7020329
7085882
7151435
7208796
7274349
7323519
7380881
7430051
7479221
7528392
7569371
7618541
7643137
7684116
7716903
7741499
7774287
7798883
7815287
7839883
7856288
7864501
7872713
7880926
7880947
7880968
7880990
7872819
7864649
7848286
7831924
7815562
7791008
7758262
7733708
7700962
7660024
7619086
7569957
7520827
7471697
7414376
7357054
7291541
7226027
7152322
7078616
6996718
6914821
6824731
6734641
6636360
6538078
6431604
6325130
6210464
6095798
5972939
5850081
5719030
5587980
5448737
5309494
5162059
5014624
4858996
4695177
4531357
4367537
4195525
4015320
3835115
3646718
3458321
3269924
3065142
2860360
2655577
2442603
2229628
2008460
1779100
1549740
1312188
1074635
837081
583144
337397
75267
-186864
-448996
-719320
-989644
-1268162
-1554871
-1841581
-2128292
-2431387
-2726291
-3029388
-3340677
-3651966
-3963257
-4290932
-4610415
-4938092
-5273961
-5609830
-5945701
-6289764
-6633828
-6986085
-7346535
-7698793
-8059245
-8427889
-8796534
-9165180
-9542018
-9918858
-10295699
-10680732
-11065767
-11458995
-11852223
-12245453
-12638684
-13040107
-13441532
-13842958
-14252577
-14662197
-15071819
-15481441
-15891065
-16308882
-16718508
-17136328
-17554149
-17971971
-18389794
-18807619
-19233637
-19651464
-20069293
-20487123
-20913147
-21330980
-21748815
-22166651
-22576297
-22994136
-23403785
-23813435
-24223087
-24632741
-25034204
-25435669
-25837135
-26230412
-26623690
-27008777
-27393867
-27770766
-28139475
-28499994
-28868707
-29221038
354
-48798
-106142
-155295
-212639
-261791
-319136
-368289
-425634
-474787
-523940
-581285
-630438
-679592
-736937
-786091
-835245
-884399
-941745
-990899
-1040053
-1089207
-1138362
-1187516
-1236671
-1285826
-1326789
-1375944
-1425099
-1466062
-1515217
-1564373
-1605336
-1654492
-1695455
-1736419
-1777383
-1826539
-1867503
-1908467
-1949432
-1982204
-2023168
-2064133
-2096905
-2137870
-2170643
-2211608
-2244381
-2277154
-2309927
-2342700
-2375473
-2408246
-2441020
-2473793
-2498374
-2531148
-2555730
-2580311
-2604893
-2629475
-2654057
-2678639
-2703221
-2719611
-2744193
-2760583
-2785165
-2801555
-2817945
-2834336
-2850726
-2867116
-2875315
-2891705
-2899903
-2908102
-2924492
-2932691
-2940889
-2949088
-2949094
-2957293
-2957300
-2965498
-2957313
-2957320
-2957326
-2957333
-2957339
-2957346
-2949161
-2949167
-2940982
-2932797
-2924611
-2916426
-2908240
-2900055
-2883677
-2875492
-2859114
-2850929
-2834551
-2818174
-2801796
-2777227
-2760849
-2744471
-2719901
-2703524
-2678954
-2654384
-2629814
-2605244
-2580674
-2547912
-2523342
-2498772
-2466010
-2433247
-2400485
-2367723
-2334960
-2302198
-2269435
-2236672
-2195718
-2162955
-2122000
-2081045
-2048282
-2007327
-1966372
-1925416
-1884461
-1835314
-1794358
-1753402
-1704255
-1655107
-1614151
-1565003
-1515855
-1466707
-1417559
-1368410
-1319262
-1270113
-1220965
-1163624
-1114475
-1065326
-1007985
-950644
-901495
-844153
-786812
-737662
-680320
-622978
-565637
-508294
-450952
-393610
-336267
-270733
-213390
-156047
-98705
-33169
24174
81517
147052
204396
269932
327275
392811
450155
515692
573036
638572
695917
761454
826990
884335
949872
1007218
1072755
1130100
1195638
1261176
1318522
1384060
1441406
1506944
1564291
1629829
1687176
1744523
1810062
1867409
1932948
1990295
2047643
2104990
2162338
2227878
2285226
2342574
2399922
2457271
2514619
2563776
2621125
2678474
2735823
2784980
2842329
2891487
2940644
2997994
3047152
3096310
3145468
3194626
3243784
3292943
3342101
3383068
3432227
3481386
3522353
3563320
3604287
3645255
3686222
3727190
3768158
3809125
3841901
3882869
3915646
3948422
3981198
4013975
4046751
4079528
4104113
4136890
4161475
4186060
4210645
4235230
4259815
4276209
4300794
4308996
4325390
4341783
4358177
4374571
4382773
4399167
4407369
4415572
4423774
4423784
4431987
4431997
4432008
4432018
4432029
4432039
4423858
4423869
4415688
4407507
4399326
4382953
4374772
4358399
4342026
4325653
4301088
4284715
4260150
4235585
4211021
4178264
4153699
4120942
4088185
4047237
4014480
3973531
3932582
3891633
3850685
3809736
3760595
3711454
3662313
3604980
3555839
3498506
3441173
3375648
3318315
3252789
3187264
3121739
3048021
2982496
2908778
2826869
2753151
2671241
2589331
2507422
2425511
2335409
2253499
2155205
2065102
1975000
1876705
1778410
1680115
1573628
1467141
1360653
1254166
1139486
1032998
918318
803638
680766
557893
443212
312148
189274
58209
-72856
-203922
-334988
-474246
-613505
-752763
-892022
-1031281
-1178732
-1326184
-1473636
-1629280
-1784924
-1932377
-2096214
-2251859
-2407505
-2571342
-2735181
-2899019
-3071050
-3243081
-3406920
-3578952
-3759176
-3931208
-4111433
-4283466
-4463692
-4652110
-4832336
-5020755
-5200982
-5389401
-5577821
-5774434
-5962854
-6151275
-6347889
-6544503
-6741118
-6937733
-7134348
-7339156
-7535772
-7740581
-7945391
-8142008
-8346819
-8551630
-8764633
-8969445
-9174258
-9379071
-9592076
-9796891
-10009897
-10214713
-10427721
-10640729
-10845547
-11058556
-11263375
-11476386
-11689397
-11894218
-12107231
-12312052
-12525067
-12729890
-12934713
-13139538
-13352555
-13549189
-13754015
-13958842
-14163670
-14360307
-14556945
-14753583
-14950222
-15146862
-15335310
-15523760
-15712210
-15900661
-16072728
-16252989
-16433251
369
-48783
-106128
-155280
-212624
-261777
-319121
-368274
-425619
-474772
-523925
-581270
-630423
-679577
-736922
-786076
-835230
-892575
-941729
-990883
-1040037
-1089192
-1138346
-1187501
-1236655
-1285810
-1334965
-1384119
-1425082
-1474237
-1523393
-1564356
-1613511
-1654475
-1703630
-1744594
-1793750
-1834713
-1875677
-1916641
-1957605
-1998570
-2039534
-2080498
-2121463
-2154235
-2195200
-2227973
-2268937
-2301710
-2342675
-2375448
-2408221
-2440994
-2473767
-2506541
-2531122
-2563895
-2596669
-2621250
-2645832
-2678606
-2703187
-2727769
-2752351
-2776933
-2801515
-2817905
-2842487
-2867069
-2883459
-2899849
-2916239
-2932630
-2949020
-2965410
-2981800
-2998191
-3006389
-3022780
-3030978
-3039177
-3047375
-3055574
-3063772
-3071971
-3080169
-3080176
-3088374
-3088381
-3080196
-3080202
-3080209
-3080216
-3080222
-3080229
-3072044
-3072050
-3063865
-3055679
-3047494
-3039309
-3031123
-3022938
-3006560
-2998375
-2981997
-2973812
-2957434
-2941057
-2924679
-2908302
-2883732
-2867354
-2850976
-2826407
-2801837
-2785459
-2760889
-2736319
-2711749
-2678987
-2654417
-2629847
-2597085
-2572515
-2539752
-2506990
-2474228
-2441465
-2408703
-2375940
-2334986
-2302223
-2269460
-2228505
-2187550
-2154787
-2113832
-2072877
-2031922
-1990967
-1941819
-1900864
-1859908
-1810761
-1769805
-1720657
-1679701
-1630553
-1581405
-1532257
-1483109
-1433960
-1384812
-1335663
-1286515
-1229174
-1180025
-1122684
-1073535
-1016194
-967045
-909704
-852362
-803213
-745871
-688529
-631187
-573845
-516503
-459161
-401819
-344476
-287134
-221599
-164256
-106913
-41378
15965
73308
138844
196187
261723
319067
376410
441946
507483
564827
630363
687708
753244
810589
876126
933471
999008
1064545
1121891
1187428
1244774
1310311
1367657
1433195
1498733
1556080
1613426
1678965
1736311
1801850
1859197
1924736
1982083
2039430
2104970
2162317
2219665
2277013
2334361
2391709
2449057
2506405
2563754
2621102
2678451
2735800
2784957
2842306
2899655
2948812
3006162
3055319
3104477
3161827
3210985
3260143
3309301
3358459
3407618
3456776
3497743
3546901
3596060
3637027
3677994
3727154
3768121
3809088
3850056
3891023
3923799
3964767
4005735
4038511
4071287
4104063
4145032
4177808
4202393
4235169
4267946
4292531
4325308
4349893
4374478
4399063
4423649
4440042
4464627
4481021
4489223
4513808
4530202
4538404
4554798
4571192
4579394
4587596
4595798
4604000
4612203
4612213
4620416
4620426
4620437
4620447
4620458
4612277
4612288
4604106
4595925
4587744
4579563
4563190
4546817
4530444
4514071
4497698
4481325
4456760
4432196
4407631
4383066
4358501
4325744
4292988
4260231
4227474
4194717
4153768
4112820
4071871
4030922
3989973
3940832
3891691
3842551
3793410
3736077
3686936
3629603
3572270
3506744
3449411
3383886
3318361
3252835
3179118
3105401
3031683
2957965
2884248
2802338
2728620
2646710
2556608
2474698
2384596
2294494
2204391
2106097
2015994
1917699
1819404
1712917
1614622
1508135
1401647
1295160
1180480
1065800
951120
836440
721760
598887
476015
353142
230269
99203
-31862
-162928
-293994
-433252
-564318
-703576
-842835
-990286
-1129545
-1276997
-1424448
-1580092
-1727544
-1883189
-2038833
-2194478
-2350124
-2513961
-2677799
-2841637
-3005475
-3169314
-3341345
-3513376
-3685408
-3857440
-4029472
-4209697
-4389922
-4561955
-4750373
-4930599
-5110826
-5299244
-5487664
-5676083
-5864503
-6052924
-6249536
-6437958
-6634571
-6831185
-7027800
-7224415
-7421030
-7625838
-7822454
-8027263
-8223880
-8428690
-8633500
-8838311
-9043122
-9247934
-9460938
-9665751
-9870565
-10083571
-10288385
-10501392
-10714399
-10919216
-11132224
-11337042
-11550051
-11763062
-11967881
-12180893
-12393905
-12598726
-12811739
-13016562
-13221385
-13434400
-13639224
-13844049
-14048875
-14253701
-14458528
-14663356
-14859992
-15056629
-15261459
-15458097
-15646545
-15843185
-16031633
-16228275
-16408533
-16596984
-16769052
-16957505
-17129574
393
-48759
-106103
-155255
-212600
-261752
-319097
-368249
-425594
-474747
-523900
-581245
-630398
-687744
-736897
-786050
-835204
-892550
-941704
-990857
-1040012
-1089166
-1146512
-1195666
-1244821
-1293975
-1343130
-1384092
-1433247
-1482402
-1531557
-1580712
-1621675
-1670831
-1711794
-1760949
-1801913
-1851069
-1892032
-1932996
-1982152
-2023116
-2064080
-2105044
-2146008
-2186973
-2219745
-2260709
-2301674
-2334447
-2375411
-2408184
-2449149
-2481922
-2514695
-2555660
-2588433
-2621206
-2645787
-2678560
-2711334
-2744107
-2768689
-2801462
-2826044
-2850625
-2883399
-2907981
-2932563
-2957145
-2973535
-2998116
-3022698
-3039088
-3063671
-3080061
-3096451
-3121033
-3137423
-3153814
-3162012
-3178402
-3194793
-3202991
-3219381
-3227580
-3243970
-3252169
-3260367
-3268566
-3268572
-3276771
-3284970
-3284976
-3293175
-3293181
-3284996
-3285003
-3285009
-3285016
-3285023
-3285029
-3276844
-3276850
-3268665
-3260480
-3260486
-3252301
-3244115
-3227738
-3219553
-3211367
-3194990
-3186804
-3170427
-3154049
-3137672
-3121294
-3104916
-3088539
-3072161
-3047591
-3031214
-3006644
-2982074
-2965696
-2941126
-2916556
-2891986
-2859224
-2834654
-2810084
-2777322
-2752752
-2719990
-2687227
-2654465
-2621702
-2588940
-2556177
-2523415
-2490652
-2449697
-2416935
-2375980
-2335025
-2302262
-2261307
-2220352
-2179397
-2138441
-2097486
-2048339
-2007383
-1966427
-1917280
-1876324
-1827176
-1778028
-1737072
-1687924
-1638776
-1589628
-1540480
-1491331
-1442183
-1393034
-1335693
-1286545
-1237396
-1180055
-1130906
-1073565
-1016223
-967074
-909732
-852391
-795049
-745899
-688558
-631216
-573874
-516531
-459189
-393655
-336312
-278970
-221627
-164284
-98749
-41406
15937
81472
138816
204351
261695
319039
384574
441918
507454
564799
630335
695871
753216
818753
876097
941634
998979
1064516
1130054
1187399
1252936
1310282
1375820
1433166
1498703
1556050
1621588
1678934
1744473
1801819
1867358
1924705
1990243
2047590
2104938
2170477
2227824
2285172
2342519
2408059
2465407
2522755
2580103
2637451
2694800
2752148
2809497
2858654
2916002
2973351
3030700
3079858
3137207
3186364
3243714
3292871
3342029
3399379
3448537
3497695
3546853
3596011
3645170
3686136
3735295
3784454
3825421
3874580
3915547
3956514
3997481
4046640
4087608
4120384
4161351
4202319
4243287
4276063
4308839
4349807
4382583
4415360
4448136
4480913
4513689
4538274
4571051
4595636
4620221
4652998
4677583
4693976
4718561
4743147
4759540
4784126
4792328
4808721
4825115
4841509
4857903
4866105
4882499
4890701
4898903
4907105
4915308
4915318
4923520
4923531
4931733
4931744
4923563
4923573
4923584
4915403
4907222
4907232
4890859
4882678
4874497
4858124
4841751
4825378
4809005
4792632
4776260
4751695
4727130
4702565
4678000
4645243
4620679
4587922
4555165
4522408
4489651
4448703
4415946
4374997
4334048
4284907
4243959
4194818
4145677
4096536
4047395
3990062
3940921
3883588
3826255
3768922
3703397
3637871
3572346
3506821
3441296
3367578
3302053
3228335
3154617
3072708
2998990
2917080
2835170
2753260
2663158
2573056
2491146
2392851
2302749
2212646
2114352
2016057
1917762
1811275
1712980
1606492
1500005
1393517
1278838
1164158
1057670
934798
820117
705437
582564
459692
336819
205753
74688
-48185
-179251
-318509
-449575
-588833
-728092
-867350
-1006609
-1154060
-1301512
-1448963
-1596415
-1743867
-1899511
-2055156
-2202608
-2366446
-2522091
-2685928
-2841574
-3005412
-3169251
-3341281
-3505120
-3677151
-3849183
-4021215
-4193247
-4373471
-4545504
-4725729
-4905955
-5086181
-5266407
-5454825
-5635052
-5823471
-6011891
-6200311
-6388731
-6585344
-6773765
-6970378
-7166992
-7355414
-7560221
-7756836
-7953452
-8150068
-8354876
-8551493
-8756302
-8961112
-9165922
-9370733
-9575544
-9780355
-9985167
-10189980
-10402985
-10607799
-10812613
-11025619
-11230434
-11443442
-11648258
-11861267
-12066084
-12279094
-12492104
-12696923
-12909935
-13114755
-13327767
-13532589
-13745603
-13950425
-14155248
-14368264
-14573088
-14777913
-14982739
-15187565
-15384200
-15589027
-15785663
-15990492
-16187130
-16383768
-16580407
-16768855
-16965495
-17153944
-17342394
-17530844
-17711103
-17891363
-18071624
-18243693
398
-48754
-106098
-155250
-212595
-261747
-319092
-368244
-425589
-474742
-523895
-581240
-630393
-687739
-736892
-786045
-835199
-892545
-941699
-990852
-1040006
-1089160
-1146507
-1195661
-1244815
-1293970
-1343124
-1392279
-1433242
-1482397
-1531552
-1580707
-1621670
-1670825
-1719980
-1760944
-1810099
-1851063
-1892026
-1941182
-1982146
-2023110
-2064074
-2105038
-2146002
-2186967
-2227931
-2268895
-2309860
-2342632
-2383597
-2416370
-2457334
-2490107
-2522880
-2563845
-2596618
-2629391
-2662165
-2694938
-2719519
-2752292
-2785066
-2809647
-2842421
-2867003
-2891584
-2916166
-2948940
-2973521
-2989911
-3014493
-3039075
-3063657
-3080047
-3104629
-3121019
-3137410
-3153800
-3170190
-3186580
-3202971
-3219361
-3235751
-3243950
-3260340
-3268539
-3276737
-3284936
-3301326
-3301333
-3309531
-3317730
-3325928
-3325935
-3334133
-3334140
-3325955
-3325961
-3325968
-3325975
-3325981
-3325988
-3317803
-3317809
-3309624
-3309630
-3301445
-3293260
-3285074
-3276889
-3268703
-3252326
-3244140
-3227763
-3219577
-3203200
-3186822
-3170445
-3154067
-3137690
-3121312
-3096742
-3080365
-3055795
-3039417
-3014847
-2990277
-2965707
-2941137
-2916567
-2891997
-2859235
-2834665
-2801903
-2777333
-2744571
-2711808
-2679046
-2646283
-2613521
-2580758
-2547996
-2507041
-2474278
-2433323
-2400561
-2359606
-2318651
-2285888
-2244932
-2203977
-2163022
-2113875
-2072919
-2031964
-1982816
-1941860
-1892713
-1851757
-1802609
-1753461
-1704313
-1663357
-1614209
-1565060
-1515912
-1458571
-1409423
-1360274
-1311125
-1253784
-1204635
-1147294
-1098145
-1040804
-983463
-934313
-876972
-819630
-762288
-704946
-647605
-590262
-532920
-475578
-418236
-360893
-303551
-246208
-180673
-123330
-65987
-452
56891
114234
179770
237113
302649
359993
425529
482873
548409
605753
671289
728634
794171
851515
917052
982589
1039934
1105471
1162816
1228354
1285699
1351237
1416775
1474121
1539659
1597005
1662543
1719889
1785428
1842774
1908313
1965660
2023007
2088546
2145893
2203240
2268780
2326127
2383475
2440823
2498171
2555519
2612867
2670215
2727563
2784912
2842260
2899609
2956958
3014307
3063464
3120813
3169970
3227320
3276477
3333827
3382985
3432143
3481301
3530459
3579617
3628775
3677933
3727092
3776251
3817217
3866376
3907343
3956502
3997469
4038436
4079404
4120371
4161339
4202306
4243274
4284242
4317018
4357986
4390762
4423538
4456315
4489091
4521868
4554644
4587421
4612006
4644783
4669367
4693953
4718538
4743123
4767708
4792293
4808687
4833272
4841474
4857868
4874261
4890655
4907049
4923443
4931645
4948039
4956241
4964443
4972646
4980848
4980858
4989061
4989071
4989082
4989092
4989103
4989114
4980932
4980943
4972762
4964581
4956400
4948219
4931846
4923665
4907292
4890919
4874546
4849981
4833608
4809043
4784478
4759914
4735349
4710784
4678027
4653462
4620706
4587949
4547000
4514243
4473294
4432346
4391397
4350448
4301307
4260358
4211217
4162077
4112936
4055603
4006462
3949129
3891796
3826271
3768937
3703412
3646079
3580554
3506836
3441311
3367594
3293876
3220158
3146441
3064531
2990813
2908903
2826993
2736891
2654981
2564879
2474777
2384674
2286380
2196277
2097982
1999687
1893201
1794905
1688418
1581931
1475443
1368956
1254276
1147788
1033108
910236
795556
672683
549811
426938
304065
181192
50126
-80939
-212005
-343071
-482329
-621587
-760846
-900104
-1039363
-1186815
-1334266
-1481717
-1629169
-1776621
-1932266
-2087910
-2243555
-2399200
-2554845
-2718683
-2874328
-3038167
-3210197
-3374036
-3537874
-3709906
-3881937
-4053969
-4226001
-4406225
-4578258
-4758483
-4938709
-5118934
-5299160
-5487579
-5667806
-5856225
-6044644
-6233064
-6421484
-6618097
-6806518
-7003131
-7191553
-7388167
-7584782
-7781397
-7986204
-8182820
-8379436
-8584245
-8789054
-8985671
-9190481
-9395292
-9600102
-9804914
-10017918
-10222730
-10427543
-10632356
-10845362
-11050176
-11263183
-11467998
-11681006
-11894015
-12098832
-12311841
-12516659
-12729670
-12942681
-13147501
-13360513
-13565334
-13778347
-13983169
-14196184
-14401007
-14605831
-14810655
-15015481
-15220306
-15425133
-15629960
-15826595
-16031424
-16228061
-16424698
-16621337
-16817976
-17014615
-17203064
-17399705
-17588155
-17768413
-17948673
-18128933
-18309193
-18489455
442
-48710
-106054
-155206
-212550
-261703
-319047
-368200
-425545
-474697
-532042
-581195
-630348
-687693
-736847
-786000
-843345
-892499
-941653
-998998
-1048152
-1097306
-1146460
-1195614
-1244768
-1293922
-1343077
-1400423
-1441386
-1490540
-1539695
-1588850
-1638005
-1687159
-1736314
-1777278
-1826433
-1875588
-1916551
-1965707
-2006670
-2055826
-2096789
-2137753
-2178717
-2227873
-2268837
-2309801
-2350765
-2391729
-2432693
-2473658
-2514622
-2547395
-2588359
-2629324
-2662096
-2703061
-2735834
-2768607
-2809572
-2842345
-2875118
-2907891
-2940664
-2973437
-3006210
-3030792
-3063565
-3096339
-3120920
-3153694
-3178275
-3202857
-3235631
-3260212
-3284794
-3309376
-3333958
-3358540
-3374930
-3399512
-3415902
-3440484
-3456874
-3481456
-3497846
-3514236
-3530627
-3547017
-3563407
-3579798
-3587996
-3604386
-3612585
-3628975
-3637174
-3645372
-3653571
-3661769
-3669968
-3678166
-3686365
-3694563
-3694570
-3702769
-3702775
-3702782
-3702788
-3702795
-3702802
-3702808
-3702815
-3694630
-3694636
-3686451
-3686457
-3678272
-3678279
-3670093
-3661908
-3653723
-3645537
-3629160
-3620974
-3612789
-3596411
-3588226
-3571848
-3555471
-3539093
-3522716
-3506338
-3489960
-3473583
-3457205
-3432635
-3416258
-3391688
-3375310
-3350740
-3326171
-3301601
-3277031
-3252461
-3227891
-3195129
-3170559
-3145988
-3113226
-3080464
-3055894
-3023131
-2990369
-2957607
-2924844
-2892082
-2859319
-2826556
-2785602
-2752839
-2711884
-2679121
-2638166
-2597212
-2556256
-2523493
-2482538
-2441583
-2392436
-2351480
-2310525
-2269569
-2220422
-2179466
-2130319
-2089363
-2040215
-1991067
-1950111
-1900963
-1851815
-1802667
-1753518
-1704370
-1655221
-1606073
-1548732
-1499584
-1450435
-1393094
-1343945
-1286604
-1237455
-1180114
-1130964
-1073623
-1016281
-958940
-909790
-852448
-795107
-737765
-680423
-623081
-565738
-508396
-451054
-385519
-328177
-270834
-213491
-147956
-90613
-33270
32265
89608
146952
212487
269831
335366
392710
458246
515590
581126
638470
704007
761351
826888
884232
949769
1007114
1072651
1138188
1195533
1261070
1318415
1383953
1449490
1506836
1572374
1629720
1695258
1752604
1818142
1875488
1941027
1998373
2063912
2121258
2186797
2244144
2301491
2367030
2424378
2481725
2547264
2604612
2661960
2719308
2776655
2834003
2891352
2948700
3006048
3063396
3120745
3178094
3235442
3292791
3341948
3399297
3456646
3505804
3563153
3612310
3669660
3718818
3767975
3817133
3874483
3923641
3972800
4021958
4071116
4112083
4161241
4210400
4251367
4300525
4341492
4390651
4431618
4472586
4513553
4562712
4603680
4636456
4677423
4718391
4759359
4792135
4833103
4865879
4898655
4931431
4964208
4996984
5029761
5062537
5095314
5119899
5152676
5177261
5201846
5226431
5259208
5275601
5300186
5324772
5341165
5365751
5373952
5398538
5414931
5431325
5439527
5455921
5472315
5480517
5496911
5505113
5513315
5521518
5529720
5529730
5537933
5537943
5546146
5546156
5546167
5546177
5537996
5538007
5529825
5529836
5521655
5513474
5505293
5488920
5480739
5464366
5456185
5439812
5423439
5398874
5382501
5357936
5341563
5316998
5292434
5267869
5235112
5210547
5177790
5145034
5112277
5079520
5046763
5005815
4973058
4932109
4891160
4850211
4801070
4760122
4710981
4661840
4612699
4563558
4506225
4457084
4399751
4342418
4285085
4219560
4162227
4096701
4031176
3965651
3900126
3826408
3760883
3687165
3613448
3539730
3457820
3384103
3302193
3220283
3138373
3056463
2966361
2876259
2786156
2696054
2605951
2515849
2417554
2319259
2220965
2122670
2016183
1917887
1811400
1704913
1598425
1483746
1377258
1262578
1147898
1033218
910345
795665
672792
549920
427047
295982
173109
42043
-89022
-220088
-351154
-490412
-621478
-760737
-899995
-1047446
-1186705
-1334156
-1473415
-1620867
-1768319
-1923963
-2071415
-2227059
-2382704
-2538349
-2693994
-2857831
-3013476
-3177314
-3341152
-3504991
-3668829
-3840860
-4004699
-4176730
-4348762
-4520794
-4701018
-4873050
-5053275
-5225308
-5405533
-5585759
-5765984
-5954403
-6134629
-6323048
-6511467
-6691694
-6880114
-7076726
-7265147
-7453567
-7650181
-7846794
-8035216
-8231830
-8428445
-8625059
-8829867
-9026482
-9231291
-9427907
-9632716
-9829333
-10034143
-10238953
-10443763
-10648574
-10853385
-11066389
-11271201
-11476014
-11680827
-11893832
-12098646
-12311653
-12516467
-12729475
-12942483
-13147299
-13360308
-13573317
-13778135
-13991145
-14195964
-14408975
-14621987
-14826807
-15039820
-15244641
-15457655
-15662477
-15875492
-16080316
-16285140
-16498156
-16702981
-16907807
-17112634
-17317460
-17514096
-17718924
-17915561
-18120390
-18317028
-18513666
-18710306
-18898753
-19095394
-19283843
-19472292
-19660743
-19849194
-20021261
-20209713
-20389974
-20562044
472
-48680
-106024
-155176
-212521
-261673
-319018
-368170
-425515
-474668
-532012
-581165
-630318
-687663
-736817
-785970
-843315
-892469
-941622
-998968
-1048121
-1097275
-1146429
-1203775
-1252929
-1302083
-1351237
-1400392
-1449546
-1498700
-1547855
-1597010
-1646164
-1695319
-1744474
-1785437
-1834592
-1883747
-1932902
-1973865
-2023020
-2063984
-2113139
-2154103
-2203258
-2244222
-2285186
-2334342
-2375305
-2416269
-2457233
-2498198
-2539162
-2580126
-2621090
-2662055
-2703019
-2735792
-2776756
-2809529
-2850493
-2883266
-2924231
-2957004
-2989777
-3030742
-3063515
-3096288
-3129061
-3161834
-3194607
-3219189
-3251962
-3284736
-3309317
-3342091
-3366672
-3399446
-3424027
-3448609
-3473191
-3497773
-3522354
-3546936
-3571518
-3596100
-3620682
-3637072
-3661654
-3678044
-3694434
-3719017
-3735407
-3751797
-3768187
-3784577
-3800968
-3817358
-3825556
-3841947
-3850145
-3866536
-3874734
-3882933
-3899323
-3907522
-3915720
-3923919
-3923925
-3932124
-3940322
-3940329
-3948528
-3948534
-3956733
-3948547
-3948554
-3948561
-3948567
-3948574
-3948581
-3940395
-3940402
-3932216
-3932223
-3924038
-3915852
-3907667
-3907674
-3899488
-3883111
-3874925
-3866740
-3858554
-3842177
-3833992
-3817614
-3801236
-3784859
-3776673
-3760296
-3743918
-3719349
-3702971
-3686593
-3662024
-3645646
-3621076
-3604698
-3580128
-3555559
-3530989
-3506419
-3481849
-3457279
-3432709
-3408139
-3375377
-3350807
-3318044
-3293474
-3260712
-3227950
-3195187
-3162425
-3129662
-3096900
-3064137
-3031375
-2990420
-2957657
-2924895
-2883940
-2842985
-2810222
-2769267
-2728312
-2687357
-2646402
-2605446
-2564491
-2523536
-2482580
-2441625
-2392477
-2351522
-2302374
-2261419
-2212271
-2171315
-2122167
-2073019
-2023871
-1974723
-1925574
-1876426
-1827278
-1778129
-1728981
-1679832
-1630684
-1573343
-1524194
-1475045
-1417704
-1368555
-1311214
-1253873
-1204723
-1147382
-1090041
-1040891
-983549
-926208
-868866
-811524
-754182
-696840
-639498
-582156
-524813
-467471
-410128
-344594
-287251
-229908
-172565
-107030
-49687
7656
73191
130534
187878
253413
310757
376293
433637
499172
556516
622053
679397
744933
802277
867814
925158
990695
1056232
1113577
1179114
1236459
1301996
1367533
1424879
1490416
1547762
1613299
1670645
1736183
1793529
1859067
1916413
1981951
2039298
2104836
2162183
2227722
2285068
2350607
2407954
2465301
2530840
2588188
2645535
2711075
2768422
2825770
2883118
2940465
2997813
3063353
3120702
3178050
3227206
3284555
3341903
3399252
3456601
3513949
3563106
3620455
3677805
3726962
3784311
3833469
3890818
3939976
3989133
4046483
4095641
4144799
4193957
4243115
4292274
4341432
4390591
4431557
4480716
4529875
4570841
4620000
4660967
4701934
4751094
4792061
4833028
4873996
4914963
4955931
4996898
5029674
5070642
5111610
5144386
5177162
5218130
5250906
5283683
5316459
5349236
5382012
5406597
5439374
5472150
5496735
5521320
5554097
5578682
5603267
5627853
5652438
5668831
5693417
5709810
5734396
5742597
5758991
5775385
5791778
5808172
5824566
5832768
5849162
5857364
5865566
5873769
5881971
5890173
5898375
5906578
5906588
5906599
5914801
5914812
5914822
5906641
5906652
5906662
5898481
5890300
5890311
5882130
5865756
5857575
5849394
5833021
5824840
5808467
5792094
5775721
5751157
5734784
5710219
5693846
5669281
5644716
5620151
5587395
5562830
5530073
5497316
5464559
5431803
5399046
5366289
5325340
5284391
5243443
5202494
5161545
5120596
5071455
5022314
4973174
4924033
4874892
4825751
4768418
4719277
4661944
4604611
4539086
4481752
4416227
4358894
4293369
4227843
4154126
4088601
4014883
3941166
3875640
3793731
3720013
3646295
3564385
3482476
3400566
3318656
3228554
3146643
3056541
2966439
2876337
2786234
2687939
2597837
2499542
2401247
2302952
2196465
2098170
1991683
1885196
1778708
1672221
1557541
1451053
1336373
1221693
1107013
984141
869460
746588
623715
500842
377969
246904
124031
-7035
-138100
-269166
-400232
-539490
-678748
-809815
-949073
-1096524
-1235783
-1383234
-1522493
-1669945
-1817396
-1973040
-2120492
-2276137
-2423589
-2579234
-2734879
-2898716
-3054361
-3218199
-3373844
-3537682
-3701521
-3873551
-4037390
-4209421
-4373260
-4545291
-4717323
-4889355
-5069579
-5241612
-5421836
-5593869
-5774095
-5954320
-6134546
-6322964
-6503191
-6691610
-6871837
-7060256
-7248675
-7437095
-7625516
-7822128
-8010549
-8207162
-8395584
-8592198
-8788812
-8985427
-9182041
-9378657
-9583464
-9780080
-9984889
-10181505
-10386314
-10591124
-10795934
-10992552
-11197362
-11402173
-11615177
-11819989
-12024801
-12229613
-12442618
-12647432
-12852246
-13065252
-13270067
-13483074
-13687889
-13900897
-14113906
-14318723
-14531732
-14744742
-14949560
-15162571
-15367390
-15580402
-15793414
-15998235
-16211248
-16416070
-16629084
-16833907
-17038730
-17251746
-17456570
-17661395
-17866220
-18071046
-18275873
-18472508
-18677335
-18882163
-19078800
-19275437
-19480267
-19676905
-19873544
-20061992
-20258632
-20447080
-20635530
-20823979
-21012430
-21200881
-21372949
-21553209
-21733470
-21913731
492
-48661
-106005
-155157
-212501
-261654
-318998
-368151
-425495
-474648
-531993
-581146
-630298
-687644
-736797
-794142
-843295
-892449
-941602
-998948
-1048101
-1097255
-1154601
-1203755
-1252908
-1302062
-1351217
-1400371
-1449525
-1498679
-1547834
-1596988
-1646143
-1695298
-1744452
-1793607
-1842762
-1891917
-1932880
-1982035
-2031190
-2072153
-2121309
-2162272
-2211428
-2252391
-2301547
-2342510
-2383474
-2432630
-2473594
-2514558
-2555522
-2596486
-2637450
-2678414
-2719379
-2760343
-2801307
-2834080
-2875044
-2916009
-2948782
-2989746
-3022519
-3055292
-3096257
-3129030
-3161803
-3194576
-3227349
-3260122
-3292895
-3325669
-3358442
-3391215
-3415797
-3448570
-3473152
-3505925
-3530507
-3563280
-3587862
-3612444
-3637026
-3661607
-3686189
-3710771
-3735353
-3751743
-3776325
-3792715
-3817297
-3833687
-3858269
-3874660
-3891050
-3907440
-3923830
-3940220
-3956611
-3973001
-3981199
-3997590
-4013980
-4022179
-4030377
-4046768
-4054966
-4063165
-4071363
-4079562
-4087760
-4095959
-4095965
-4104164
-4112362
-4112369
-4112376
-4120574
-4112389
-4112396
-4112402
-4112409
-4112415
-4112422
-4104237
-4104243
-4096058
-4096065
-4087879
-4079694
-4079700
-4071515
-4063330
-4055144
-4046959
-4030581
-4022396
-4014211
-3997833
-3989648
-3973270
-3956893
-3940515
-3924137
-3907760
-3891382
-3875005
-3858627
-3842249
-3817680
-3801302
-3776732
-3760354
-3735785
-3711215
-3686645
-3662075
-3637505
-3612935
-3588365
-3563795
-3531033
-3506463
-3473701
-3449130
-3416368
-3383606
-3359036
-3326273
-3293511
-3260748
-3227986
-3187031
-3154269
-3121506
-3088743
-3047788
-3015026
-2974071
-2933116
-2900353
-2859398
-2818443
-2777488
-2736533
-2695577
-2654622
-2613667
-2564519
-2523564
-2482608
-2433461
-2392505
-2343357
-2302401
-2253253
-2204106
-2163150
-2114001
-2064853
-2015705
-1966557
-1917408
-1868260
-1819112
-1761771
-1712622
-1663474
-1606133
-1556984
-1507835
-1450494
-1401345
-1344004
-1286662
-1237513
-1180172
-1122830
-1073681
-1016339
-958997
-901655
-844314
-786972
-729630
-672287
-614945
-557603
-500260
-442918
-377383
-320041
-262698
-205355
-139820
-82477
-25134
40401
97744
155088
220623
277967
343502
400846
466382
523726
589262
646606
712142
769487
835023
892367
957904
1015249
1080785
1146322
1203667
1269204
1326549
1392087
1457624
1514969
1580507
1637852
1703390
1760736
1826274
1883620
1949158
2006504
2072042
2129389
2194927
2252274
2317812
2375159
2440698
2498045
2555392
2620931
2678278
2735626
2801165
2858513
2915860
2973208
3030556
3096096
3153444
3210792
3268140
3325488
3382837
3440185
3489342
3546691
3604039
3661388
3718737
3767894
3825243
3874401
3931750
3980907
4038257
4087414
4144764
4193922
4243080
4292238
4341396
4390554
4439712
4488870
4538029
4587187
4636346
4677313
4726471
4767438
4816597
4857564
4906723
4947690
4988658
5029625
5070592
5111560
5152527
5193495
5234463
5267239
5308207
5340983
5381951
5414727
5447503
5488471
5521248
5554024
5586801
5611385
5644162
5676939
5701523
5734300
5758885
5783470
5808055
5832640
5857226
5881811
5906396
5922790
5947375
5963769
5980162
5996556
6012950
6029343
6045737
6062131
6070333
6086727
6094929
6111323
6119525
6127727
6135930
6144132
6144142
6152345
6152355
6160558
6160568
6160579
6160589
6160600
6160611
6152429
6152440
6144259
6136078
6127897
6119715
6111534
6103353
6086980
6070607
6062426
6046053
6029680
6013307
5988742
5972370
5947805
5931432
5906867
5882302
5849545
5824981
5800416
5767659
5734902
5702145
5669389
5636632
5603875
5562926
5530169
5489221
5448272
5407323
5358182
5317233
5268093
5218952
5178003
5120670
5071529
5022388
4965055
4907722
4858581
4801248
4735723
4678390
4612865
4555531
4490006
4424481
4358955
4285238
4219713
4145995
4072278
3998560
3924842
3842933
3769215
3687305
3605395
3523485
3441575
3351473
3269563
3179461
3089359
2999256
2909154
2810859
2720757
2622462
2524167
2425872
2319385
2221090
2114603
2008116
1901628
1795141
1688653
1573973
1467485
1352806
1238125
1115253
1000573
877700
763020
640147
517274
386209
263336
132271
1206
-129860
-260926
-391992
-523058
-662316
-801574
-940833
-1080091
-1219350
-1366801
-1506060
-1653512
-1800963
-1948415
-2104059
-2251511
-2407155
-2562800
-2718445
-2874090
-3029735
-3185380
-3349218
-3513055
-3676893
-3840732
-4004570
-4168409
-4340440
-4512471
-4676310
-4848342
-5020374
-5200598
-5372630
-5552855
-5724887
-5905113
-6085338
-6265564
-6445790
-6634208
-6814434
-7002853
-7183080
-7371499
-7559919
-7748339
-7944951
-8133372
-8321793
-8518406
-8715019
-8903441
-9100055
-9296670
-9493285
-9698092
-9894707
-10091323
-10296131
-10492748
-10697556
-10894174
-11098983
-11303793
-11508603
-11713414
-11918225
-12123037
-12327848
-12540853
-12745665
-12950478
-13163484
-13368297
-13581304
-13786118
-13999125
-14203941
-14416949
-14629957
-14834774
-15047783
-15252601
-15465611
-15678621
-15883440
-16096452
-16309464
-16514284
-16727297
-16932118
-17145132
-17349954
-17562969
-17767792
-17972616
-18177441
-18390457
-18595283
-18800108
-18996743
-19201570
-19406397
-19611225
-19807861
-20004498
-20209328
-20405966
-20602604
-20799244
-20987691
-21184332
-21372781
-21561230
-21749680
-21938131
-22126582
-22298650
-22478910
-22659171
-22839433
531
-48621
-105965
-155117
-212462
-261614
-318959
-368111
-425456
-474608
-531953
-581106
-630259
-687604
-736757
-794102
-843255
-892408
-949754
-998907
-1048061
-1105406
-1154560
-1203714
-1252867
-1302021
-1359367
-1408521
-1457675
-1506830
-1555984
-1605138
-1654292
-1703447
-1752601
-1801756
-1850911
-1900066
-1949220
-1998375
-2039338
-2088493
-2137648
-2178612
-2227767
-2276922
-2317885
-2367041
-2408004
-2457160
-2498124
-2539087
-2588243
-2629207
-2670171
-2711135
-2752099
-2793063
-2834027
-2874991
-2915955
-2956920
-2997884
-3038848
-3071621
-3112586
-3153550
-3186323
-3227287
-3260060
-3292833
-3333798
-3366571
-3399344
-3432117
-3464890
-3505855
-3530436
-3563209
-3595983
-3628756
-3661529
-3686111
-3718884
-3751658
-3776239
-3800821
-3833595
-3858176
-3882758
-3907340
-3931921
-3956503
-3981085
-4005667
-4030249
-4054831
-4071221
-4095803
-4112193
-4136775
-4153165
-4169555
-4194137
-4210528
-4226918
-4243308
-4259698
-4276089
-4284287
-4300677
-4317068
-4325266
-4341657
-4349855
-4358054
-4374444
-4382643
-4390841
-4399040
-4407238
-4415437
-4423635
-4423642
-4431840
-4440039
-4440046
-4440052
-4448251
-4440065
-4440072
-4440079
-4440085
-4440092
-4440099
-4440105
-4431920
-4431926
-4431933
-4423748
-4415562
-4415569
-4407384
-4399198
-4391013
-4382827
-4374642
-4366457
-4358271
-4341894
-4333708
-4317331
-4309145
-4292768
-4284582
-4268205
-4251827
-4235450
-4219072
-4202694
-4186317
-4161747
-4145369
-4128992
-4104422
-4088044
-4063474
-4038905
-4022527
-3997957
-3973387
-3948817
-3924247
-3899677
-3875107
-3842345
-3817775
-3793205
-3760443
-3727681
-3703110
-3670348
-3637586
-3613015
-3580253
-3547491
-3514728
-3481966
-3441011
-3408248
-3375486
-3334531
-3301768
-3260814
-3228051
-3187096
-3154333
-3113378
-3072423
-3031468
-2990513
-2949557
-2908602
-2867647
-2826692
-2785736
-2736589
-2695633
-2654678
-2605530
-2564574
-2515426
-2466279
-2425323
-2376175
-2327027
-2277879
-2228731
-2187774
-2138626
-2089478
-2032137
-1982989
-1933840
-1884692
-1835543
-1778202
-1729054
-1679905
-1622564
-1573415
-1516074
-1466924
-1409583
-1352242
-1303092
-1245751
-1188410
-1131068
-1073726
-1024576
-967235
-909893
-852551
-795209
-737867
-680524
-623182
-565840
-500305
-442963
-385620
-328277
-270935
-205400
-148057
-90714
-25179
32165
89508
155043
212387
277922
335266
400801
458145
515489
581025
638369
703905
769441
826786
892322
949666
1015203
1072548
1138084
1195429
1260966
1326503
1383848
1449385
1506730
1572268
1637805
1695151
1760688
1818034
1883572
1940918
2006456
2063802
2129340
2186686
2252224
2309571
2375109
2432456
2497994
2555341
2620880
2678227
2735574
2801113
2858460
2915807
2981347
3038694
3096042
3153390
3218929
3276277
3333625
3390973
3448321
3505669
3563017
3620366
3677714
3735063
3792411
3849760
3898917
3956266
4013615
4062772
4120121
4177470
4226627
4283977
4333134
4390484
4439641
4488799
4537957
4595307
4644465
4693623
4742781
4791939
4841097
4890256
4939414
4980381
5029540
5078698
5119665
5168824
5209791
5258950
5299917
5340884
5381851
5431011
5471978
5512946
5545721
5586689
5627657
5668624
5701400
5742368
5775144
5816112
5848888
5881665
5922633
5955409
5988186
6020962
6045547
6078323
6111100
6135685
6168462
6193046
6225823
6250408
6274994
6299579
6324164
6348749
6373334
6389728
6414313
6430707
6455292
6463494
6479888
6496281
6512675
6529069
6545463
6553665
6570059
6578261
6594655
6602857
6611059
6619261
6627464
6635666
6635676
6643879
6643889
6652092
6652102
6652113
6652123
6652134
6652144
6643963
6643974
6635793
6635803
6627622
6619441
6611260
6603079
6586706
6578525
6562152
6545779
6537598
6521225
6496660
6480287
6463914
6439349
6422976
6398412
6373847
6349282
6324717
6300152
6267396
6242831
6210074
6177317
6144560
6111804
6079047
6038098
6005341
5964392
5923444
5882495
5841546
5800597
5751456
5710508
5661367
5612226
5563085
5513944
5464803
5407470
5358329
5300996
5243663
5186330
5128997
5063472
5006139
4940613
4875088
4809563
4744038
4678512
4612987
4539269
4465552
4391834
4318117
4244399
4170682
4088772
4006862
3933144
3851234
3761132
3679222
3597312
3507210
3417108
3327005
3236903
3146801
3048506
2958403
2860109
2761814
2663519
2565224
2458737
2360442
2253955
2147467
2040980
1934492
1828005
1713325
1598645
1492157
1377477
1254605
1139925
1025244
902372
779499
656627
533754
410881
279816
156942
25877
-105189
-236254
-367320
-506578
-637644
-776902
-916161
-1055419
-1194678
-1342129
-1481388
-1628839
-1768099
-1915550
-2071194
-2218646
-2366098
-2521742
-2677386
-2824839
-2980484
-3144321
-3299966
-3455611
-3619449
-3783287
-3947125
-4110963
-4274801
-4438640
-4610671
-4774510
-4946541
-5118572
-5290604
-5462636
-5634668
-5814892
-5986925
-6167150
-6339183
-6519408
-6699634
-6888052
-7068278
-7248504
-7436923
-7617150
-7805569
-7993988
-8182408
-8370828
-8559248
-8755861
-8944281
-9140895
-9329316
-9525930
-9722544
-9919158
-10115772
-10312387
-10509003
-10705618
-10910426
-11107042
-11311851
-11508467
-11713276
-11918086
-12122896
-12327706
-12524324
-12737327
-12942138
-13146950
-13351762
-13556574
-13761387
-13974392
-14179205
-14392211
-14597025
-14810031
-15014846
-15227854
-15432669
-15645677
-15850494
-16063503
-16276512
-16481330
-16694340
-16907350
-17112169
-17325180
-17530000
-17743012
-17956025
-18160846
-18373860
-18578682
-18783504
-18996519
-19201342
-19406166
-19619182
-19824007
-20028832
-20233658
-20438484
-20643311
-20839946
-21044774
-21249602
-21446238
-21642875
-21839513
-22044343
-22240982
-22429429
-22626069
-22822709
-23011157
-23199607
-23388056
-23576507
-23764958
-23937025
-24125477
-24305737
-24485998
-24658068
629
-48523
-105867
-155019
-212363
-261516
-318860
-368012
-425357
-474509
-531854
-581007
-638351
-687504
-736657
-794002
-843155
-900500
-949653
-998807
-1056152
-1105305
-1154459
-1211804
-1260958
-1310111
-1359265
-1416611
-1465764
-1514918
-1564072
-1621418
-1670572
-1719726
-1768880
-1818035
-1867189
-1916343
-1965498
-2014652
-2063807
-2112961
-2162116
-2211270
-2260425
-2309580
-2350543
-2399698
-2448853
-2498008
-2538971
-2588126
-2637281
-2678245
-2727400
-2768364
-2817519
-2858483
-2907638
-2948602
-2989565
-3038721
-3079685
-3120649
-3161613
-3210769
-3251733
-3292697
-3333661
-3374625
-3415589
-3456553
-3497518
-3530290
-3571254
-3612219
-3653183
-3685956
-3726921
-3759693
-3800658
-3833431
-3874395
-3907168
-3948133
-3980906
-4013679
-4046452
-4079225
-4111998
-4144771
-4177544
-4210318
-4243091
-4275864
-4308637
-4341411
-4365992
-4398766
-4423347
-4456121
-4480702
-4513476
-4538057
-4562639
-4595413
-4619995
-4644576
-4669158
-4693740
-4718322
-4742904
-4759294
-4783875
-4808457
-4833039
-4849429
-4874012
-4890402
-4914984
-4931374
-4947764
-4964154
-4980544
-5005127
-5021517
-5037907
-5046105
-5062496
-5078886
-5095276
-5103475
-5119865
-5136256
-5144454
-5152652
-5169043
-5177241
-5185440
-5193638
-5201837
-5218227
-5218234
-5226432
-5234631
-5242830
-5251028
-5251035
-5259233
-5259240
-5267439
-5267445
-5267452
-5267458
-5267465
-5267472
-5267478
-5267485
-5267492
-5267498
-5259313
-5259319
-5259326
-5251141
-5251147
-5242962
-5242969
-5234783
-5226598
-5218412
-5210227
-5202042
-5193856
-5185671
-5177485
-5169300
-5161115
-5144737
-5136552
-5120174
-5111989
-5095611
-5087426
-5071048
-5054671
-5038293
-5021915
-5005538
-4989160
-4972783
-4956405
-4931835
-4915458
-4899080
-4874510
-4858133
-4833563
-4817185
-4792615
-4768045
-4743475
-4718906
-4694336
-4669766
-4645196
-4620626
-4596056
-4571486
-4538724
-4514154
-4489583
-4456821
-4432251
-4399489
-4366727
-4342156
-4309394
-4276632
-4243869
-4211107
-4178344
-4145582
-4112819
-4080057
-4039102
-4006340
-3973577
-3932622
-3899859
-3858905
-3826142
-3785187
-3744232
-3711469
-3670514
-3629559
-3588604
-3547649
-3506693
-3465738
-3424783
-3383828
-3342872
-3293725
-3252769
-3211814
-3162666
-3121711
-3080755
-3031607
-2982459
-2941504
-2892356
-2843208
-2802252
-2753104
-2703956
-2654808
-2605659
-2556511
-2507363
-2458215
-2409066
-2359918
-2310769
-2261621
-2204280
-2155131
-2105982
-2048642
-1999493
-1950344
-1893003
-1843854
-1786513
-1737364
-1680022
-1622681
-1573532
-1516190
-1458849
-1401507
-1352358
-1295016
-1237674
-1180332
-1122991
-1065649
-1008307
-950965
-893622
-836280
-778938
-721596
-664253
-606911
-549568
-484034
-426691
-369348
-312006
-246471
-189128
-131785
-66250
-8907
48437
113972
171315
228659
294194
351538
417073
474417
539953
597297
662833
720177
785713
843057
908593
965937
1031474
1088818
1154355
1211699
1277236
1342772
1400117
1465654
1522999
1588536
1645881
1711418
1776956
1834301
1899838
1957184
2022721
2080067
2145604
2211142
2268488
2334026
2391372
2456910
2514256
2579794
2637141
2702679
2760025
2825564
2882911
2948449
3005796
3063143
3128682
3186029
3251568
3308915
3366262
3431801
3489148
3546496
3603843
3669383
3726731
3784078
3841426
3898774
3956122
4021662
4079010
4136358
4193706
4251055
4308403
4365751
4414908
4472256
4529605
4586954
4644303
4693460
4750809
4808158
4857315
4914664
4972013
5021170
5078520
5127677
5185027
5234184
5283342
5332500
5389850
5439008
5488166
5537324
5586482
5635640
5684798
5733956
5783115
5832273
5881432
5922398
5971557
6020716
6061683
6110841
6151808
6200967
6241934
6282901
6332061
6373028
6413995
6454963
6495930
6536898
6577865
6618833
6659800
6692576
6733544
6774512
6807288
6848256
6881032
6913808
6954776
6987552
7020329
7053105
7085882
7118658
7151435
7184211
7208796
7241573
7274349
7298934
7323519
7356296
7380881
7405466
7430051
7454636
7479221
7503807
7528392
7552977
7569371
7593956
7618541
7634935
7643137
7659530
7684116
7700510
7716903
7733297
7741499
7757893
7774287
7782489
7798883
7807085
7815287
7831681
7839883
7848086
7856288
7856298
7864501
7872703
7872713
7880916
7880926
7880937
7880947
7880958
7880968
7880979
7880990
7881000
7872819
7872830
7864649
7856468
7848286
7840105
7831924
7823743
7815562
7799189
7791008
7774635
7758262
7750081
7733708
7717335
7700962
7676397
7660024
7635459
7619086
7594522
7569957
7545392
7520827
7496262
7471697
7447133
7414376
7381619
7357054
7324297
7291541
7258784
7226027
7185078
7152322
7111373
7078616
7037667
6996718
6955769
6914821
6865680
6824731
6775590
6734641
6685500
6636360
6587219
6538078
6488937
6431604
6382463
6325130
6267797
6210464
6153131
6095798
6038464
5972939
5915606
5850081
5784556
5719030
5653505
5587980
5522454
5448737
5383212
5309494
5235777
5162059
5088341
5014624
4932714
4858996
4777087
4695177
4613267
4531357
4449447
4367537
4277435
4195525
4105422
4015320
3925218
3835115
3745013
3646718
3556616
3458321
3360026
3269924
3163437
3065142
2966847
2860360
2762065
2655577
2549090
2442603
2336115
2229628
2114948
2008460
1893780
1779100
1664420
1549740
1435060
1312188
1197507
1074635
959954
837081
714209
583144
460271
337397
206332
75267
-55799
-186864
-317930
-448996
-580062
-719320
-858578
-989644
-1128903
-1268162
-1415612
-1554871
-1694130
-1841581
-1989033
-2128292
-2275744
-2431387
-2578839
-2726291
-2881935
-3029388
-3185032
-3340677
-3496321
-3651966
-3807611
-3963257
-4127094
-4290932
-4446577
-4610415
-4774253
-4938092
-5101930
-5273961
-5437799
-5609830
-5773670
-5945701
-6117733
-6289764
-6461796
-6633828
-6814053
-6986085
-7166310
-7346535
-7518568
-7698793
-7879019
-8059245
-8247662
-8427889
-8608115
-8796534
-8976761
-9165180
-9353599
-9542018
-9730438
-9918858
-10107278
-10295699
-10492311
-10680732
-10877346
-11065767
-11262381
-11458995
-11655609
-11852223
-12048838
-12245453
-12442068
-12638684
-12843491
-13040107
-13244916
-13441532
-13646341
-13842958
-14047768
-14252577
-14457387
-14662197
-14867008
-15071819
-15276630
-15481441
-15686253
-15891065
-16095877
-16308882
-16513695
-16718508
-16931514
-17136328
-17349334
-17554149
-17767155
-17971971
-18184978
-18389794
-18602802
-18807619
-19020628
-19233637
-19438454
-19651464
-19864475
-20069293
-20282304
-20487123
-20700135
-20913147
-21117968
-21330980
-21535801
-21748815
-21953637
-22166651
-22371474
-22576297
-22789312
-22994136
-23198960
-23403785
-23608610
-23813435
-24018261
-24223087
-24427914
-24632741
-24837568
-25034204
-25239032
-25435669
-25632306
-25837135
-26033773
-26230412
-26427050
-26623690
-26812137
-27008777
-27197226
-27393867
-27582316
-27770766
-27959217
-28139475
-28327927
-28499994
-28688446
-28868707
-29048968
-29221038
