33546240
33546253
33546265
33546278
33546290
33546303
33546315
33546328
33546341
33538161
33538174
33538186
33530007
33530019
33521840
33521852
33513673
33505494
33505506
33497327
33489147
33489160
33480980
33472801
33464621
33456442
33448262
33440083
33431903
33423724
33415544
33399173
33390993
33382814
33374634
33358263
33350083
33341904
33325532
33317353
33300981
33292802
33276430
33260059
33251879
33235508
33219136
33202765
33194585
33178213
33161842
33145470
33129099
33112727
33096355
33079984
33063612
33047241
33022677
33006305
32989934
32965370
32948998
32932627
32908063
32891691
32867128
32850756
32826192
32809821
32785257
32760693
32736129
32719758
32695194
32670630
32646066
32621503
32596939
32572375
32547811
32523247
32498684
32474120
32449556
32424992
32392236
32367672
32343108
32310353
32285789
32253033
32228469
32195713
32171149
32138393
32113829
32081073
32048317
32023753
31990997
31958241
31925485
31892729
31859973
31827217
31794461
31761705
31728948
31696192
31663436
31630680
31597924
31556976
31524220
31491463
31450515
31417759
31385003
31344054
31311298
31270350
31229402
31196645
31155697
31114749
31081992
31041044
31000095
30959147
30926391
30885442
30844494
30803545
30762597
30721648
30680700
30631559
30590611
30549662
30508714
30467765
30418625
30377676
30336727
30287587
30246638
30197497
30156549
30107408
30066459
30017318
29976370
29927229
29878088
29837139
29787998
29738858
29689717
29640576
29591435
29542294
29493153
29444012
29394871
29345730
29296589
29247448
29198307
29149166
29091833
29042692
28993550
28936217
28887076
28837935
28780602
28731461
28674127
28624986
28567653
28518511
28461178
28403845
28354703
28297370
28240037
28182703
28125370
28068036
28018895
27961561
27904228
27846894
27789560
27732227
27674893
27609368
27552034
27494700
27437367
27380033
27314507
27257173
27199839
27134314
27076980
27011454
26954120
26888594
26831260
26765734
26708400
26642874
26577348
26520014
26454488
26388962
26331628
26266102
26200575
26135049
26069523
26003997
25938470
25872944
25807418
25741892
25676365
25610839
25545312
25479786
25414259
25340541
25275014
25209488
25135769
25070243
25004716
24930997
24865471
24791752
24726225
24652507
24586980
24513261
24447734
24374015
24308488
24234769
24161051
24087332
24021805
23948086
23874366
23800647
23726928
23653209
23579490
23513963
23440244
23366524
23292805
23210894
23137175
23063455
22989736
22916016
22842297
22768577
22686666
22612946
22539227
22457315
22383596
22309876
22227964
22154245
22072333
21998613
21916702
21842982
21761070
21687350
21605438
21531718
21449806
21367894
21285982
21212262
21130350
21048438
20966526
20892806
20810894
20728981
20647069
20565157
20483244
20401332
20319420
20237507
20155595
20073682
19991770
19909857
19827945
19746032
19655928
19574015
19492102
19410190
19328277
19238172
19156259
19074346
18984242
18902329
18812224
18730311
18648398
18558293
18476380
18386274
18304361
18214256
18132343
18042238
17952133
17870219
17780114
17690009
17608095
17517990
17427884
17345971
17255865
17165760
17075654
16985548
16895443
16813529
16723423
16633318
16543212
16453106
16363000
16272894
16182788
16092682
16002576
15912470
15822364
15732258
15642152
15552046
15453748
15363642
15273535
15183429
15093323
14995024
14904918
14814811
14724705
14626406
14536300
14446193
14347895
14257788
14167681
14069383
13979276
13880977
13790870
13692571
13602465
13504166
13414059
13315760
13225653
13127354
13037247
12938947
12840648
12750541
12652242
12562134
12463835
12365536
12275428
12177129
12078830
11980530
11890423
11792123
11693823
11595524
11505416
11407116
11308817
11210517
11112217
11013917
10915617
10825509
10727209
10628909
10530609
10432309
10334009
10235709
10137409
10039109
9940808
9842508
9744208
9645907
9547607
9449306
9351006
9252705
9154405
9056104
8949612
8851311
8753010
8654710
8556409
8458108
8359807
8253314
8155013
8056712
7958411
7860110
7753617
7655316
7557015
7458714
7352220
7253919
7155618
7057317
6950823
6852522
6754220
6647727
6549425
6451124
6344630
6246328
6148027
6041533
5943231
5844930
5738436
5640134
5533640
5435338
5337036
5230542
5132240
5025746
4927444
4829141
4722647
4624345
4517851
4419548
4313054
4214752
4108257
4009955
3903460
3805158
3698663
3600360
3493866
3395563
3289068
3190765
3084271
2985968
2879473
2781170
2674675
2576372
2469877
2371574
2265079
2166776
2060280
1961977
1855482
1757178
1650683
1544188
1445884
1339389
1241085
1134590
1036286
929790
831487
724991
618495
520191
413695
315391
208895
110591
