33546240
33546290
33546341
33530007
33513673
33489147
33464621
33431903
33390993
33350083
33300981
33251879
33194585
33129099
33063612
32989934
32908063
32826192
32736129
32646066
32547811
32449556
32343108
32228469
32113829
31990997
31859973
31728948
31597924
31450515
31311298
31155697
31000095
30844494
30680700
30508714
30336727
30156549
29976370
29787998
29591435
29394871
29198307
28993550
28780602
28567653
28354703
28125370
27904228
27674893
27437367
27199839
26954120
26708400
26454488
26200575
25938470
25676365
25414259
25135769
24865471
24586980
24308488
24021805
23726928
23440244
23137175
22842297
22539227
22227964
21916702
21605438
21285982
20966526
20647069
20319420
19991770
19655928
19328277
18984242
18648398
18304361
17952133
17608095
17255865
16895443
16543212
16182788
15822364
15453748
15093323
14724705
14347895
13979276
13602465
13225653
12840648
12463835
12078830
11693823
11308817
10915617
10530609
10137409
9744208
9351006
8949612
8556409
8155013
7753617
7352220
6950823
6549425
6148027
5738436
5337036
4927444
4517851
4108257
3698663
3289068
2879473
2469877
2060280
1650683
1241085
831487
413695
