-4
-3
-3
-5
-6
-8
-10
-12
-15
-19
-23
-27
-32
-38
-45
-52
-60
-70
-79
-90
-102
-115
-128
-142
-157
-173
-189
-206
-223
-240
-257
-274
-291
-306
-321
-334
-346
-355
-362
-366
-367
-363
-356
-344
-326
-303
-274
-238
-195
-144
-85
-18
58
142
237
341
454
578
711
855
1008
1171
1344
1526
1717
1916
2123
2337
2558
2785
3016
3252
3491
3732
3974
4215
4456
4695
4929
5160
5384
5601
5810
6009
6198
6375
6540
6691
6827
6949
7054
7143
7215
7269
7305
7323
7323
7305
7269
7215
7143
7054
6949
6827
6691
6540
6375
6198
6009
5810
5601
5384
5160
4929
4695
4456
4215
3974
3732
3491
3252
3016
2785
2558
2337
2123
1916
1717
1526
1344
1171
1008
855
711
578
454
341
237
142
58
-18
-85
-144
-195
-238
-274
-303
-326
-344
-356
-363
-367
-366
-362
-355
-346
-334
-321
-306
-291
-274
-257
-240
-223
-206
-189
-173
-157
-142
-128
-115
-102
-90
-79
-70
-60
-52
-45
-38
-32
-27
-23
-19
-15
-12
-10
-8
-6
-5
-3
-3
-4
