 0.4321148850077
 0.0000000000000
 0.4320251846049
-0.0088380897499
 0.4317561196492
-0.0176725666041
 0.4313077988840
-0.0264998191299
 0.4306804034976
-0.0353162388196
 0.4298741870483
-0.0441182215522
 0.4288894753593
-0.0529021690516
 0.4277266663826
-0.0616644903439
 0.4263862300344
-0.0704016032100
 0.4248687079992
-0.0791099356354
 0.4231747135055
-0.0877859272551
 0.4213049310706
-0.0964260307930
 0.4192601162169
-0.1050267134962
 0.4170410951579
-0.1135844585623
 0.4146487644557
-0.1220957665601
 0.4120840906488
-0.1305571568423
 0.4093481098518
-0.1389651689504
 0.4064419273253
-0.1473163640100
 0.4033667170184
-0.1556073261172
 0.4001237210823
-0.1638346637145
 0.3967142493559
-0.1719950109565
 0.3931396788240
-0.1800850290639
 0.3894014530478
-0.1881014076654
 0.3855010815675
-0.1960408661279
 0.3814401392794
-0.2039001548730
 0.3772202657850
-0.2116760566803
 0.3728431647144
-0.2193653879762
 0.3683106030236
-0.2269650001083
 0.3636244102660
-0.2344717806046
 0.3587864778392
-0.2418826544166
 0.3537987582055
-0.2491945851463
 0.3486632640896
-0.2564045762566
 0.3433820676506
-0.2635096722642
 0.3379572996309
-0.2705069599144
 0.3323911484818
-0.2773935693381
 0.3266858594659
-0.2841666751898
 0.3208437337367
-0.2908234977664
 0.3148671273968
-0.2973613041063
 0.3087584505338
-0.3037774090684
 0.3025201662351
-0.3100691763904
 0.2961547895823
-0.3162340197264
 0.2896648866252
-0.3222694036628
 0.2830530733354
-0.3281728447126
 0.2763220145416
-0.3339419122874
 0.2694744228455
-0.3395742296469
 0.2625130575193
-0.3450674748254
 0.2554407233860
-0.3504193815353
 0.2482602696816
-0.3556277400467
 0.2409745889013
-0.3606903980427
 0.2335866156290
-0.3656052614518
 0.2260993253517
-0.3703702952537
 0.2185157332579
-0.3749835242624
 0.2108388930220
-0.3794430338824
 0.2030718955747
-0.3837469708407
 0.1952178678597
-0.3878935438924
 0.1872799715774
-0.3918810245011
 0.1792614019167
-0.3957077474925
 0.1711653862743
-0.3993721116825
 0.1629951829634
-0.4028725804776
 0.1547540799115
-0.4062076824501
 0.1464453933481
-0.4093760118852
 0.1380724664832
-0.4123762293017
 0.1296386681763
-0.4152070619455
 0.1211473915975
-0.4178673042554
 0.1126020528812
-0.4203558183019
 0.1040060897717
-0.4226715341985
 0.0953629602629
-0.4248134504848
 0.0866761412322
-0.4267806344829
 0.0779491270680
-0.4285722226248
 0.0691854282936
-0.4301874207534
 0.0603885701861
-0.4316255043941
 0.0515620913917
-0.4328858190000
 0.0427095425380
-0.4339677801679
 0.0338344848442
-0.4348708738276
 0.0249404887288
-0.4355946564024
 0.0160311324160
-0.4361387549419
 0.0071100005420
-0.4365028672276
-0.0018193172400
-0.4366867618498
-0.0107532276531
-0.4366902782574
-0.0196881351906
-0.4365133267803
-0.0286204435069
-0.4361558886228
-0.0375465568074
-0.4356180158318
-0.0464628812355
-0.4348998312353
-0.0553658262561
-0.4340015283555
-0.0642518060361
-0.4329233712937
-0.0731172408199
-0.4316656945887
-0.0819585583010
-0.4302289030481
-0.0907721949874
-0.4286134715533
-0.0995545975617
-0.4268199448376
-0.1083022242351
-0.4248489372384
-0.1170115460938
-0.4227011324232
-0.1256790484388
-0.4203772830894
-0.1343012321177
-0.4178782106387
-0.1428746148476
-0.4152048048261
-0.1513957325298
-0.4123580233837
-0.1598611405552
-0.4093388916188
-0.1682674150993
-0.4061485019885
-0.1766111544080
-0.4027880136490
-0.1848889800715
-0.3992586519805
-0.1930975382880
-0.3955617080892
-0.2012335011154
-0.3916985382844
-0.2092935677112
-0.3876705635335
-0.2172744655596
-0.3834792688926
-0.2251729516862
-0.3791262029157
-0.2329858138589
-0.3746129770408
-0.2407098717759
-0.3699412649536
-0.2483419782388
-0.3651128019303
-0.2558790203116
-0.3601293841581
-0.2633179204653
-0.3549928680354
-0.2706556377067
-0.3497051694504
-0.2778891686919
-0.3442682630403
-0.2850155488236
-0.3386841814294
-0.2920318533332
-0.3329550144486
-0.2989351983450
-0.3270829083349
-0.3057227419243
-0.3210700649121
-0.3123916851080
-0.3149187407533
-0.3189392729183
-0.3086312463250
-0.3253627953574
-0.3022099451132
-0.3316595883857
-0.2956572527326
-0.3378270348799
-0.2889756360188
-0.3438625655742
-0.2821676121035
-0.3497636599814
-0.2752357474739
-0.3555278472950
-0.2681826570164
-0.3611527072730
-0.2610110030445
-0.3666358711006
-0.2537234943122
-0.3719750222342
-0.2463228850130
-0.3771678972246
-0.2388119737640
-0.3822122865209
-0.2311936025776
-0.3871060352530
-0.2234706558183
-0.3918470439941
-0.2156460591483
-0.3964332695020
-0.2077227784595
-0.4008627254403
-0.1997038187941
-0.4051334830773
-0.1915922232534
-0.4092436719646
-0.1833910718955
-0.4131914805938
-0.1751034806225
-0.4169751570320
-0.1667326000569
-0.4205930095356
-0.1582816144085
-0.4240434071420
-0.1497537403321
-0.4273247802403
-0.1411522257756
-0.4304356211189
-0.1324803488199
-0.4333744844918
-0.1237414165107
-0.4361399880033
-0.1149387636821
-0.4387308127089
-0.1060757517737
-0.4411457035358
-0.0971557676400
-0.4433834697200
-0.0881822223537
-0.4454429852212
-0.0791585500032
-0.4473231891157
-0.0700882064840
-0.4490230859665
-0.0609746682851
-0.4505417461716
-0.0518214312708
-0.4518783062888
-0.0426320094580
-0.4530319693395
-0.0334099337891
-0.4540020050884
-0.0241587509025
-0.4547877503026
-0.0148820218983
-0.4553886089866
-0.0055833211029
-0.4558040525963
 0.0037337651697
-0.4560336202296
 0.0130656398587
-0.4560769187954
 0.0224086963976
-0.4559336231600
 0.0317593199582
-0.4556034762712
 0.0411138886940
-0.4550862892608
 0.0504687749844
-0.4543819415243
 0.0598203466791
-0.4534903807792
 0.0691649683419
-0.4524116231006
 0.0784990024938
-0.4511457529360
 0.0878188108547
-0.4496929230974
 0.0971207555843
-0.4480533547321
 0.1064012005200
-0.4462273372721
 0.1156565124139
-0.4442152283618
 0.1248830621658
-0.4420174537643
 0.1340772260548
-0.4396345072466
 0.1432353869658
-0.4370669504438
 0.1523539356142
-0.4343154127023
 0.1614292717653
-0.4313805909016
 0.1704578054496
-0.4282632492564
 0.1794359581744
-0.4249642190971
 0.1883601641288
-0.4214843986307
 0.1972268713849
-0.4178247526809
 0.2060325430923
-0.4139863124083
 0.2147736586676
-0.4099701750108
 0.2234467149766
-0.4057775034038
 0.2320482275107
-0.4014095258812
 0.2405747315561
-0.3968675357567
 0.2490227833563
-0.3921528909858
 0.2573889612663
-0.3872670137692
 0.2656698668999
-0.3822113901365
 0.2738621262683
-0.3769875695117
 0.2819623909112
-0.3715971642601
 0.2899673390182
-0.3660418492171
 0.2978736765425
-0.3603233611978
 0.3056781383047
-0.3544434984904
 0.3133774890876
-0.3484041203301
 0.3209685247213
-0.3422071463567
 0.3284480731582
-0.3358545560542
 0.3358129955384
-0.3293483881734
 0.3430601872440
-0.3226907401382
 0.3501865789434
-0.3158837674340
 0.3571891376246
-0.3089296829806
 0.3640648676172
-0.3018307564888
 0.3708108116035
-0.2945893138001
 0.3774240516179
-0.2872077362116
 0.3839017100344
-0.2796884597849
 0.3902409505424
-0.2720339746391
 0.3964389791105
-0.2642468242297
 0.4024930449376
-0.2563296046117
 0.4084004413918
-0.2482849636886
 0.4141585069364
-0.2401156004461
 0.4197646260430
-0.2318242641729
 0.4252162300917
-0.2234137536661
 0.4305107982577
-0.2148869164240
 0.4356458583848
-0.2062466478244
 0.4406189878454
-0.1974958902905
 0.4454278143858
-0.1886376324429
 0.4500700169592
-0.1796749082396
 0.4545433265429
-0.1706107961028
 0.4588455269425
-0.1614484180335
 0.4629744555809
-0.1521909387145
 0.4669280042737
-0.1428415646006
 0.4707041199887
-0.1334035429982
 0.4743008055919
-0.1238801611325
 0.4777161205774
-0.1142747452048
 0.4809481817831
-0.1045906594374
 0.4839951640910
-0.0948313051094
 0.4868553011116
-0.0850001195807
 0.4895268858539
-0.0751005753068
 0.4920082713789
-0.0651361788433
 0.4942978714384
-0.0551104698406
 0.4963941610971
-0.0450270200292
 0.4982956773393
-0.0348894321961
 0.5000010196602
-0.0247013391519
 0.5015088506400
-0.0144664026890
 0.5028178965029
-0.0041883125320
 0.5039269476592
 0.0061292147211
 0.5048348592316
 0.0164824366647
 0.5055405515649
 0.0268675861601
 0.5060430107189
 0.0372808724170
 0.5063412889456
 0.0477184820824
 0.5064345051490
 0.0581765803365
 0.5063218453286
 0.0686513119957
 0.5060025630062
 0.0791388026221
 0.5054759796356
 0.0896351596390
 0.5047414849958
 0.1001364734531
 0.5037985375672
 0.1106388185819
 0.5026466648904
 0.1211382547879
 0.5012854639090
 0.1316308282165
 0.4997146012941
 0.1421125725410
 0.4979338137524
 0.1525795101111
 0.4959429083174
 0.1630276531070
 0.4937417626227
 0.1734530046973
 0.4913303251584
 0.1838515602022
 0.4887086155104
 0.1942193082595
 0.4858767245825
 0.2045522319956
 0.4828348148003
 0.2148463101991
 0.4795831202990
 0.2250975184986
 0.4761219470930
 0.2353018305433
 0.4724516732283
 0.2454552191862
 0.4685727489176
 0.2555536576708
 0.4644856966577
 0.2655931208196
 0.4601911113300
 0.2755695862249
 0.4556896602827
 0.2854790354424
 0.4509820833963
 0.2953174551859
 0.4460691931311
 0.3050808385234
 0.4409518745577
 0.3147651860757
 0.4356310853693
 0.3243665072152
 0.4301078558774
 0.3338808212660
 0.4243832889890
 0.3433041587045
 0.4184585601671
 0.3526325623616
 0.4123349173733
 0.3618620886236
 0.4060136809930
 0.3709888086345
 0.3994962437430
 0.3800088094979
 0.3927840705620
 0.3889181954782
 0.3858786984829
 0.3977130892018
 0.3787817364884
 0.4063896328575
 0.3714948653486
 0.4149439893958
 0.3640198374413
 0.4233723437272
 0.3563584765551
 0.4316709039193
 0.3485126776747
 0.4398359023922
 0.3404844067493
 0.4478635971123
 0.3322757004428
 0.4557502727840
 0.3238886658676
 0.4634922420398
 0.3153254803005
 0.4710858466271
 0.3065883908811
 0.4785274585938
 0.2976797142935
 0.4858134814698
 0.2886018364307
 0.4929403514467
 0.2793572120406
 0.4999045385538
 0.2699483643566
 0.5067025478310
 0.2603778847095
 0.5133309204979
 0.2506484321231
 0.5197862351199
 0.2407627328924
 0.5260651087696
 0.2307235801444
 0.5321641981846
 0.2205338333827
 0.5380802009208
 0.2101964180139
 0.5438098565019
 0.1997143248581
 0.5493499475627
 0.1890906096417
 0.5546973009896
 0.1783283924739
 0.5598487890544
 0.1674308573054
 0.5648013305434
 0.1564012513716
 0.5695518918820
 0.1452428846175
 0.5740974882518
 0.1339591291070
 0.5784351847038
 0.1225534184150
 0.5825620972646
 0.1110292470029
 0.5864753940365
 0.0993901695774
 0.5901722962917
 0.0876398004327
 0.5936500795595
 0.0757818127764
 0.5969060747071
 0.0638199380388
 0.5999376690131
 0.0517579651651
 0.6027423072345
 0.0395997398928
 0.6053174926662
 0.0273491640108
 0.6076607881923
 0.0150101946037
 0.6097698173312
 0.0025868432789
 0.6116422652716
-0.0099168246216
 0.6132758799011
-0.0224966908268
 0.6146684728266
-0.0351485849567
 0.6158179203860
-0.0478682853603
 0.6167221646516
-0.0606515199678
 0.6173792144251
-0.0734939671599
 0.6177871462227
-0.0863912566527
 0.6179441052518
-0.0993389703977
 0.6178483063788
-0.1123326434990
 0.6174980350864
-0.1253677651448
 0.6168916484219
-0.1384397795553
 0.6160275759355
-0.1515440869460
 0.6149043206088
-0.1646760445066
 0.6135204597727
-0.1778309673950
 0.6118746460152
-0.1910041297475
 0.6099656080784
-0.2041907657035
 0.6077921517452
-0.2173860704456
 0.6053531607144
-0.2305852012557
 0.6026475974653
-0.2437832785852
 0.5996745041107
-0.2569753871410
 0.5964330032380
-0.2701565769859
 0.5929222987399
-0.2833218646549
 0.5891416766315
-0.2964662342851
 0.5850905058571
-0.3095846387615
 0.5807682390830
-0.3226720008772
 0.5761744134798
-0.3357232145077
 0.5713086514903
-0.3487331458009
 0.5661706615858
-0.3616966343803
 0.5607602390089
-0.3746084945640
 0.5550772665035
-0.3874635165971
 0.5491217150308
-0.4002564678987
 0.5428936444727
-0.4129820943229
 0.5363932043204
-0.4256351214350
 0.5296206343498
-0.4382102557997
 0.5225762652829
-0.4507021862857
 0.5152605194341
-0.4631055853822
 0.5076739113429
-0.4754151105304
 0.4998170483912
-0.4876254054683
 0.4916906314062
-0.4997311015891
 0.4832954552478
-0.5117268193135
 0.4746324093814
-0.5236071694754
 0.4657024784342
-0.5353667547203
 0.4565067427371
-0.5470001709182
 0.4470463788493
-0.5585020085886
 0.4373226600682
-0.5698668543397
 0.4273369569221
-0.5810892923194
 0.4170907376470
-0.5921639056804
 0.4065855686461
-0.6030852780575
 0.3958231149334
-0.6138479950576
 0.3848051405591
-0.6244466457628
 0.3735335090186
-0.6348758242459
 0.3620101836438
-0.6451301310978
 0.3502372279764
-0.6552041749680
 0.3382168061234
-0.6650925741173
 0.3259511830951
-0.6747899579820
 0.3134427251238
-0.6842909687506
 0.3006938999651
-0.6935902629526
 0.2877072771791
-0.7026825130589
 0.2744855283940
-0.7115624090936
 0.2610314275500
-0.7202246602579
 0.2473478511231
-0.7286639965654
 0.2334377783308
-0.7368751704885
 0.2193042913167
-0.7448529586164
 0.2049505753158
-0.7525921633237
 0.1903799187989
-0.7600876144508
 0.1755957135974
-0.7673341709944
 0.1606014550068
-0.7743267228094
 0.1454007418691
-0.7810601923207
 0.1299972766347
-0.7875295362466
 0.1143948654027
-0.7937297473313
 0.0985974179390
-0.7996558560885
 0.0826089476734
-0.8053029325552
 0.0664335716743
-0.8106660880545
 0.0500755106011
-0.8157404769694
 0.0335390886337
-0.8205212985256
 0.0168287333803
-0.8250037985837
-0.0000510242393
-0.8291832714417
-0.0170955501323
-0.8330550616456
-0.0343001071958
-0.8366145658099
-0.0516598555029
-0.8398572344467
-0.0691698525136
-0.8427785738036
-0.0868250533086
-0.8453741477105
-0.1046203108492
-0.8476395794344
-0.1225503762602
-0.8495705535430
-0.1406098991392
-0.8511628177759
-0.1587934278904
-0.8524121849241
-0.1770954100838
-0.8533145347174
-0.1955101928406
-0.8538658157193
-0.2140320232443
-0.8540620472288
-0.2326550487779
-0.8538993211903
-0.2513733177879
-0.8533738041103
-0.2701807799750
-0.8524817389803
-0.2890712869118
-0.8512194472075
-0.3080385925877
-0.8495833305513
-0.3270763539815
-0.8475698730659
-0.3461781316621
-0.8451756430499
-0.3653373904166
-0.8423972950005
-0.3845474999074
-0.8392315715745
-0.4038017353581
-0.8356753055544
-0.4230932782676
-0.8317254218194
-0.4424152171542
-0.8273789393217
-0.4617605483286
-0.8226329730679
-0.4811221766975
-0.8174847361044
-0.5004929165963
-0.8119315415075
-0.5198654926526
-0.8059708043775
-0.5392325406808
-0.7996000438366
-0.5585866086070
-0.7928168850309
-0.5779201574255
-0.7856190611346
-0.5972255621867
-0.7780044153590
-0.6164951130170
-0.7699709029629
-0.6357210161705
-0.7615165932660
-0.6548953951137
-0.7526396716654
-0.6740102916425
-0.7433384416530
-0.6930576670325
-0.7336113268355
-0.7120294032226
-0.7234568729555
-0.7309173040321
-0.7128737499139
-0.7497130964122
-0.7018607537934
-0.7684084317314
-0.6904168088824
-0.7869948870962
-0.6785409696994
-0.8054639667055
-0.6662324230172
-0.8238071032419
-0.6534904898870
-0.8420156592971
-0.6403146276616
-0.8600809288344
-0.6267044320185
-0.8779941386869
-0.6126596389802
-0.8957464500921
-0.5981801269344
-0.9133289602639
-0.5832659186516
-0.9307327040018
-0.5679171833001
-0.9479486553374
-0.5521342384591
-0.9649677292191
-0.5359175521279
-0.9817807832351
-0.5192677447327
-0.9983786193749
-0.5021855911286
-1.0147519858299
-0.4846720225984
-1.0308915788334
-0.4667281288462
-1.0467880445401
-0.4483551599864
-1.0624319809458
-0.4295545285271
-1.0778139398475
-0.4103278113483
-1.0929244288445
-0.3906767516733
-1.1077539133798
-0.3706032610342
-1.1222928188243
-0.3501094212292
-1.1365315326018
-0.3291974862742
-1.1504604063566
-0.3078698843449
-1.1640697581639
-0.2861292197114
-1.1773498747831
-0.2639782746635
-1.1902910139542
-0.2414200114274
-1.2028834067383
-0.2184575740717
-1.2151172599022
-0.1950942904037
-1.2269827583474
-0.1713336738551
-1.2384700675838
-0.1471794253555
-1.2495693362495
-0.1226354351952
-1.2602706986753
-0.0977057848750
-1.2705642774959
-0.0723947489431
-1.2804401863078
-0.0467067968192
-1.2898885323731
-0.0206465946035
-1.2988994193720
 0.0057809931275
-1.3074629502017
 0.0325709015414
-1.3155692298244
 0.0597178637859
-1.3232083681633
 0.0872164092402
-1.3303704830475
 0.1150608617845
-1.3370457032068
 0.1432453380865
-1.3432241713156
 0.1717637459064
-1.3488960470877
 0.2006097824199
-1.3540515104209
 0.2297769325620
-1.3586807645934
 0.2592584673900
-1.3627740395115
 0.2890474424678
-1.3663215950089
 0.3191366962717
-1.3693137241987
 0.3495188486183
-1.3717407568782
 0.3801862991156
-1.3735930629863
 0.4111312256378
-1.3748610561157
 0.4423455828245
-1.3755351970782
 0.4738211006053
-1.3756059975252
 0.5055492827505
-1.3750640236227
 0.5375214054481
-1.3738998997822
 0.5697285159091
-1.3721043124473
 0.6021614310010
-1.3696680139368
 0.6348107359107
-1.3665818263445
 0.6676667828372
-1.3628366454964
 0.7007196897158
-1.3584234449655
 0.7339593389742
-1.3533332801450
 0.7673753763211
-1.3475572923804
 0.8009572095687
-1.3410867131600
 0.8346940074904
-1.3339128683661
 0.8685746987132
-1.3260271825852
 0.9025879706478
-1.3174211834797
 0.9367222684555
-1.3080865062203
 0.9709657940542
-1.2980148979797
 1.0053065051643
-1.2871982224888
 1.0397321143946
-1.2756284646550
 1.0742300883709
-1.2632977352439
 1.1087876469073
-1.2501982756243
 1.1433917622208
-1.2363224625768
 1.1780291581925
-1.2216628131675
 1.2126863096739
-1.2062119896865
 1.2473494418415
-1.1899628046514
 1.2820045295998
-1.1729082258774
 1.3166372970345
-1.1550413816132
 1.3512332169171
-1.1363555657448
 1.3857775102614
-1.1168442430653
 1.4202551459348
-1.0965010546143
 1.4546508403241
-1.0753198230843
 1.4889490570581
-1.0532945582973
 1.5231340067879
-1.0304194627496
 1.5571896470274
-1.0066889372278
 1.5910996820532
-0.9820975864942
 1.6248475628683
-0.9566402250443
 1.6584164872284
-0.9303118829343
 1.6917893997342
-0.9031078116821
 1.7249489919906
-0.8750234902399
 1.7578777028338
-0.8460546310399
 1.7905577186294
-0.8161971861138
 1.8229709736412
-0.7854473532861
 1.8550991504749
-0.7538015824419
 1.8869236805954
-0.7212565818696
 1.9184257449228
-0.6878093246796
 1.9495862745054
-0.6534570552986
 1.9803859512749
-0.6181972960403
 2.0108052088833
-0.5820278537539
 2.0408242336242
-0.5449468265489
 2.0704229654408
-0.5069526105990
 2.0995810990224
-0.4680439070242
 2.1282780849909
-0.4282197288515
 2.1564931311799
-0.3874794080555
 2.1842052040089
-0.3458226026790
 2.2113930299539
-0.3032493040337
 2.2380350971170
-0.2597598439823
 2.2641096568975
-0.2153549023015
 2.2895947257667
-0.1700355141274
 2.3144680871484
-0.1238030774825
 2.3387072934080
-0.0766593608865
 2.3622896679524
-0.0286065110497
 2.3851923074431
 0.0203529393502
 2.4073920841257
 0.0702160638063
 2.4288656482774
 0.1209795340368
 2.4495894307763
 0.0702160638063
-2.4288656482774
 0.0203529393502
-2.4073920841257
-0.0286065110497
-2.3851923074431
-0.0766593608865
-2.3622896679524
-0.1238030774825
-2.3387072934080
-0.1700355141274
-2.3144680871484
-0.2153549023015
-2.2895947257667
-0.2597598439823
-2.2641096568975
-0.3032493040337
-2.2380350971170
-0.3458226026790
-2.2113930299539
-0.3874794080555
-2.1842052040089
-0.4282197288515
-2.1564931311799
-0.4680439070242
-2.1282780849909
-0.5069526105990
-2.0995810990224
-0.5449468265489
-2.0704229654408
-0.5820278537539
-2.0408242336242
-0.6181972960403
-2.0108052088833
-0.6534570552986
-1.9803859512749
-0.6878093246796
-1.9495862745054
-0.7212565818696
-1.9184257449228
-0.7538015824419
-1.8869236805954
-0.7854473532861
-1.8550991504749
-0.8161971861138
-1.8229709736412
-0.8460546310399
-1.7905577186294
-0.8750234902399
-1.7578777028338
-0.9031078116821
-1.7249489919906
-0.9303118829343
-1.6917893997342
-0.9566402250443
-1.6584164872284
-0.9820975864942
-1.6248475628683
-1.0066889372278
-1.5910996820532
-1.0304194627496
-1.5571896470274
-1.0532945582973
-1.5231340067879
-1.0753198230843
-1.4889490570581
-1.0965010546143
-1.4546508403241
-1.1168442430653
-1.4202551459348
-1.1363555657448
-1.3857775102614
-1.1550413816132
-1.3512332169171
-1.1729082258774
-1.3166372970345
-1.1899628046514
-1.2820045295998
-1.2062119896865
-1.2473494418415
-1.2216628131675
-1.2126863096739
-1.2363224625768
-1.1780291581925
-1.2501982756243
-1.1433917622208
-1.2632977352439
-1.1087876469073
-1.2756284646550
-1.0742300883709
-1.2871982224888
-1.0397321143946
-1.2980148979797
-1.0053065051643
-1.3080865062203
-0.9709657940542
-1.3174211834797
-0.9367222684555
-1.3260271825852
-0.9025879706478
-1.3339128683661
-0.8685746987132
-1.3410867131600
-0.8346940074904
-1.3475572923804
-0.8009572095687
-1.3533332801450
-0.7673753763211
-1.3584234449655
-0.7339593389742
-1.3628366454964
-0.7007196897158
-1.3665818263445
-0.6676667828372
-1.3696680139368
-0.6348107359107
-1.3721043124473
-0.6021614310010
-1.3738998997822
-0.5697285159091
-1.3750640236227
-0.5375214054481
-1.3756059975252
-0.5055492827505
-1.3755351970782
-0.4738211006053
-1.3748610561157
-0.4423455828245
-1.3735930629863
-0.4111312256378
-1.3717407568782
-0.3801862991156
-1.3693137241987
-0.3495188486183
-1.3663215950089
-0.3191366962717
-1.3627740395115
-0.2890474424678
-1.3586807645934
-0.2592584673900
-1.3540515104209
-0.2297769325620
-1.3488960470877
-0.2006097824199
-1.3432241713156
-0.1717637459064
-1.3370457032068
-0.1432453380865
-1.3303704830475
-0.1150608617845
-1.3232083681633
-0.0872164092402
-1.3155692298244
-0.0597178637859
-1.3074629502017
-0.0325709015414
-1.2988994193720
-0.0057809931275
-1.2898885323731
 0.0206465946035
-1.2804401863078
 0.0467067968192
-1.2705642774959
 0.0723947489431
-1.2602706986753
 0.0977057848750
-1.2495693362495
 0.1226354351952
-1.2384700675838
 0.1471794253555
-1.2269827583474
 0.1713336738551
-1.2151172599022
 0.1950942904037
-1.2028834067383
 0.2184575740717
-1.1902910139542
 0.2414200114274
-1.1773498747831
 0.2639782746635
-1.1640697581639
 0.2861292197114
-1.1504604063566
 0.3078698843449
-1.1365315326018
 0.3291974862742
-1.1222928188243
 0.3501094212292
-1.1077539133798
 0.3706032610342
-1.0929244288445
 0.3906767516733
-1.0778139398475
 0.4103278113483
-1.0624319809458
 0.4295545285271
-1.0467880445401
 0.4483551599864
-1.0308915788334
 0.4667281288462
-1.0147519858299
 0.4846720225984
-0.9983786193749
 0.5021855911286
-0.9817807832351
 0.5192677447327
-0.9649677292191
 0.5359175521279
-0.9479486553374
 0.5521342384591
-0.9307327040018
 0.5679171833001
-0.9133289602639
 0.5832659186516
-0.8957464500921
 0.5981801269344
-0.8779941386869
 0.6126596389802
-0.8600809288344
 0.6267044320185
-0.8420156592971
 0.6403146276616
-0.8238071032419
 0.6534904898870
-0.8054639667055
 0.6662324230172
-0.7869948870962
 0.6785409696994
-0.7684084317314
 0.6904168088824
-0.7497130964122
 0.7018607537934
-0.7309173040321
 0.7128737499139
-0.7120294032226
 0.7234568729555
-0.6930576670325
 0.7336113268355
-0.6740102916425
 0.7433384416530
-0.6548953951137
 0.7526396716654
-0.6357210161705
 0.7615165932660
-0.6164951130170
 0.7699709029629
-0.5972255621867
 0.7780044153590
-0.5779201574255
 0.7856190611346
-0.5585866086070
 0.7928168850309
-0.5392325406808
 0.7996000438366
-0.5198654926526
 0.8059708043775
-0.5004929165963
 0.8119315415075
-0.4811221766975
 0.8174847361044
-0.4617605483286
 0.8226329730679
-0.4424152171542
 0.8273789393217
-0.4230932782676
 0.8317254218194
-0.4038017353581
 0.8356753055544
-0.3845474999074
 0.8392315715745
-0.3653373904166
 0.8423972950005
-0.3461781316621
 0.8451756430499
-0.3270763539815
 0.8475698730659
-0.3080385925877
 0.8495833305513
-0.2890712869118
 0.8512194472075
-0.2701807799750
 0.8524817389803
-0.2513733177879
 0.8533738041103
-0.2326550487779
 0.8538993211903
-0.2140320232443
 0.8540620472288
-0.1955101928406
 0.8538658157193
-0.1770954100838
 0.8533145347174
-0.1587934278904
 0.8524121849241
-0.1406098991392
 0.8511628177759
-0.1225503762602
 0.8495705535430
-0.1046203108492
 0.8476395794344
-0.0868250533086
 0.8453741477105
-0.0691698525136
 0.8427785738036
-0.0516598555029
 0.8398572344467
-0.0343001071958
 0.8366145658099
-0.0170955501323
 0.8330550616456
-0.0000510242393
 0.8291832714417
 0.0168287333803
 0.8250037985837
 0.0335390886337
 0.8205212985256
 0.0500755106011
 0.8157404769694
 0.0664335716743
 0.8106660880545
 0.0826089476734
 0.8053029325552
 0.0985974179390
 0.7996558560885
 0.1143948654027
 0.7937297473313
 0.1299972766347
 0.7875295362466
 0.1454007418691
 0.7810601923207
 0.1606014550068
 0.7743267228094
 0.1755957135974
 0.7673341709944
 0.1903799187989
 0.7600876144508
 0.2049505753158
 0.7525921633237
 0.2193042913167
 0.7448529586164
 0.2334377783308
 0.7368751704885
 0.2473478511231
 0.7286639965654
 0.2610314275500
 0.7202246602579
 0.2744855283940
 0.7115624090936
 0.2877072771791
 0.7026825130589
 0.3006938999651
 0.6935902629526
 0.3134427251238
 0.6842909687506
 0.3259511830951
 0.6747899579820
 0.3382168061234
 0.6650925741173
 0.3502372279764
 0.6552041749680
 0.3620101836438
 0.6451301310978
 0.3735335090186
 0.6348758242459
 0.3848051405591
 0.6244466457628
 0.3958231149334
 0.6138479950576
 0.4065855686461
 0.6030852780575
 0.4170907376470
 0.5921639056804
 0.4273369569221
 0.5810892923194
 0.4373226600682
 0.5698668543397
 0.4470463788493
 0.5585020085886
 0.4565067427371
 0.5470001709182
 0.4657024784342
 0.5353667547203
 0.4746324093814
 0.5236071694754
 0.4832954552478
 0.5117268193135
 0.4916906314062
 0.4997311015891
 0.4998170483912
 0.4876254054683
 0.5076739113429
 0.4754151105304
 0.5152605194341
 0.4631055853822
 0.5225762652829
 0.4507021862857
 0.5296206343498
 0.4382102557997
 0.5363932043204
 0.4256351214350
 0.5428936444727
 0.4129820943229
 0.5491217150308
 0.4002564678987
 0.5550772665035
 0.3874635165971
 0.5607602390089
 0.3746084945640
 0.5661706615858
 0.3616966343803
 0.5713086514903
 0.3487331458009
 0.5761744134798
 0.3357232145077
 0.5807682390830
 0.3226720008772
 0.5850905058571
 0.3095846387615
 0.5891416766315
 0.2964662342851
 0.5929222987399
 0.2833218646549
 0.5964330032380
 0.2701565769859
 0.5996745041107
 0.2569753871410
 0.6026475974653
 0.2437832785852
 0.6053531607144
 0.2305852012557
 0.6077921517452
 0.2173860704456
 0.6099656080784
 0.2041907657035
 0.6118746460152
 0.1910041297475
 0.6135204597727
 0.1778309673950
 0.6149043206088
 0.1646760445066
 0.6160275759355
 0.1515440869460
 0.6168916484219
 0.1384397795553
 0.6174980350864
 0.1253677651448
 0.6178483063788
 0.1123326434990
 0.6179441052518
 0.0993389703977
 0.6177871462227
 0.0863912566527
 0.6173792144251
 0.0734939671599
 0.6167221646516
 0.0606515199678
 0.6158179203860
 0.0478682853603
 0.6146684728266
 0.0351485849567
 0.6132758799011
 0.0224966908268
 0.6116422652716
 0.0099168246216
 0.6097698173312
-0.0025868432789
 0.6076607881923
-0.0150101946037
 0.6053174926662
-0.0273491640108
 0.6027423072345
-0.0395997398928
 0.5999376690131
-0.0517579651651
 0.5969060747071
-0.0638199380388
 0.5936500795595
-0.0757818127764
 0.5901722962917
-0.0876398004327
 0.5864753940365
-0.0993901695774
 0.5825620972646
-0.1110292470029
 0.5784351847038
-0.1225534184150
 0.5740974882518
-0.1339591291070
 0.5695518918820
-0.1452428846175
 0.5648013305434
-0.1564012513716
 0.5598487890544
-0.1674308573054
 0.5546973009896
-0.1783283924739
 0.5493499475627
-0.1890906096417
 0.5438098565019
-0.1997143248581
 0.5380802009208
-0.2101964180139
 0.5321641981846
-0.2205338333827
 0.5260651087696
-0.2307235801444
 0.5197862351199
-0.2407627328924
 0.5133309204979
-0.2506484321231
 0.5067025478310
-0.2603778847095
 0.4999045385538
-0.2699483643566
 0.4929403514467
-0.2793572120406
 0.4858134814698
-0.2886018364307
 0.4785274585938
-0.2976797142935
 0.4710858466271
-0.3065883908811
 0.4634922420398
-0.3153254803005
 0.4557502727840
-0.3238886658676
 0.4478635971123
-0.3322757004428
 0.4398359023922
-0.3404844067493
 0.4316709039193
-0.3485126776747
 0.4233723437272
-0.3563584765551
 0.4149439893958
-0.3640198374413
 0.4063896328575
-0.3714948653486
 0.3977130892018
-0.3787817364884
 0.3889181954782
-0.3858786984829
 0.3800088094979
-0.3927840705620
 0.3709888086345
-0.3994962437430
 0.3618620886236
-0.4060136809930
 0.3526325623616
-0.4123349173733
 0.3433041587045
-0.4184585601671
 0.3338808212660
-0.4243832889890
 0.3243665072152
-0.4301078558774
 0.3147651860757
-0.4356310853693
 0.3050808385234
-0.4409518745577
 0.2953174551859
-0.4460691931311
 0.2854790354424
-0.4509820833963
 0.2755695862249
-0.4556896602827
 0.2655931208196
-0.4601911113300
 0.2555536576708
-0.4644856966577
 0.2454552191862
-0.4685727489176
 0.2353018305433
-0.4724516732283
 0.2250975184986
-0.4761219470930
 0.2148463101991
-0.4795831202990
 0.2045522319956
-0.4828348148003
 0.1942193082595
-0.4858767245825
 0.1838515602022
-0.4887086155104
 0.1734530046973
-0.4913303251584
 0.1630276531070
-0.4937417626227
 0.1525795101111
-0.4959429083174
 0.1421125725410
-0.4979338137524
 0.1316308282165
-0.4997146012941
 0.1211382547879
-0.5012854639090
 0.1106388185819
-0.5026466648904
 0.1001364734531
-0.5037985375672
 0.0896351596390
-0.5047414849958
 0.0791388026221
-0.5054759796356
 0.0686513119957
-0.5060025630062
 0.0581765803365
-0.5063218453286
 0.0477184820824
-0.5064345051490
 0.0372808724170
-0.5063412889456
 0.0268675861601
-0.5060430107189
 0.0164824366647
-0.5055405515649
 0.0061292147211
-0.5048348592316
-0.0041883125320
-0.5039269476592
-0.0144664026890
-0.5028178965029
-0.0247013391519
-0.5015088506400
-0.0348894321961
-0.5000010196602
-0.0450270200292
-0.4982956773393
-0.0551104698406
-0.4963941610971
-0.0651361788433
-0.4942978714384
-0.0751005753068
-0.4920082713789
-0.0850001195807
-0.4895268858539
-0.0948313051094
-0.4868553011116
-0.1045906594374
-0.4839951640910
-0.1142747452048
-0.4809481817831
-0.1238801611325
-0.4777161205774
-0.1334035429982
-0.4743008055919
-0.1428415646006
-0.4707041199887
-0.1521909387145
-0.4669280042737
-0.1614484180335
-0.4629744555809
-0.1706107961028
-0.4588455269425
-0.1796749082396
-0.4545433265429
-0.1886376324429
-0.4500700169592
-0.1974958902905
-0.4454278143858
-0.2062466478244
-0.4406189878454
-0.2148869164240
-0.4356458583848
-0.2234137536661
-0.4305107982577
-0.2318242641729
-0.4252162300917
-0.2401156004461
-0.4197646260430
-0.2482849636886
-0.4141585069364
-0.2563296046117
-0.4084004413918
-0.2642468242297
-0.4024930449376
-0.2720339746391
-0.3964389791105
-0.2796884597849
-0.3902409505424
-0.2872077362116
-0.3839017100344
-0.2945893138001
-0.3774240516179
-0.3018307564888
-0.3708108116035
-0.3089296829806
-0.3640648676172
-0.3158837674340
-0.3571891376246
-0.3226907401382
-0.3501865789434
-0.3293483881734
-0.3430601872440
-0.3358545560542
-0.3358129955384
-0.3422071463567
-0.3284480731582
-0.3484041203301
-0.3209685247213
-0.3544434984904
-0.3133774890876
-0.3603233611978
-0.3056781383047
-0.3660418492171
-0.2978736765425
-0.3715971642601
-0.2899673390182
-0.3769875695117
-0.2819623909112
-0.3822113901365
-0.2738621262683
-0.3872670137692
-0.2656698668999
-0.3921528909858
-0.2573889612663
-0.3968675357567
-0.2490227833563
-0.4014095258812
-0.2405747315561
-0.4057775034038
-0.2320482275107
-0.4099701750108
-0.2234467149766
-0.4139863124083
-0.2147736586676
-0.4178247526809
-0.2060325430923
-0.4214843986307
-0.1972268713849
-0.4249642190971
-0.1883601641288
-0.4282632492564
-0.1794359581744
-0.4313805909016
-0.1704578054496
-0.4343154127023
-0.1614292717653
-0.4370669504438
-0.1523539356142
-0.4396345072466
-0.1432353869658
-0.4420174537643
-0.1340772260548
-0.4442152283618
-0.1248830621658
-0.4462273372721
-0.1156565124139
-0.4480533547321
-0.1064012005200
-0.4496929230974
-0.0971207555843
-0.4511457529360
-0.0878188108547
-0.4524116231006
-0.0784990024938
-0.4534903807792
-0.0691649683419
-0.4543819415243
-0.0598203466791
-0.4550862892608
-0.0504687749844
-0.4556034762712
-0.0411138886940
-0.4559336231600
-0.0317593199582
-0.4560769187954
-0.0224086963976
-0.4560336202296
-0.0130656398587
-0.4558040525963
-0.0037337651697
-0.4553886089866
 0.0055833211029
-0.4547877503026
 0.0148820218983
-0.4540020050884
 0.0241587509025
-0.4530319693395
 0.0334099337891
-0.4518783062888
 0.0426320094580
-0.4505417461716
 0.0518214312708
-0.4490230859665
 0.0609746682851
-0.4473231891157
 0.0700882064840
-0.4454429852212
 0.0791585500032
-0.4433834697200
 0.0881822223537
-0.4411457035358
 0.0971557676400
-0.4387308127089
 0.1060757517737
-0.4361399880033
 0.1149387636821
-0.4333744844918
 0.1237414165107
-0.4304356211189
 0.1324803488199
-0.4273247802403
 0.1411522257756
-0.4240434071420
 0.1497537403321
-0.4205930095356
 0.1582816144085
-0.4169751570320
 0.1667326000569
-0.4131914805938
 0.1751034806225
-0.4092436719646
 0.1833910718955
-0.4051334830773
 0.1915922232534
-0.4008627254403
 0.1997038187941
-0.3964332695020
 0.2077227784595
-0.3918470439941
 0.2156460591483
-0.3871060352530
 0.2234706558183
-0.3822122865209
 0.2311936025776
-0.3771678972246
 0.2388119737640
-0.3719750222342
 0.2463228850130
-0.3666358711006
 0.2537234943122
-0.3611527072730
 0.2610110030445
-0.3555278472950
 0.2681826570164
-0.3497636599814
 0.2752357474739
-0.3438625655742
 0.2821676121035
-0.3378270348799
 0.2889756360188
-0.3316595883857
 0.2956572527326
-0.3253627953574
 0.3022099451132
-0.3189392729183
 0.3086312463250
-0.3123916851080
 0.3149187407533
-0.3057227419243
 0.3210700649121
-0.2989351983450
 0.3270829083349
-0.2920318533332
 0.3329550144486
-0.2850155488236
 0.3386841814294
-0.2778891686919
 0.3442682630403
-0.2706556377067
 0.3497051694504
-0.2633179204653
 0.3549928680354
-0.2558790203116
 0.3601293841581
-0.2483419782388
 0.3651128019303
-0.2407098717759
 0.3699412649536
-0.2329858138589
 0.3746129770408
-0.2251729516862
 0.3791262029157
-0.2172744655596
 0.3834792688926
-0.2092935677112
 0.3876705635335
-0.2012335011154
 0.3916985382844
-0.1930975382880
 0.3955617080892
-0.1848889800715
 0.3992586519805
-0.1766111544080
 0.4027880136490
-0.1682674150993
 0.4061485019885
-0.1598611405552
 0.4093388916188
-0.1513957325298
 0.4123580233837
-0.1428746148476
 0.4152048048261
-0.1343012321177
 0.4178782106387
-0.1256790484388
 0.4203772830894
-0.1170115460938
 0.4227011324232
-0.1083022242351
 0.4248489372384
-0.0995545975617
 0.4268199448376
-0.0907721949874
 0.4286134715533
-0.0819585583010
 0.4302289030481
-0.0731172408199
 0.4316656945887
-0.0642518060361
 0.4329233712937
-0.0553658262561
 0.4340015283555
-0.0464628812355
 0.4348998312353
-0.0375465568074
 0.4356180158318
-0.0286204435069
 0.4361558886228
-0.0196881351906
 0.4365133267803
-0.0107532276531
 0.4366902782574
-0.0018193172400
 0.4366867618498
 0.0071100005420
 0.4365028672276
 0.0160311324160
 0.4361387549419
 0.0249404887288
 0.4355946564024
 0.0338344848442
 0.4348708738276
 0.0427095425380
 0.4339677801679
 0.0515620913917
 0.4328858190000
 0.0603885701861
 0.4316255043941
 0.0691854282936
 0.4301874207534
 0.0779491270680
 0.4285722226248
 0.0866761412322
 0.4267806344829
 0.0953629602629
 0.4248134504848
 0.1040060897717
 0.4226715341985
 0.1126020528812
 0.4203558183019
 0.1211473915975
 0.4178673042554
 0.1296386681763
 0.4152070619455
 0.1380724664832
 0.4123762293017
 0.1464453933481
 0.4093760118852
 0.1547540799115
 0.4062076824501
 0.1629951829634
 0.4028725804776
 0.1711653862743
 0.3993721116825
 0.1792614019167
 0.3957077474925
 0.1872799715774
 0.3918810245011
 0.1952178678597
 0.3878935438924
 0.2030718955747
 0.3837469708407
 0.2108388930220
 0.3794430338824
 0.2185157332579
 0.3749835242624
 0.2260993253517
 0.3703702952537
 0.2335866156290
 0.3656052614518
 0.2409745889013
 0.3606903980427
 0.2482602696816
 0.3556277400467
 0.2554407233860
 0.3504193815353
 0.2625130575193
 0.3450674748254
 0.2694744228455
 0.3395742296469
 0.2763220145416
 0.3339419122874
 0.2830530733354
 0.3281728447126
 0.2896648866252
 0.3222694036628
 0.2961547895823
 0.3162340197264
 0.3025201662351
 0.3100691763904
 0.3087584505338
 0.3037774090684
 0.3148671273968
 0.2973613041063
 0.3208437337367
 0.2908234977664
 0.3266858594659
 0.2841666751898
 0.3323911484818
 0.2773935693381
 0.3379572996309
 0.2705069599144
 0.3433820676506
 0.2635096722642
 0.3486632640896
 0.2564045762566
 0.3537987582055
 0.2491945851463
 0.3587864778392
 0.2418826544166
 0.3636244102660
 0.2344717806046
 0.3683106030236
 0.2269650001083
 0.3728431647144
 0.2193653879762
 0.3772202657850
 0.2116760566803
 0.3814401392794
 0.2039001548730
 0.3855010815675
 0.1960408661279
 0.3894014530478
 0.1881014076654
 0.3931396788240
 0.1800850290639
 0.3967142493559
 0.1719950109565
 0.4001237210823
 0.1638346637145
 0.4033667170184
 0.1556073261172
 0.4064419273253
 0.1473163640100
 0.4093481098518
 0.1389651689504
 0.4120840906488
 0.1305571568423
 0.4146487644557
 0.1220957665601
 0.4170410951579
 0.1135844585623
 0.4192601162169
 0.1050267134962
 0.4213049310706
 0.0964260307930
 0.4231747135055
 0.0877859272551
 0.4248687079992
 0.0791099356354
 0.4263862300344
 0.0704016032100
 0.4277266663826
 0.0616644903439
 0.4288894753593
 0.0529021690516
 0.4298741870483
 0.0441182215522
 0.4306804034976
 0.0353162388196
 0.4313077988840
 0.0264998191299
 0.4317561196492
 0.0176725666041
 0.4320251846049
 0.0088380897499
