 0.5761160657107
 0.0000000000000
 0.5750402634329
-0.0353283763729
 0.5718167651381
-0.0705268712056
 0.5664572818706
-0.1054660753404
 0.5589812835309
-0.1400175225155
 0.5494159263391
-0.1740541561485
 0.5377959517293
-0.2074507905503
 0.5241635571173
-0.2400845647551
 0.5085682391058
-0.2718353871929
 0.4910666098098
-0.3025863694735
 0.4717221870987
-0.3322242476079
 0.4506051596616
-0.3606397890560
 0.4277921279073
-0.3877281840574
 0.4033658218065
-0.4133894197822
 0.3774147968782
-0.4375286359216
 0.3500331096050
-0.4600564604282
 0.3213199736416
-0.4808893242116
 0.2913793982485
-0.4999497536952
 0.2603198104465
-0.5171666402448
 0.2282536624410
-0.5324754855860
 0.1952970259092
-0.5458186224403
 0.1615691747819
-0.5571454097193
 0.1271921581795
-0.5664124017329
 0.0922903651795
-0.5735834909797
 0.0569900831084
-0.5786300242035
 0.0214190510503
-0.5815308915132
-0.0142939897388
-0.5822725884742
-0.0500197468347
-0.5808492511921
-0.0856288274099
-0.5772626645156
-0.1209921871340
-0.5715222435907
-0.1559815756117
-0.5636449890995
-0.1904699768092
-0.5536554166136
-0.2243320429589
-0.5415854605861
-0.2574445204912
-0.5274743535924
-0.2896866665946
-0.5113684815141
-0.3209406550701
-0.4933212154373
-0.3510919702114
-0.4733927211086
-0.3800297875112
-0.4516497468575
-0.4076473400673
-0.4281653909550
-0.4338422696374
-0.4030188494323
-0.4585169613690
-0.3762951454307
-0.4815788613074
-0.3480848411964
-0.5029407758696
-0.3184837338703
-0.5225211525454
-0.2875925362535
-0.5402443411758
-0.2555165437508
-0.5560408352307
-0.2223652887176
-0.5698474925957
-0.1882521834452
-0.5816077354506
-0.1532941530279
-0.5912717289022
-0.1176112593606
-0.5987965381103
-0.0813263175102
-0.6041462637182
-0.0445645056996
-0.6072921554701
-0.0074529701314
-0.6082127039698
 0.0298795741358
-0.6068937105986
 0.0673032450661
-0.6033283356745
 0.1046873971071
-0.5975171249972
 0.1419010250881
-0.5894680149793
 0.1788131674366
-0.5791963166191
 0.2152933076262
-0.5667246786214
 0.2512117728025
-0.5520830300210
 0.2864401285652
-0.5353085027090
 0.3208515689276
-0.5164453343001
 0.3543213005038
-0.4955447518223
 0.3867269200235
-0.4726648367403
 0.4179487843039
-0.4478703718585
 0.4478703718585
-0.4212326706775
 0.4763786353562
-0.3928293898028
 0.5033643441903
-0.3627443250279
 0.5287224164568
-0.3310671917332
 0.5523522396824
-0.2978933902591
 0.5741579796841
-0.2633237569277
 0.5940488769830
-0.2274643013967
 0.6119395302340
-0.1904259310427
 0.6277501661736
-0.1523241630740
 0.6414068956237
-0.1132788250837
 0.6528419551306
-0.0734137447531
 0.6619939338498
-0.0328564294198
 0.6688079853267
 0.0082622637753
 0.6732360238547
 0.0498084664496
 0.6752369051254
 0.0916456455386
 0.6747765909171
 0.1336349571480
 0.6718282975985
 0.1756356069951
 0.6663726282526
 0.2175052167453
 0.6583976882524
 0.2591001955522
 0.6478991841494
 0.3002761161225
 0.6348805057557
 0.3408880946276
 0.6193527913285
 0.3807911737999
 0.6013349757861
 0.4198407085536
 0.5808538219040
 0.4578927534851
 0.5579439344628
 0.4948044516109
 0.5326477573343
 0.5304344237161
 0.5050155535124
 0.5646431576920
 0.4751053681097
 0.5972933972524
 0.4429829743569
 0.6282505294257
 0.4087218026561
 0.6573829702313
 0.3724028527501
 0.6845625479546
 0.3341145890869
 0.7096648834451
 0.2939528194629
 0.7325697668693
 0.2520205570463
 0.7531615303577
 0.2084278658860
 0.7713294159924
 0.1632916900231
 0.7869679385866
 0.1167356663313
 0.7999772427180
 0.0688899212182
 0.8102634534757
 0.0198908513280
 0.8177390203935
-0.0301191116057
 0.8223230540392
-0.0809917516053
 0.8239416547390
-0.1325733348297
 0.8225282329133
-0.1847048913260
 0.8180238205070
-0.2372225119791
 0.8103773729957
-0.2899576604817
 0.7995460614504
-0.3427375001414
 0.7854955541445
-0.3953852353368
 0.7682002871840
-0.4477204674262
 0.7476437236408
-0.4995595649112
 0.7238186006677
-0.5507160476474
 0.6967271640685
-0.6010009848899
 0.6663813897941
-0.6502234069572
 0.6328031918295
-0.6981907302854
 0.5960246159325
-0.7447091956422
 0.5560880186764
-0.7895843192607
 0.5130462312446
-0.8326213566440
 0.4669627074138
-0.8736257787840
 0.4179116551566
-0.9124037605294
 0.3659781512837
-0.9487626808249
 0.3112582385347
-0.9825116345357
 0.2538590045174
-1.0134619555586
 0.1938986418817
-1.0414277509068
 0.1315064891036
-1.0662264454454
 0.0668230512397
-1.0876793369353
 0.0000000000000
-1.1056121610322
-0.0687998475287
-1.1198556658664
-0.1394025721918
-1.1302461958129
-0.2116232188076
-1.1366262840405
-0.2852658856546
-1.1388452534085
-0.3601238381398
-1.1367598252553
-0.4359796473992
-1.1302347356003
-0.5126053546005
-1.1191433582531
-0.5897626617370
-1.1033683342966
-0.6672031497236
-1.0828022073806
-0.7446685246232
-1.0573480642308
-0.8218908928556
-1.0269201797421
-0.8985930662606
-0.9914446659916
-0.9744888979095
-0.9508601244649
-1.0492836495828
-0.9051183007501
-1.1226743918520
-0.8541847409079
-1.1943504377299
-0.7980394486807
-1.2639938108732
-0.7366775426528
-1.3312797493496
-0.6701099124220
-1.3958772460015
-0.5983638727843
-1.4574496264643
-0.5214838148766
-1.5156551659214
-0.4395318531570
-1.5701477457029
-0.3525884670349
-1.6205775508575
-0.2607531358945
-1.6665918098533
-0.1641449661760
-1.7078355775862
-0.0629033091031
-1.7439525628998
 0.0428116324425
-1.7745860018426
 0.1528182094861
-1.7993795779153
 0.2669127466464
-1.8179783905800
 0.3848689777263
-1.8300299733299
 0.5064374990945
-1.8351853626392
 0.6313452428595
-1.8331002191334
 0.7592949719542
-1.8234360023469
 0.8899647993754
-1.8058612004489
 1.0230077339565
-1.7800526163466
 1.1580512551909
-1.7456967115891
 1.2946969197754
-1.7024910095194
 1.4325200026993
-1.6501455591375
 1.5710691758759
-1.5883844611585
 1.7098662274891
-1.5169474577678
 1.8484058254218
-1.4355915875906
 1.9861553283338
-1.3440929074123
 2.1225546481754
-1.2422482822031
 2.2570161681534
-1.1298772450130
 2.3889247204165
-1.0068239283232
 2.5176376279933
-0.8729590684513
 2.6424848158031
-0.7281820846234
 2.7627689958696
-0.5724232343390
 2.8777659322028
-0.4056458466666
 2.9867247911764
-0.2278486351186
 3.0888685836242
-0.0390680917602
 3.1833947053060
 0.1606190357843
 3.2694755828649
-0.0390680917602
-3.1833947053060
-0.2278486351186
-3.0888685836242
-0.4056458466666
-2.9867247911764
-0.5724232343390
-2.8777659322028
-0.7281820846234
-2.7627689958696
-0.8729590684513
-2.6424848158031
-1.0068239283232
-2.5176376279933
-1.1298772450130
-2.3889247204165
-1.2422482822031
-2.2570161681534
-1.3440929074123
-2.1225546481754
-1.4355915875906
-1.9861553283338
-1.5169474577678
-1.8484058254218
-1.5883844611585
-1.7098662274891
-1.6501455591375
-1.5710691758759
-1.7024910095194
-1.4325200026993
-1.7456967115891
-1.2946969197754
-1.7800526163466
-1.1580512551909
-1.8058612004489
-1.0230077339565
-1.8234360023469
-0.8899647993754
-1.8331002191334
-0.7592949719542
-1.8351853626392
-0.6313452428595
-1.8300299733299
-0.5064374990945
-1.8179783905800
-0.3848689777263
-1.7993795779153
-0.2669127466464
-1.7745860018426
-0.1528182094861
-1.7439525628998
-0.0428116324425
-1.7078355775862
 0.0629033091031
-1.6665918098533
 0.1641449661760
-1.6205775508575
 0.2607531358945
-1.5701477457029
 0.3525884670349
-1.5156551659214
 0.4395318531570
-1.4574496264643
 0.5214838148766
-1.3958772460015
 0.5983638727843
-1.3312797493496
 0.6701099124220
-1.2639938108732
 0.7366775426528
-1.1943504377299
 0.7980394486807
-1.1226743918520
 0.8541847409079
-1.0492836495828
 0.9051183007501
-0.9744888979095
 0.9508601244649
-0.8985930662606
 0.9914446659916
-0.8218908928556
 1.0269201797421
-0.7446685246232
 1.0573480642308
-0.6672031497236
 1.0828022073806
-0.5897626617370
 1.1033683342966
-0.5126053546005
 1.1191433582531
-0.4359796473992
 1.1302347356003
-0.3601238381398
 1.1367598252553
-0.2852658856546
 1.1388452534085
-0.2116232188076
 1.1366262840405
-0.1394025721918
 1.1302461958129
-0.0687998475287
 1.1198556658664
 0.0000000000000
 1.1056121610322
 0.0668230512397
 1.0876793369353
 0.1315064891036
 1.0662264454454
 0.1938986418817
 1.0414277509068
 0.2538590045174
 1.0134619555586
 0.3112582385347
 0.9825116345357
 0.3659781512837
 0.9487626808249
 0.4179116551566
 0.9124037605294
 0.4669627074138
 0.8736257787840
 0.5130462312446
 0.8326213566440
 0.5560880186764
 0.7895843192607
 0.5960246159325
 0.7447091956422
 0.6328031918295
 0.6981907302854
 0.6663813897941
 0.6502234069572
 0.6967271640685
 0.6010009848899
 0.7238186006677
 0.5507160476474
 0.7476437236408
 0.4995595649112
 0.7682002871840
 0.4477204674262
 0.7854955541445
 0.3953852353368
 0.7995460614504
 0.3427375001414
 0.8103773729957
 0.2899576604817
 0.8180238205070
 0.2372225119791
 0.8225282329133
 0.1847048913260
 0.8239416547390
 0.1325733348297
 0.8223230540392
 0.0809917516053
 0.8177390203935
 0.0301191116057
 0.8102634534757
-0.0198908513280
 0.7999772427180
-0.0688899212182
 0.7869679385866
-0.1167356663313
 0.7713294159924
-0.1632916900231
 0.7531615303577
-0.2084278658860
 0.7325697668693
-0.2520205570463
 0.7096648834451
-0.2939528194629
 0.6845625479546
-0.3341145890869
 0.6573829702313
-0.3724028527501
 0.6282505294257
-0.4087218026561
 0.5972933972524
-0.4429829743569
 0.5646431576920
-0.4751053681097
 0.5304344237161
-0.5050155535124
 0.4948044516109
-0.5326477573343
 0.4578927534851
-0.5579439344628
 0.4198407085536
-0.5808538219040
 0.3807911737999
-0.6013349757861
 0.3408880946276
-0.6193527913285
 0.3002761161225
-0.6348805057557
 0.2591001955522
-0.6478991841494
 0.2175052167453
-0.6583976882524
 0.1756356069951
-0.6663726282526
 0.1336349571480
-0.6718282975985
 0.0916456455386
-0.6747765909171
 0.0498084664496
-0.6752369051254
 0.0082622637753
-0.6732360238547
-0.0328564294198
-0.6688079853267
-0.0734137447531
-0.6619939338498
-0.1132788250837
-0.6528419551306
-0.1523241630740
-0.6414068956237
-0.1904259310427
-0.6277501661736
-0.2274643013967
-0.6119395302340
-0.2633237569277
-0.5940488769830
-0.2978933902591
-0.5741579796841
-0.3310671917332
-0.5523522396824
-0.3627443250279
-0.5287224164568
-0.3928293898028
-0.5033643441903
-0.4212326706775
-0.4763786353562
-0.4478703718585
-0.4478703718585
-0.4726648367403
-0.4179487843039
-0.4955447518223
-0.3867269200235
-0.5164453343001
-0.3543213005038
-0.5353085027090
-0.3208515689276
-0.5520830300210
-0.2864401285652
-0.5667246786214
-0.2512117728025
-0.5791963166191
-0.2152933076262
-0.5894680149793
-0.1788131674366
-0.5975171249972
-0.1419010250881
-0.6033283356745
-0.1046873971071
-0.6068937105986
-0.0673032450661
-0.6082127039698
-0.0298795741358
-0.6072921554701
 0.0074529701314
-0.6041462637182
 0.0445645056996
-0.5987965381103
 0.0813263175102
-0.5912717289022
 0.1176112593606
-0.5816077354506
 0.1532941530279
-0.5698474925957
 0.1882521834452
-0.5560408352307
 0.2223652887176
-0.5402443411758
 0.2555165437508
-0.5225211525454
 0.2875925362535
-0.5029407758696
 0.3184837338703
-0.4815788613074
 0.3480848411964
-0.4585169613690
 0.3762951454307
-0.4338422696374
 0.4030188494323
-0.4076473400673
 0.4281653909550
-0.3800297875112
 0.4516497468575
-0.3510919702114
 0.4733927211086
-0.3209406550701
 0.4933212154373
-0.2896866665946
 0.5113684815141
-0.2574445204912
 0.5274743535924
-0.2243320429589
 0.5415854605861
-0.1904699768092
 0.5536554166136
-0.1559815756117
 0.5636449890995
-0.1209921871340
 0.5715222435907
-0.0856288274099
 0.5772626645156
-0.0500197468347
 0.5808492511921
-0.0142939897388
 0.5822725884742
 0.0214190510503
 0.5815308915132
 0.0569900831084
 0.5786300242035
 0.0922903651795
 0.5735834909797
 0.1271921581795
 0.5664124017329
 0.1615691747819
 0.5571454097193
 0.1952970259092
 0.5458186224403
 0.2282536624410
 0.5324754855860
 0.2603198104465
 0.5171666402448
 0.2913793982485
 0.4999497536952
 0.3213199736416
 0.4808893242116
 0.3500331096050
 0.4600564604282
 0.3774147968782
 0.4375286359216
 0.4033658218065
 0.4133894197822
 0.4277921279073
 0.3877281840574
 0.4506051596616
 0.3606397890560
 0.4717221870987
 0.3322242476079
 0.4910666098098
 0.3025863694735
 0.5085682391058
 0.2718353871929
 0.5241635571173
 0.2400845647551
 0.5377959517293
 0.2074507905503
 0.5494159263391
 0.1740541561485
 0.5589812835309
 0.1400175225155
 0.5664572818706
 0.1054660753404
 0.5718167651381
 0.0705268712056
 0.5750402634329
 0.0353283763729
