 0.4801583542023
 0.0000000000000
 0.4800776348877
-0.0088381567038
 0.4798355033479
-0.0176733881071
 0.4794320387867
-0.0265027698671
 0.4788673731805
-0.0353233795573
 0.4781416912342
-0.0441322976235
 0.4772552303197
-0.0529266083407
 0.4762082803952
-0.0617034007670
 0.4750011839088
-0.0704597696970
 0.4736343356832
-0.0791928166127
 0.4721081827831
-0.0878996506317
 0.4704232243654
-0.0965773894533
 0.4685800115119
-0.1052231603009
 0.4665791470439
-0.1138341008618
 0.4644212853207
-0.1224073602223
 0.4621071320201
-0.1309400997997
 0.4596374439015
-0.1394294942693
 0.4570130285530
-0.1478727324868
 0.4542347441202
-0.1562670184059
 0.4513034990195
-0.1646095719902
 0.4482202516337
-0.1728976301199
 0.4449860099913
-0.1811284474916
 0.4416018314294
-0.1892992975132
 0.4380688222402
-0.1974074731905
 0.4343881373013
-0.2054502880086
 0.4305609796899
-0.2134250768042
 0.4265886002809
-0.2213291966324
 0.4224722973297
-0.2291600276236
 0.4182134160389
-0.2369149738340
 0.4138133481099
-0.2445914640864
 0.4092735312790
-0.2521869528032
 0.4045954488388
-0.2596989208295
 0.3997806291442
-0.2671248762481
 0.3948306451040
-0.2744623551834
 0.3897471136582
-0.2817089225971
 0.3845316952405
-0.2888621730724
 0.3791860932271
-0.2959197315887
 0.3737120533713
-0.3028792542854
 0.3681113632249
-0.3097384292146
 0.3623858515454
-0.3164949770833
 0.3565373876912
-0.3231466519834
 0.3505678810022
-0.3296912421107
 0.3444792801690
-0.3361265704717
 0.3382735725892
-0.3424504955788
 0.3319527837111
-0.3486609121325
 0.3255189763654
-0.3547557516916
 0.3189742500859
-0.3607329833303
 0.3123207404177
-0.3665906142831
 0.3055606182147
-0.3723266905754
 0.2986960889261
-0.3779392976417
 0.2917293918719
-0.3834265609299
 0.2846627995083
-0.3887866464918
 0.2774986166826
-0.3940177615598
 0.2702391798786
-0.3991181551100
 0.2628868564516
-0.4040861184100
 0.2554440438554
-0.4089199855530
 0.2479131688587
-0.4136181339776
 0.2402966867539
-0.4181789849724
 0.2325970805568
-0.4226010041655
 0.2248168601984
-0.4268827019999
 0.2169585617088
-0.4310226341929
 0.2090247463934
-0.4350194021810
 0.2010180000019
-0.4388716535486
 0.1929409318899
-0.4425780824420
 0.1847961741747
-0.4461374299673
 0.1765863808840
-0.4495484845729
 0.1683142270983
-0.4528100824162
 0.1599824080884
-0.4559211077142
 0.1515936384469
-0.4588804930784
 0.1431506512141
-0.4616872198333
 0.1346561970001
-0.4643403183197
 0.1261130431014
-0.4668388681805
 0.1175239726137
-0.4691819986316
 0.1088917835406
-0.4713688887155
 0.1002192878990
-0.4733987675394
 0.0915093108207
-0.4752709144963
 0.0827646896513
-0.4769846594703
 0.0739882730465
-0.4785393830248
 0.0651829200654
-0.4799345165753
 0.0563514992630
-0.4811695425444
 0.0474968877790
-0.4822439945018
 0.0386219704274
-0.4831574572867
 0.0297296387828
-0.4839095671144
 0.0208227902675
-0.4845000116663
 0.0119043272368
-0.4849285301635
 0.0029771560652
-0.4851949134239
-0.0059558137682
-0.4852990039032
-0.0148916705940
-0.4852406957190
-0.0238275014652
-0.4850199346597
-0.0327603930700
-0.4846367181756
-0.0416874326426
-0.4840910953556
-0.0506057088734
-0.4833831668861
-0.0595123128162
-0.4825130849949
-0.0684043387938
-0.4814810533789
-0.0772788853020
-0.4802873271155
-0.0861330559094
-0.4789322125583
-0.0949639601553
-0.4774160672174
-0.1037687144443
-0.4757392996236
-0.1125444429366
-0.4739023691771
-0.1212882784359
-0.4719057859806
-0.1299973632715
-0.4697501106574
-0.1386688501775
-0.4674359541540
-0.1472999031666
-0.4649639775272
-0.1558876983999
-0.4623348917168
-0.1644294250499
-0.4595494573027
-0.1729222861603
-0.4566084842476
-0.1813634994985
-0.4535128316253
-0.1897502984030
-0.4502634073336
-0.1980799326245
-0.4468611677935
-0.2063496691606
-0.4433071176341
-0.2145567930839
-0.4396023093630
-0.2226986083634
-0.4357478430231
-0.2307724386787
-0.4317448658356
-0.2387756282272
-0.4275945718290
-0.2467055425230
-0.4232982014549
-0.2545595691890
-0.4188570411905
-0.2623351187408
-0.4142724231280
-0.2700296253618
-0.4095457245507
-0.2776405476709
-0.4046783674966
-0.2851653694809
-0.3996718183091
-0.2926016005484
-0.3945275871759
-0.2999467773149
-0.3892472276547
-0.3071984636384
-0.3838323361875
-0.3143542515158
-0.3782845516031
-0.3214117617960
-0.3726055546072
-0.3283686448828
-0.3667970672618
-0.3352225814286
-0.3608608524528
-0.3419712830171
-0.3547987133469
-0.3486124928370
-0.3486124928370
-0.3551439863441
-0.3423040729778
-0.3615635719139
-0.3358753744101
-0.3678690914828
-0.3293283557752
-0.3740584211788
-0.3226650131194
-0.3801294719411
-0.3158873792883
-0.3860801901288
-0.3089975233114
-0.3919085581180
-0.3019975497781
-0.3976125948878
-0.2948895982032
-0.4031903565949
-0.2876758423847
-0.4086399371359
-0.2803584897519
-0.4139594686988
-0.2729397807054
-0.4191471223022
-0.2654219879488
-0.4242011083220
-0.2578074158119
-0.4291196770073
-0.2500983995668
-0.4339011189827
-0.2422973047352
-0.4385437657396
-0.2344065263896
-0.4430459901140
-0.2264284884460
-0.4474062067530
-0.2183656429509
-0.4516228725680
-0.2102204693602
-0.4556944871754
-0.2019954738130
-0.4596195933249
-0.1936931883978
-0.4633967773148
-0.1853161704134
-0.4670246693948
-0.1768670016241
-0.4705019441554
-0.1683482875084
-0.4738273209052
-0.1597626565034
-0.4769995640344
-0.1511127592431
-0.4800174833656
-0.1424012677926
-0.4828799344917
-0.1336308748768
-0.4855858191006
-0.1248042931053
-0.4881340852865
-0.1159242541926
-0.4905237278485
-0.1069935081746
-0.4927537885752
-0.0980148226208
-0.4948233565175
-0.0889909818438
-0.4967315682463
-0.0799247861045
-0.4984776080986
-0.0708190508146
-0.5000607084090
-0.0616766057364
-0.5014801497291
-0.0525002941796
-0.5027352610327
-0.0432929721956
-0.5038254199081
-0.0340575077699
-0.5047500527370
-0.0247967800119
-0.5055086348605
-0.0155136783440
-0.5061006907309
-0.0062111016873
-0.5065257940512
 0.0031080423521
-0.5067835679009
 0.0124408382994
-0.5068736848488
 0.0217843636276
-0.5067958670522
 0.0311356895751
-0.5065498863431
 0.0404918819638
-0.5061355643017
 0.0498500020170
-0.5055527723158
 0.0592071071787
-0.5048014316284
 0.0685602519309
-0.5038815133710
 0.0779064886127
-0.5027930385845
 0.0872428682371
-0.5015360782276
 0.0965664413085
-0.5001107531711
 0.1058742586382
-0.4985172341804
 0.1151633721597
-0.4967557418848
 0.1244308357423
-0.4948265467340
 0.1336737060031
-0.4927299689419
 0.1428890431178
-0.4904663784177
 0.1520739116289
-0.4880361946852
 0.1612253812529
-0.4854398867880
 0.1703405276844
-0.4826779731839
 0.1794164333980
-0.4797510216260
 0.1884501884481
-0.4766596490320
 0.1974388912650
-0.4734045213405
 0.2063796494493
-0.4699863533562
 0.2152695805617
-0.4664059085825
 0.2241058129110
-0.4626639990420
 0.2328854863377
-0.4587614850852
 0.2416057529940
-0.4546992751878
 0.2502637781204
-0.4504783257357
 0.2588567408185
-0.4460996407988
 0.2673818348186
-0.4415642718930
 0.2758362692445
-0.4368733177308
 0.2842172693726
-0.4320279239608
 0.2925220773874
-0.4270292828957
 0.3007479531314
-0.4218786332291
 0.3088921748506
-0.4165772597416
 0.3169520399352
-0.4111264929956
 0.3249248656542
-0.4055277090194
 0.3328079898856
-0.3997823289808
 0.3405987718408
-0.3938918188494
 0.3482945927831
-0.3878576890493
 0.3558928567409
-0.3816814941005
 0.3633909912147
-0.3753648322507
 0.3707864478782
-0.3689093450967
 0.3780767032734
-0.3623167171954
 0.3852592594989
-0.3555886756650
 0.3923316448926
-0.3487269897772
 0.3992914147071
-0.3417334705379
 0.4061361517789
-0.3346099702601
 0.4128634671908
-0.3273583821264
 0.4194710009274
-0.3199806397420
 0.4259564225230
-0.3124787166790
 0.4323174317039
-0.3048546260110
 0.4385517590215
-0.2971104198395
 0.4446571664797
-0.2892481888102
 0.4506314481542
-0.2812700616221
 0.4564724308041
-0.2731782045262
 0.4621779744763
-0.2649748208174
 0.4677459731016
-0.2566621503165
 0.4731743550838
-0.2482424688454
 0.4784610838800
-0.2397180876928
 0.4836041585734
-0.2310913530727
 0.4886016144379
-0.2223646455752
 0.4934515234942
-0.2135403796087
 0.4981519950582
-0.2046210028349
 0.5027011762806
-0.1956089955970
 0.5070972526779
-0.1865068703394
 0.5113384486555
-0.1773171710206
 0.5154230280215
-0.1680424725194
 0.5193492944920
-0.1586853800337
 0.5231155921885
-0.1492485284721
 0.5267203061246
-0.1397345818401
 0.5301618626860
-0.1301462326177
 0.5334387300997
-0.1204862011327
 0.5365494188952
-0.1107572349259
 0.5394924823564
-0.1009621081114
 0.5422665169640
-0.0911036207298
 0.5448701628293
-0.0811845980961
 0.5473021041179
-0.0712078901420
 0.5495610694649
-0.0611763707515
 0.5516458323801
-0.0510929370921
 0.5535552116438
-0.0409605089397
 0.5552880716937
-0.0307820279990
 0.5568433230016
-0.0205604572183
 0.5582199224405
-0.0102987800987
 0.5594168736426
 0.0000000000000
 0.5604332273473
 0.0103328605600
 0.5612680817389
 0.0206967606095
 0.5619205827759
 0.0310886414320
 0.5623899245091
 0.0415054272795
 0.5626753493905
 0.0519440260901
 0.5627761485724
 0.0624013302100
 0.5626916621963
 0.0728742171192
 0.5624212796719
 0.0833595501609
 0.5619644399464
 0.0938541792752
 0.5613206317629
 0.1043549417362
 0.5604893939104
 0.1148586628919
 0.5594703154618
 0.1253621569087
 0.5582630360031
 0.1358622275182
 0.5568672458522
 0.1463556687677
 0.5552826862671
 0.1568392657730
 0.5535091496447
 0.1673097954748
 0.5515464797083
 0.1777640273974
 0.5493945716863
 0.1881987244103
 0.5470533724794
 0.1986106434919
 0.5445228808184
 0.2089965364960
 0.5418031474109
 0.2193531509205
 0.5388942750788
 0.2296772306778
 0.5357964188846
 0.2399655168676
 0.5325097862479
 0.2502147485516
 0.5290346370511
 0.2604216635301
 0.5253712837355
 0.2705829991194
 0.5215200913861
 0.2806954929319
 0.5174814778073
 0.2907558836568
 0.5132559135867
 0.3007609118427
 0.5088439221502
 0.3107073206803
 0.5042460798055
 0.3205918567879
 0.4994630157755
 0.3304112709959
 0.4944954122221
 0.3401623191336
 0.4893440042582
 0.3498417628161
 0.4840095799510
 0.3594463702317
 0.4784929803136
 0.3689729169301
 0.4727950992866
 0.3784181866107
 0.4669168837101
 0.3877789719113
 0.4608593332838
 0.3970520751969
 0.4546235005185
 0.4062343093486
 0.4482104906757
 0.4153224985521
 0.4416214616980
 0.4243134790867
 0.4348576241285
 0.4332041001129
 0.4279202410200
 0.4419912244608
 0.4208106278339
 0.4506717294170
 0.4135301523291
 0.4592425075114
 0.4060802344400
 0.4677004673032
 0.3984623461445
 0.4760425341656
 0.3906780113220
 0.4842656510702
 0.3827288056005
 0.4923667793700
 0.3746163561939
 0.5003428995808
 0.3663423417290
 0.5081910121623
 0.3579084920621
 0.5159081382968
 0.3493165880854
 0.5234913206670
 0.3405684615235
 0.5309376242323
 0.3316659947190
 0.5382441370025
 0.3226111204088
 0.5454079708109
 0.3134058214898
 0.5524262620845
 0.3040521307740
 0.5592961726127
 0.2945521307345
 0.5660148903141
 0.2849079532406
 0.5725796299999
 0.2751217792832
 0.5789876341365
 0.2651958386896
 0.5852361736048
 0.2551324098291
 0.5913225484567
 0.2449338193078
 0.5972440886700
 0.2346024416538
 0.6029981548993
 0.2241406989923
 0.6085821392254
 0.2135510607109
 0.6139934659005
 0.2028360431145
 0.6192295920910
 0.1919982090708
 0.6242880086174
 0.1810401676456
 0.6291662406904
 0.1699645737284
 0.6338618486438
 0.1587741276480
 0.6383724286645
 0.1474715747785
 0.6426956135183
 0.1360597051349
 0.6468290732720
 0.1245413529600
 0.6507705160127
 0.1129193963006
 0.6545176885622
 0.1011967565741
 0.6580683771884
 0.0893763981261
 0.6614204083115
 0.0774613277773
 0.6645716492076
 0.0654545943618
 0.6675200087067
 0.0533592882551
 0.6702634378873
 0.0411785408926
 0.6727999307662
 0.0289155242786
 0.6751275249838
 0.0165734504862
 0.6772443024849
 0.0041555711468
 0.6791483901948
-0.0083348230688
 0.6808379606909
-0.0208944029797
 0.6823112328684
-0.0335198014331
 0.6835664726025
-0.0462076138519
 0.6846019934041
-0.0589543987916
 0.6854161570716
-0.0717566785070
 0.6860073743364
-0.0846109395274
 0.6863741055035
-0.0975136332420
 0.6865148610869
-0.1104611764934
 0.6864282024390
-0.1234499521814
 0.6861127423743
-0.1364763098750
 0.6855671457882
-0.1495365664345
 0.6847901302686
-0.1626270066415
 0.6837804667029
-0.1757438838394
 0.6825369798784
-0.1888834205814
 0.6810585490761
-0.2020418092888
 0.6793441086595
-0.2152152129173
 0.6773926486558
-0.2283997656327
 0.6752032153318
-0.2415915734957
 0.6727749117624
-0.2547867151548
 0.6701068983932
-0.2679812425486
 0.6671983935960
-0.2811711816169
 0.6640486742176
-0.2943525330203
 0.6606570761222
-0.3075212728683
 0.6570229947259
-0.3206733534567
 0.6531458855252
-0.3338047040132
 0.6490252646174
-0.3469112314514
 0.6446607092144
-0.3599888211341
 0.6400518581488
-0.3730333376440
 0.6351984123729
-0.3860406255643
 0.6301001354499
-0.3990065102662
 0.6247568540371
-0.4119267987059
 0.6191684583625
-0.4247972802296
 0.6133349026924
-0.4376137273870
 0.6072562057915
-0.4503718967524
 0.6009324513754
-0.4630675297549
 0.5943637885542
-0.4756963535166
 0.5875504322687
-0.4882540816982
 0.5804926637174
-0.5007364153541
 0.5731908307760
-0.5131390437940
 0.5656453484077
-0.5254576454538
 0.5578566990654
-0.5376878887737
 0.5498254330848
-0.5498254330848
 0.5415521690687
-0.5618659295031
 0.5330375942629
-0.5738050218317
 0.5242824649223
-0.5856383474704
 0.5152876066689
-0.5973615383339
 0.5060539148393
-0.6089702217766
 0.4965823548244
-0.6204600215258
 0.4868739623983
-0.6318265586225
 0.4769298440386
-0.6430654523696
 0.4667511772364
-0.6541723212872
 0.4563392107978
-0.6651427840765
 0.4456952651337
-0.6759724605900
 0.4348207325415
-0.6866569728098
 0.4237170774754
-0.6971919458328
 0.4123858368078
-0.7075730088632
 0.4008286200791
-0.7177957962128
 0.3890471097385
-0.7278559483077
 0.3770430613731
-0.7377491127026
 0.3648183039277
-0.7474709451023
 0.3523747399127
-0.7570171103894
 0.3397143456020
-0.7663832836599
 0.3268391712200
-0.7755651512655
 0.3137513411173
-0.7845584118623
 0.3004530539351
-0.7933587774666
 0.2869465827592
-0.8019619745178
 0.2732342752618
-0.8103637449471
 0.2593185538326
-0.8185598472538
 0.2452019156973
-0.8265460575874
 0.2308869330259
-0.8343181708367
 0.2163762530279
-0.8418720017252
 0.2016725980362
-0.8492033859126
 0.1867787655791
-0.8563081811034
 0.1716976284399
-0.8631822681604
 0.1564321347042
-0.8698215522262
 0.1409853077950
-0.8762219638490
 0.1253602464955
-0.8823794601161
 0.1095601249590
-0.8882900257920
 0.0935881927061
-0.8939496744633
 0.0774477746089
-0.8993544496894
 0.0611422708631
-0.9045004261586
 0.0446751569457
-0.9093837108502
 0.0280499835606
-0.9140004442021
 0.0112703765702
-0.9183468012845
-0.0056599630863
-0.9224189929780
-0.0227372594877
-0.9262132671584
-0.0399576618403
-0.9297259098861
-0.0573172446003
-0.9329532466007
-0.0748120076106
-0.9358916433216
-0.0924378762517
-0.9385375078525
-0.1101907016070
-0.9408872909923
-0.1280662606417
-0.9429374877497
-0.1460602563974
-0.9446846385639
-0.1641683182001
-0.9461253305287
-0.1823860018838
-0.9472561986228
-0.2007087900287
-0.9480739269434
-0.2191320922145
-0.9485752499454
-0.2376512452888
-0.9487569536844
-0.2562615136506
-0.9486158770641
-0.2749580895501
-0.9481489130882
-0.2937360934028
-0.9473530101166
-0.3125905741204
-0.9462251731249
-0.3315165094572
-0.9447624649690
-0.3505088063724
-0.9429620076527
-0.3695623014086
-0.9408209835995
-0.3886717610870
-0.9383366369277
-0.4078318823184
-0.9355062747298
-0.4270372928313
-0.9323272683545
-0.4462825516166
-0.9287970546926
-0.4655621493892
-0.9249131374663
-0.4848705090665
-0.9206730885207
-0.5042019862647
-0.9160745491201
-0.5235508698114
-0.9111152312448
-0.5429113822771
-0.9057929188933
-0.5622776805228
-0.9001054693851
-0.5816438562669
-0.8940508146672
-0.6010039366692
-0.8876269626228
-0.6203518849333
-0.8808319983822
-0.6396816009271
-0.8736640856358
-0.6589869218225
-0.8661214679498
-0.6782616227526
-0.8582024700829
-0.6974994174886
-0.8499054993055
-0.7166939591357
-0.8412290467203
-0.7358388408470
-0.8321716885848
-0.7549275965583
-0.8227320876344
-0.7739537017411
-0.8129089944077
-0.7929105741761
-0.8027012485720
-0.8117915747458
-0.7921077802510
-0.8305900082475
-0.7811276113516
-0.8492991242265
-0.7697598568931
-0.8679121178297
-0.7580037263358
-0.8864221306791
-0.7458585249103
-0.9048222517669
-0.7333236549469
-0.9231055183708
-0.7203986172054
-0.9412649169905
-0.7070830122043
-0.9592933843059
-0.6933765415498
-0.9771838081560
-0.6792790092647
-0.9949290285398
-0.6647903231161
-1.0125218386392
-0.6499104959425
-1.0299549858636
-0.6346396469805
-1.0472211729166
-0.6189780031888
-1.0643130588851
-0.6029259005730
-1.0812232603516
-0.5864837855063
-1.0979443525281
-0.5696522160510
-1.1144688704140
-0.5524318632760
-1.1307893099765
-0.5348235125733
-1.1468981293547
-0.5168280649718
-1.1627877500871
-0.4984465384483
-1.1784505583628
-0.4796800692365
-1.1938789062968
-0.4605299131319
-1.2090651132294
-0.4409974467945
-1.2240014670499
-0.4210841690475
-1.2386802255448
-0.4007917021723
-1.2530936177710
-0.3801217932004
-1.2672338454539
-0.3590763151997
-1.2810930844105
-0.3376572685582
-1.2946634859983
-0.3158667822617
-1.3079371785893
-0.2937071151673
-1.3209062690704
-0.2711806572717
-1.3335628443696
-0.2482899309741
-1.3458989730081
-0.2250375923336
-1.3579067066798
-0.2014264323203
-1.3695780818564
-0.1774593780610
-1.3809051214204
-0.1531394940776
-1.3918798363249
-0.1284699835196
-1.4024942272805
-0.1034541893889
-1.4127402864702
-0.0780955957577
-1.4226099992920
-0.0523978289790
-1.4320953461298
-0.0263646588887
-1.4411883041520
 0.0000000000000
-1.4498808491393
 0.0266920873112
-1.4581649573412
 0.0537073956291
-1.4660326073606
 0.0810415693305
-1.4734757820692
 0.1086901034264
-1.4804864705511
 0.1366483424136
-1.4870566700764
 0.1649114791362
-1.4931783881053
 0.1934745536582
-1.4988436443218
 0.2223324521460
-1.5040444726981
 0.2514799057630
-1.5087729235896
 0.2809114895749
-1.5130210658612
 0.3106216214682
-1.5167809890440
 0.3406045610793
-1.5200448055242
 0.3708544087380
-1.5228046527634
 0.4013651044229
-1.5250526955509
 0.4321304267309
-1.5267811282879
 0.4631439918604
-1.5279821773044
 0.4943992526089
-1.5286481032090
 0.5258894973853
-1.5287712032711
 0.5576078492371
-1.5283438138370
 0.5895472648941
-1.5273583127785
 0.6217005338267
-1.5258071219765
 0.6540602773223
-1.5236827098372
 0.6866189475775
-1.5209775938440
 0.7193688268082
-1.5176843431425
 0.7523020263775
-1.5137955811611
 0.7854104859422
-1.5093039882667
 0.8186859726182
-1.5042023044553
 0.8521200801648
-1.4984833320782
 0.8857042281893
-1.4921399386045
 0.9194296613724
-1.4851650594190
 0.9532874487140
-1.4775517006572
 0.9872684828004
-1.4692929420761
 1.0213634790946
-1.4603819399630
 1.0555629752477
-1.4508119300804
 1.0898573304347
-1.4405762306491
 1.1242367247140
-1.4296682453686
 1.1586911584103
-1.4180814664757
 1.1932104515236
-1.4058094778413
 1.2277842431635
-1.3928459581057
 1.2624019910088
-1.3791846838529
 1.2970529707959
-1.3648195328239
 1.3317262758324
-1.3497444871690
 1.3664108165407
-1.3339536367406
 1.4010953200297
-1.3174411824246
 1.4357683296958
-1.3002014395136
 1.4704182048545
-1.2822288411191
 1.5050331204030
-1.2635179416255
 1.5396010665143
-1.2440634201841
 1.5741098483635
-1.2238600842496
 1.6085470858874
-1.2029028731570
 1.6429002135785
-1.1811868617409
 1.6771564803126
-1.1587072639971
 1.7113029492131
-1.1354594367860
 1.7453264975504
-1.1114388835790
 1.7792138166796
-1.0866412582479
 1.8129514120150
-1.0610623688972
 1.8465256030443
-1.0346981817399
 1.8799225233817
-1.0075448250175
 1.9131281208624
-0.9795985929631
 1.9461281576773
-0.9508559498096
 1.9789082105518
-0.9213135338419
 2.0114536709658
-0.8909681614942
 2.0437497454197
-0.8598168314920
 2.0757814557447
-0.8278567290398
 2.1075336394593
-0.7950852300538
 2.1389909501735
-0.7614999054414
 2.1701378580405
-0.7270985254252
 2.2009586502579
-0.6918790639152
 2.2314374316199
-0.6558397029259
 2.2615581251194
-0.6189788370413
 2.2913044726042
-0.5812950779261
 2.3206600354853
-0.5427872588855
 2.3496081955011
-0.5034544394708
 2.3781321555368
-0.4632959101341
 2.4062149405012
-0.4223111969304
 2.4338393982615
-0.3805000662683
 2.4609882006376
-0.3378625297085
 2.4876438444575
-0.2943988488119
 2.5137886526742
-0.2501095400355
 2.5394047755466
-0.2049953796782
 2.5644741918837
-0.1590574088757
 2.5889787103565
-0.1122969386447
 2.6128999708758
-0.0647155549770
 2.6362194460394
-0.0163151239832
 2.6589184426491
 0.0329022029132
 2.6809781032996
 0.0829339837315
 2.7023794080404
 0.1337774806396
 2.7231031761117
 0.0829339837315
-2.7023794080404
 0.0329022029132
-2.6809781032996
-0.0163151239832
-2.6589184426491
-0.0647155549770
-2.6362194460394
-0.1122969386447
-2.6128999708758
-0.1590574088757
-2.5889787103565
-0.2049953796782
-2.5644741918837
-0.2501095400355
-2.5394047755466
-0.2943988488119
-2.5137886526742
-0.3378625297085
-2.4876438444575
-0.3805000662683
-2.4609882006376
-0.4223111969304
-2.4338393982615
-0.4632959101341
-2.4062149405012
-0.5034544394708
-2.3781321555368
-0.5427872588855
-2.3496081955011
-0.5812950779261
-2.3206600354853
-0.6189788370413
-2.2913044726042
-0.6558397029259
-2.2615581251194
-0.6918790639152
-2.2314374316199
-0.7270985254252
-2.2009586502579
-0.7614999054414
-2.1701378580405
-0.7950852300538
-2.1389909501735
-0.8278567290398
-2.1075336394593
-0.8598168314920
-2.0757814557447
-0.8909681614942
-2.0437497454197
-0.9213135338419
-2.0114536709658
-0.9508559498096
-1.9789082105518
-0.9795985929631
-1.9461281576773
-1.0075448250175
-1.9131281208624
-1.0346981817399
-1.8799225233817
-1.0610623688972
-1.8465256030443
-1.0866412582479
-1.8129514120150
-1.1114388835790
-1.7792138166796
-1.1354594367860
-1.7453264975504
-1.1587072639971
-1.7113029492131
-1.1811868617409
-1.6771564803126
-1.2029028731570
-1.6429002135785
-1.2238600842496
-1.6085470858874
-1.2440634201841
-1.5741098483635
-1.2635179416255
-1.5396010665143
-1.2822288411191
-1.5050331204030
-1.3002014395136
-1.4704182048545
-1.3174411824246
-1.4357683296958
-1.3339536367406
-1.4010953200297
-1.3497444871690
-1.3664108165407
-1.3648195328239
-1.3317262758324
-1.3791846838529
-1.2970529707959
-1.3928459581057
-1.2624019910088
-1.4058094778413
-1.2277842431635
-1.4180814664757
-1.1932104515236
-1.4296682453686
-1.1586911584103
-1.4405762306491
-1.1242367247140
-1.4508119300804
-1.0898573304347
-1.4603819399630
-1.0555629752477
-1.4692929420761
-1.0213634790946
-1.4775517006572
-0.9872684828004
-1.4851650594190
-0.9532874487140
-1.4921399386045
-0.9194296613724
-1.4984833320782
-0.8857042281893
-1.5042023044553
-0.8521200801648
-1.5093039882667
-0.8186859726182
-1.5137955811611
-0.7854104859422
-1.5176843431425
-0.7523020263775
-1.5209775938440
-0.7193688268082
-1.5236827098372
-0.6866189475775
-1.5258071219765
-0.6540602773223
-1.5273583127785
-0.6217005338267
-1.5283438138370
-0.5895472648941
-1.5287712032711
-0.5576078492371
-1.5286481032090
-0.5258894973853
-1.5279821773044
-0.4943992526089
-1.5267811282879
-0.4631439918604
-1.5250526955509
-0.4321304267309
-1.5228046527634
-0.4013651044229
-1.5200448055242
-0.3708544087380
-1.5167809890440
-0.3406045610793
-1.5130210658612
-0.3106216214682
-1.5087729235896
-0.2809114895749
-1.5040444726981
-0.2514799057630
-1.4988436443218
-0.2223324521460
-1.4931783881053
-0.1934745536582
-1.4870566700764
-0.1649114791362
-1.4804864705511
-0.1366483424136
-1.4734757820692
-0.1086901034264
-1.4660326073606
-0.0810415693305
-1.4581649573412
-0.0537073956291
-1.4498808491393
-0.0266920873112
-1.4411883041520
 0.0000000000000
-1.4320953461298
 0.0263646588887
-1.4226099992920
 0.0523978289790
-1.4127402864702
 0.0780955957577
-1.4024942272805
 0.1034541893889
-1.3918798363249
 0.1284699835196
-1.3809051214204
 0.1531394940776
-1.3695780818564
 0.1774593780610
-1.3579067066798
 0.2014264323203
-1.3458989730081
 0.2250375923336
-1.3335628443696
 0.2482899309741
-1.3209062690704
 0.2711806572717
-1.3079371785893
 0.2937071151673
-1.2946634859983
 0.3158667822617
-1.2810930844105
 0.3376572685582
-1.2672338454539
 0.3590763151997
-1.2530936177710
 0.3801217932004
-1.2386802255448
 0.4007917021723
-1.2240014670499
 0.4210841690475
-1.2090651132294
 0.4409974467945
-1.1938789062968
 0.4605299131319
-1.1784505583628
 0.4796800692365
-1.1627877500871
 0.4984465384483
-1.1468981293547
 0.5168280649718
-1.1307893099765
 0.5348235125733
-1.1144688704140
 0.5524318632760
-1.0979443525281
 0.5696522160510
-1.0812232603516
 0.5864837855063
-1.0643130588851
 0.6029259005730
-1.0472211729166
 0.6189780031888
-1.0299549858636
 0.6346396469805
-1.0125218386392
 0.6499104959425
-0.9949290285398
 0.6647903231161
-0.9771838081560
 0.6792790092647
-0.9592933843059
 0.6933765415498
-0.9412649169905
 0.7070830122043
-0.9231055183708
 0.7203986172054
-0.9048222517669
 0.7333236549469
-0.8864221306791
 0.7458585249103
-0.8679121178297
 0.7580037263358
-0.8492991242265
 0.7697598568931
-0.8305900082475
 0.7811276113516
-0.8117915747458
 0.7921077802510
-0.7929105741761
 0.8027012485720
-0.7739537017411
 0.8129089944077
-0.7549275965583
 0.8227320876344
-0.7358388408470
 0.8321716885848
-0.7166939591357
 0.8412290467203
-0.6974994174886
 0.8499054993055
-0.6782616227526
 0.8582024700829
-0.6589869218225
 0.8661214679498
-0.6396816009271
 0.8736640856358
-0.6203518849333
 0.8808319983822
-0.6010039366692
 0.8876269626228
-0.5816438562669
 0.8940508146672
-0.5622776805228
 0.9001054693851
-0.5429113822771
 0.9057929188933
-0.5235508698114
 0.9111152312448
-0.5042019862647
 0.9160745491201
-0.4848705090665
 0.9206730885207
-0.4655621493892
 0.9249131374663
-0.4462825516166
 0.9287970546926
-0.4270372928313
 0.9323272683545
-0.4078318823184
 0.9355062747298
-0.3886717610870
 0.9383366369277
-0.3695623014086
 0.9408209835995
-0.3505088063724
 0.9429620076527
-0.3315165094572
 0.9447624649690
-0.3125905741204
 0.9462251731249
-0.2937360934028
 0.9473530101166
-0.2749580895501
 0.9481489130882
-0.2562615136506
 0.9486158770641
-0.2376512452888
 0.9487569536844
-0.2191320922145
 0.9485752499454
-0.2007087900287
 0.9480739269434
-0.1823860018838
 0.9472561986228
-0.1641683182001
 0.9461253305287
-0.1460602563974
 0.9446846385639
-0.1280662606417
 0.9429374877497
-0.1101907016070
 0.9408872909923
-0.0924378762517
 0.9385375078525
-0.0748120076106
 0.9358916433216
-0.0573172446003
 0.9329532466007
-0.0399576618403
 0.9297259098861
-0.0227372594877
 0.9262132671584
-0.0056599630863
 0.9224189929780
 0.0112703765702
 0.9183468012845
 0.0280499835606
 0.9140004442021
 0.0446751569457
 0.9093837108502
 0.0611422708631
 0.9045004261586
 0.0774477746089
 0.8993544496894
 0.0935881927061
 0.8939496744633
 0.1095601249590
 0.8882900257920
 0.1253602464955
 0.8823794601161
 0.1409853077950
 0.8762219638490
 0.1564321347042
 0.8698215522262
 0.1716976284399
 0.8631822681604
 0.1867787655791
 0.8563081811034
 0.2016725980362
 0.8492033859126
 0.2163762530279
 0.8418720017252
 0.2308869330259
 0.8343181708367
 0.2452019156973
 0.8265460575874
 0.2593185538326
 0.8185598472538
 0.2732342752618
 0.8103637449471
 0.2869465827592
 0.8019619745178
 0.3004530539351
 0.7933587774666
 0.3137513411173
 0.7845584118623
 0.3268391712200
 0.7755651512655
 0.3397143456020
 0.7663832836599
 0.3523747399127
 0.7570171103894
 0.3648183039277
 0.7474709451023
 0.3770430613731
 0.7377491127026
 0.3890471097385
 0.7278559483077
 0.4008286200791
 0.7177957962128
 0.4123858368078
 0.7075730088632
 0.4237170774754
 0.6971919458328
 0.4348207325415
 0.6866569728098
 0.4456952651337
 0.6759724605900
 0.4563392107978
 0.6651427840765
 0.4667511772364
 0.6541723212872
 0.4769298440386
 0.6430654523696
 0.4868739623983
 0.6318265586225
 0.4965823548244
 0.6204600215258
 0.5060539148393
 0.6089702217766
 0.5152876066689
 0.5973615383339
 0.5242824649223
 0.5856383474704
 0.5330375942629
 0.5738050218317
 0.5415521690687
 0.5618659295031
 0.5498254330848
 0.5498254330848
 0.5578566990654
 0.5376878887737
 0.5656453484077
 0.5254576454538
 0.5731908307760
 0.5131390437940
 0.5804926637174
 0.5007364153541
 0.5875504322687
 0.4882540816982
 0.5943637885542
 0.4756963535166
 0.6009324513754
 0.4630675297549
 0.6072562057915
 0.4503718967524
 0.6133349026924
 0.4376137273870
 0.6191684583625
 0.4247972802296
 0.6247568540371
 0.4119267987059
 0.6301001354499
 0.3990065102662
 0.6351984123729
 0.3860406255643
 0.6400518581488
 0.3730333376440
 0.6446607092144
 0.3599888211341
 0.6490252646174
 0.3469112314514
 0.6531458855252
 0.3338047040132
 0.6570229947259
 0.3206733534567
 0.6606570761222
 0.3075212728683
 0.6640486742176
 0.2943525330203
 0.6671983935960
 0.2811711816169
 0.6701068983932
 0.2679812425486
 0.6727749117624
 0.2547867151548
 0.6752032153318
 0.2415915734957
 0.6773926486558
 0.2283997656327
 0.6793441086595
 0.2152152129173
 0.6810585490761
 0.2020418092888
 0.6825369798784
 0.1888834205814
 0.6837804667029
 0.1757438838394
 0.6847901302686
 0.1626270066415
 0.6855671457882
 0.1495365664345
 0.6861127423743
 0.1364763098750
 0.6864282024390
 0.1234499521814
 0.6865148610869
 0.1104611764934
 0.6863741055035
 0.0975136332420
 0.6860073743364
 0.0846109395274
 0.6854161570716
 0.0717566785070
 0.6846019934041
 0.0589543987916
 0.6835664726025
 0.0462076138519
 0.6823112328684
 0.0335198014331
 0.6808379606909
 0.0208944029797
 0.6791483901948
 0.0083348230688
 0.6772443024849
-0.0041555711468
 0.6751275249838
-0.0165734504862
 0.6727999307662
-0.0289155242786
 0.6702634378873
-0.0411785408926
 0.6675200087067
-0.0533592882551
 0.6645716492076
-0.0654545943618
 0.6614204083115
-0.0774613277773
 0.6580683771884
-0.0893763981261
 0.6545176885622
-0.1011967565741
 0.6507705160127
-0.1129193963006
 0.6468290732720
-0.1245413529600
 0.6426956135183
-0.1360597051349
 0.6383724286645
-0.1474715747785
 0.6338618486438
-0.1587741276480
 0.6291662406904
-0.1699645737284
 0.6242880086174
-0.1810401676456
 0.6192295920910
-0.1919982090708
 0.6139934659005
-0.2028360431145
 0.6085821392254
-0.2135510607109
 0.6029981548993
-0.2241406989923
 0.5972440886700
-0.2346024416538
 0.5913225484567
-0.2449338193078
 0.5852361736048
-0.2551324098291
 0.5789876341365
-0.2651958386896
 0.5725796299999
-0.2751217792832
 0.5660148903141
-0.2849079532406
 0.5592961726127
-0.2945521307345
 0.5524262620845
-0.3040521307740
 0.5454079708109
-0.3134058214898
 0.5382441370025
-0.3226111204088
 0.5309376242323
-0.3316659947190
 0.5234913206670
-0.3405684615235
 0.5159081382968
-0.3493165880854
 0.5081910121623
-0.3579084920621
 0.5003428995808
-0.3663423417290
 0.4923667793700
-0.3746163561939
 0.4842656510702
-0.3827288056005
 0.4760425341656
-0.3906780113220
 0.4677004673032
-0.3984623461445
 0.4592425075114
-0.4060802344400
 0.4506717294170
-0.4135301523291
 0.4419912244608
-0.4208106278339
 0.4332041001129
-0.4279202410200
 0.4243134790867
-0.4348576241285
 0.4153224985521
-0.4416214616980
 0.4062343093486
-0.4482104906757
 0.3970520751969
-0.4546235005185
 0.3877789719113
-0.4608593332838
 0.3784181866107
-0.4669168837101
 0.3689729169301
-0.4727950992866
 0.3594463702317
-0.4784929803136
 0.3498417628161
-0.4840095799510
 0.3401623191336
-0.4893440042582
 0.3304112709959
-0.4944954122221
 0.3205918567879
-0.4994630157755
 0.3107073206803
-0.5042460798055
 0.3007609118427
-0.5088439221502
 0.2907558836568
-0.5132559135867
 0.2806954929319
-0.5174814778073
 0.2705829991194
-0.5215200913861
 0.2604216635301
-0.5253712837355
 0.2502147485516
-0.5290346370511
 0.2399655168676
-0.5325097862479
 0.2296772306778
-0.5357964188846
 0.2193531509205
-0.5388942750788
 0.2089965364960
-0.5418031474109
 0.1986106434919
-0.5445228808184
 0.1881987244103
-0.5470533724794
 0.1777640273974
-0.5493945716863
 0.1673097954748
-0.5515464797083
 0.1568392657730
-0.5535091496447
 0.1463556687677
-0.5552826862671
 0.1358622275182
-0.5568672458522
 0.1253621569087
-0.5582630360031
 0.1148586628919
-0.5594703154618
 0.1043549417362
-0.5604893939104
 0.0938541792752
-0.5613206317629
 0.0833595501609
-0.5619644399464
 0.0728742171192
-0.5624212796719
 0.0624013302100
-0.5626916621963
 0.0519440260901
-0.5627761485724
 0.0415054272795
-0.5626753493905
 0.0310886414320
-0.5623899245091
 0.0206967606095
-0.5619205827759
 0.0103328605600
-0.5612680817389
 0.0000000000000
-0.5604332273473
-0.0102987800987
-0.5594168736426
-0.0205604572183
-0.5582199224405
-0.0307820279990
-0.5568433230016
-0.0409605089397
-0.5552880716937
-0.0510929370921
-0.5535552116438
-0.0611763707515
-0.5516458323801
-0.0712078901420
-0.5495610694649
-0.0811845980961
-0.5473021041179
-0.0911036207298
-0.5448701628293
-0.1009621081114
-0.5422665169640
-0.1107572349259
-0.5394924823564
-0.1204862011327
-0.5365494188952
-0.1301462326177
-0.5334387300997
-0.1397345818401
-0.5301618626860
-0.1492485284721
-0.5267203061246
-0.1586853800337
-0.5231155921885
-0.1680424725194
-0.5193492944920
-0.1773171710206
-0.5154230280215
-0.1865068703394
-0.5113384486555
-0.1956089955970
-0.5070972526779
-0.2046210028349
-0.5027011762806
-0.2135403796087
-0.4981519950582
-0.2223646455752
-0.4934515234942
-0.2310913530727
-0.4886016144379
-0.2397180876928
-0.4836041585734
-0.2482424688454
-0.4784610838800
-0.2566621503165
-0.4731743550838
-0.2649748208174
-0.4677459731016
-0.2731782045262
-0.4621779744763
-0.2812700616221
-0.4564724308041
-0.2892481888102
-0.4506314481542
-0.2971104198395
-0.4446571664797
-0.3048546260110
-0.4385517590215
-0.3124787166790
-0.4323174317039
-0.3199806397420
-0.4259564225230
-0.3273583821264
-0.4194710009274
-0.3346099702601
-0.4128634671908
-0.3417334705379
-0.4061361517789
-0.3487269897772
-0.3992914147071
-0.3555886756650
-0.3923316448926
-0.3623167171954
-0.3852592594989
-0.3689093450967
-0.3780767032734
-0.3753648322507
-0.3707864478782
-0.3816814941005
-0.3633909912147
-0.3878576890493
-0.3558928567409
-0.3938918188494
-0.3482945927831
-0.3997823289808
-0.3405987718408
-0.4055277090194
-0.3328079898856
-0.4111264929956
-0.3249248656542
-0.4165772597416
-0.3169520399352
-0.4218786332291
-0.3088921748506
-0.4270292828957
-0.3007479531314
-0.4320279239608
-0.2925220773874
-0.4368733177308
-0.2842172693726
-0.4415642718930
-0.2758362692445
-0.4460996407988
-0.2673818348186
-0.4504783257357
-0.2588567408185
-0.4546992751878
-0.2502637781204
-0.4587614850852
-0.2416057529940
-0.4626639990420
-0.2328854863377
-0.4664059085825
-0.2241058129110
-0.4699863533562
-0.2152695805617
-0.4734045213405
-0.2063796494493
-0.4766596490320
-0.1974388912650
-0.4797510216260
-0.1884501884481
-0.4826779731839
-0.1794164333980
-0.4854398867880
-0.1703405276844
-0.4880361946852
-0.1612253812529
-0.4904663784177
-0.1520739116289
-0.4927299689419
-0.1428890431178
-0.4948265467340
-0.1336737060031
-0.4967557418848
-0.1244308357423
-0.4985172341804
-0.1151633721597
-0.5001107531711
-0.1058742586382
-0.5015360782276
-0.0965664413085
-0.5027930385845
-0.0872428682371
-0.5038815133710
-0.0779064886127
-0.5048014316284
-0.0685602519309
-0.5055527723158
-0.0592071071787
-0.5061355643017
-0.0498500020170
-0.5065498863431
-0.0404918819638
-0.5067958670522
-0.0311356895751
-0.5068736848488
-0.0217843636276
-0.5067835679009
-0.0124408382994
-0.5065257940512
-0.0031080423521
-0.5061006907309
 0.0062111016873
-0.5055086348605
 0.0155136783440
-0.5047500527370
 0.0247967800119
-0.5038254199081
 0.0340575077699
-0.5027352610327
 0.0432929721956
-0.5014801497291
 0.0525002941796
-0.5000607084090
 0.0616766057364
-0.4984776080986
 0.0708190508146
-0.4967315682463
 0.0799247861045
-0.4948233565175
 0.0889909818438
-0.4927537885752
 0.0980148226208
-0.4905237278485
 0.1069935081746
-0.4881340852865
 0.1159242541926
-0.4855858191006
 0.1248042931053
-0.4828799344917
 0.1336308748768
-0.4800174833656
 0.1424012677926
-0.4769995640344
 0.1511127592431
-0.4738273209052
 0.1597626565034
-0.4705019441554
 0.1683482875084
-0.4670246693948
 0.1768670016241
-0.4633967773148
 0.1853161704134
-0.4596195933249
 0.1936931883978
-0.4556944871754
 0.2019954738130
-0.4516228725680
 0.2102204693602
-0.4474062067530
 0.2183656429509
-0.4430459901140
 0.2264284884460
-0.4385437657396
 0.2344065263896
-0.4339011189827
 0.2422973047352
-0.4291196770073
 0.2500983995668
-0.4242011083220
 0.2578074158119
-0.4191471223022
 0.2654219879488
-0.4139594686988
 0.2729397807054
-0.4086399371359
 0.2803584897519
-0.4031903565949
 0.2876758423847
-0.3976125948878
 0.2948895982032
-0.3919085581180
 0.3019975497781
-0.3860801901288
 0.3089975233114
-0.3801294719411
 0.3158873792883
-0.3740584211788
 0.3226650131194
-0.3678690914828
 0.3293283557752
-0.3615635719139
 0.3358753744101
-0.3551439863441
 0.3423040729778
-0.3486124928370
 0.3486124928370
-0.3419712830171
 0.3547987133469
-0.3352225814286
 0.3608608524528
-0.3283686448828
 0.3667970672618
-0.3214117617960
 0.3726055546072
-0.3143542515158
 0.3782845516031
-0.3071984636384
 0.3838323361875
-0.2999467773149
 0.3892472276547
-0.2926016005484
 0.3945275871759
-0.2851653694809
 0.3996718183091
-0.2776405476709
 0.4046783674966
-0.2700296253618
 0.4095457245507
-0.2623351187408
 0.4142724231280
-0.2545595691890
 0.4188570411905
-0.2467055425230
 0.4232982014549
-0.2387756282272
 0.4275945718290
-0.2307724386787
 0.4317448658356
-0.2226986083634
 0.4357478430231
-0.2145567930839
 0.4396023093630
-0.2063496691606
 0.4433071176341
-0.1980799326245
 0.4468611677935
-0.1897502984030
 0.4502634073336
-0.1813634994985
 0.4535128316253
-0.1729222861603
 0.4566084842476
-0.1644294250499
 0.4595494573027
-0.1558876983999
 0.4623348917168
-0.1472999031666
 0.4649639775272
-0.1386688501775
 0.4674359541540
-0.1299973632715
 0.4697501106574
-0.1212882784359
 0.4719057859806
-0.1125444429366
 0.4739023691771
-0.1037687144443
 0.4757392996236
-0.0949639601553
 0.4774160672174
-0.0861330559094
 0.4789322125583
-0.0772788853020
 0.4802873271155
-0.0684043387938
 0.4814810533789
-0.0595123128162
 0.4825130849949
-0.0506057088734
 0.4833831668861
-0.0416874326426
 0.4840910953556
-0.0327603930700
 0.4846367181756
-0.0238275014652
 0.4850199346597
-0.0148916705940
 0.4852406957190
-0.0059558137682
 0.4852990039032
 0.0029771560652
 0.4851949134239
 0.0119043272368
 0.4849285301635
 0.0208227902675
 0.4845000116663
 0.0297296387828
 0.4839095671144
 0.0386219704274
 0.4831574572867
 0.0474968877790
 0.4822439945018
 0.0563514992630
 0.4811695425444
 0.0651829200654
 0.4799345165753
 0.0739882730465
 0.4785393830248
 0.0827646896513
 0.4769846594703
 0.0915093108207
 0.4752709144963
 0.1002192878990
 0.4733987675394
 0.1088917835406
 0.4713688887155
 0.1175239726137
 0.4691819986316
 0.1261130431014
 0.4668388681805
 0.1346561970001
 0.4643403183197
 0.1431506512141
 0.4616872198333
 0.1515936384469
 0.4588804930784
 0.1599824080884
 0.4559211077142
 0.1683142270983
 0.4528100824162
 0.1765863808840
 0.4495484845729
 0.1847961741747
 0.4461374299673
 0.1929409318899
 0.4425780824420
 0.2010180000019
 0.4388716535486
 0.2090247463934
 0.4350194021810
 0.2169585617088
 0.4310226341929
 0.2248168601984
 0.4268827019999
 0.2325970805568
 0.4226010041655
 0.2402966867539
 0.4181789849724
 0.2479131688587
 0.4136181339776
 0.2554440438554
 0.4089199855530
 0.2628868564516
 0.4040861184100
 0.2702391798786
 0.3991181551100
 0.2774986166826
 0.3940177615598
 0.2846627995083
 0.3887866464918
 0.2917293918719
 0.3834265609299
 0.2986960889261
 0.3779392976417
 0.3055606182147
 0.3723266905754
 0.3123207404177
 0.3665906142831
 0.3189742500859
 0.3607329833303
 0.3255189763654
 0.3547557516916
 0.3319527837111
 0.3486609121325
 0.3382735725892
 0.3424504955788
 0.3444792801690
 0.3361265704717
 0.3505678810022
 0.3296912421107
 0.3565373876912
 0.3231466519834
 0.3623858515454
 0.3164949770833
 0.3681113632249
 0.3097384292146
 0.3737120533713
 0.3028792542854
 0.3791860932271
 0.2959197315887
 0.3845316952405
 0.2888621730724
 0.3897471136582
 0.2817089225971
 0.3948306451040
 0.2744623551834
 0.3997806291442
 0.2671248762481
 0.4045954488388
 0.2596989208295
 0.4092735312790
 0.2521869528032
 0.4138133481099
 0.2445914640864
 0.4182134160389
 0.2369149738340
 0.4224722973297
 0.2291600276236
 0.4265886002809
 0.2213291966324
 0.4305609796899
 0.2134250768042
 0.4343881373013
 0.2054502880086
 0.4380688222402
 0.1974074731905
 0.4416018314294
 0.1892992975132
 0.4449860099913
 0.1811284474916
 0.4482202516337
 0.1728976301199
 0.4513034990195
 0.1646095719902
 0.4542347441202
 0.1562670184059
 0.4570130285530
 0.1478727324868
 0.4596374439015
 0.1394294942693
 0.4621071320201
 0.1309400997997
 0.4644212853207
 0.1224073602223
 0.4665791470439
 0.1138341008618
 0.4685800115119
 0.1052231603009
 0.4704232243654
 0.0965773894533
 0.4721081827831
 0.0878996506317
 0.4736343356832
 0.0791928166127
 0.4750011839088
 0.0704597696970
 0.4762082803952
 0.0617034007670
 0.4772552303197
 0.0529266083407
 0.4781416912342
 0.0441322976235
 0.4788673731805
 0.0353233795573
 0.4794320387867
 0.0265027698671
 0.4798355033479
 0.0176733881071
 0.4800776348877
 0.0088381567038
