 0.5185609012856
 0.0000000000000
 0.5173655125835
-0.0353268928217
 0.5137847082541
-0.0704934488730
 0.5078345489480
-0.1053400513396
 0.4995417202866
-0.1397085198022
 0.4889434101333
-0.1734428196612
 0.4760871377049
-0.2063897610980
 0.4610305354454
-0.2383996841842
 0.4438410848342
-0.2693271268403
 0.4245958075494
-0.2990314724503
 0.4033809136324
-0.3273775740637
 0.3802914085262
-0.3542363522609
 0.3554306610634
-0.3794853639195
 0.3289099346745
-0.4030093392909
 0.3008478842595
-0.4247006849918
 0.2713700213278
-0.4444599507134
 0.2406081501509
-0.4621962576645
 0.2086997777933
-0.4778276869877
 0.1757875009904
-0.4912816266155
 0.1420183729259
-0.5024950752658
 0.1075432530228
-0.5114149025178
 0.0725161429068
-0.5179980641423
 0.0370935117242
-0.5222117721064
 0.0014336140020
-0.5240336189034
-0.0343041967778
-0.5234516560978
-0.0699601557478
-0.5204644272015
-0.1053747722765
-0.5150809552200
-0.1403895106162
-0.5073206854242
-0.1748474626304
-0.4972133841078
-0.2085940097522
-0.4847989942862
-0.2414774714297
-0.4701274494793
-0.2733497374387
-0.4532584468925
-0.3040668815682
-0.4342611814710
-0.3334897543307
-0.4132140424500
-0.3614845524904
-0.3902042741588
-0.3879233633622
-0.3653276029545
-0.4126846819913
-0.3386878322692
-0.4356538994872
-0.3103964078462
-0.4567237609550
-0.2805719553185
-0.4757947916306
-0.2493397923477
-0.4927756900004
-0.2168314175919
-0.5075836868500
-0.1831839788099
-0.5201448693547
-0.1485397224325
-0.5303944694885
-0.1130454269450
-0.5382771161882
-0.0768518224280
-0.5437470508657
-0.0401129985913
-0.5467683060115
-0.0029858036164
-0.5473148467818
 0.0343707639043
-0.5453706755957
 0.0717961676852
-0.5409298999071
 0.1091289489189
-0.5339967634398
 0.1462073417550
-0.5245856412924
 0.1828698869963
-0.5127209994335
 0.2189560419916
-0.4984373192098
 0.2543067847741
-0.4817789875871
 0.2887652105683
-0.4628001539323
 0.3221771188688
-0.4415645542256
 0.3543915893747
-0.4181453036666
 0.3852615451472
-0.3926246587027
 0.4146443014442
-0.3650937495680
 0.4424020987692
-0.3356522844732
 0.4684026187635
-0.3044082266312
 0.4925194816505
-0.2714774453434
 0.5146327240341
-0.2369833424021
 0.5346292559328
-0.2010564550949
 0.5524032960178
-0.1638340371144
 0.5678567841052
-0.1254596186950
 0.5808997700311
-0.0860825473111
 0.5914507781192
-0.0458575102753
 0.5994371465224
-0.0049440405810
 0.6047953407952
 0.0364939926675
 0.6074712411241
 0.0782889079000
 0.6074204027081
 0.1202697474652
 0.6046082888470
 0.1622628254355
 0.5990104763566
 0.2040922855178
 0.5906128329874
 0.2455806677745
 0.5794116665765
 0.2865494828703
 0.5654138457191
 0.3268197925801
 0.5486368917882
 0.3662127953088
 0.5291090421821
 0.4045504153939
 0.5068692847194
 0.4416558949782
 0.4819673631430
 0.4773543872623
 0.4544637537283
 0.5114735499647
 0.4244296130310
 0.5438441378343
 0.3919466968360
 0.5743005930841
 0.3571072504028
 0.6026816326278
 0.3200138701285
 0.6288308310231
 0.2807793367750
 0.6525971980400
 0.2395264204300
 0.6738357497908
 0.1963876573947
 0.6924080723704
 0.1515050992078
 0.7081828769735
 0.1050300340373
 0.7210365454639
 0.0571226806861
 0.7308536653867
 0.0079518554740
 0.7375275534199
-0.0423053877254
 0.7409607662739
-0.0934641440028
 0.7410655980533
-0.1453320701809
 0.7377645630989
-0.1977098235143
 0.7309908633347
-0.2503915259927
 0.7206888391453
-0.3031652539059
 0.7068144028086
-0.3558135523161
 0.6893354535086
-0.4081139740745
 0.6682322729507
-0.4598396430033
 0.6434979005951
-0.5107598408528
 0.6151384875189
-0.5606406176336
 0.5831736279078
-0.6092454249040
 0.5476366671709
-0.6563357715847
 0.5085749856562
-0.7016719018538
 0.4660502569332
-0.7450134946581
 0.4201386795945
-0.7861203843635
 0.3709311815076
-0.8247533020414
 0.3185335954320
-0.8606746368736
 0.2630668048954
-0.8936492171320
 0.2046668591980
-0.9234451101650
 0.1434850563936
-0.9498344407989
 0.0796879930664
-0.9725942275304
 0.0134575796957
-0.9915072358566
-0.0550089796260
-1.0063628480560
-0.1254992443921
-1.0169579486957
-0.1977856330973
-1.0230978251006
-0.2716255582048
-1.0245970819785
-0.3467616020367
-1.0212805693466
-0.4229217349959
-1.0129843228574
-0.4998195775679
-0.9995565155642
-0.5771547075909
-0.9808584201118
-0.6546130143248
-0.9567653802719
-0.7318671008934
-0.9271677906768
-0.8085767367193
-0.8919720835308
-0.8843893616171
-0.8511017210022
-0.9589406432572
-0.8044981919111
-1.0318550897622
-0.7521220112423
-1.1027467192486
-0.6939537209116
-1.1712197881741
-0.6299948901114
-1.2368695804060
-0.5602691134506
-1.2992832589766
-0.4848230049825
-1.3580407825453
-0.4037271860877
-1.4127158886415
-0.3170772650418
-1.4628771458140
-0.2249948059503
-1.5080890768703
-0.1276282845765
-1.5479133554399
-0.0251540284201
-1.5819100781524
 0.0822228617739
-1.6096391147716
 0.1942676120917
-1.6306615386829
 0.3107149003302
-1.6445411401786
 0.4312680091182
-1.6508460250391
 0.5555980109525
-1.6491503009535
 0.6833429890727
-1.6390358543706
 0.8141072983662
-1.6200942204111
 0.9474608707808
-1.5919285485161
 1.0829385700299
-1.5541556665359
 1.2200396007008
-1.5064082460000
 1.3582269772273
-1.4483370713293
 1.4969270585606
-1.3796134157742
 1.6355291547738
-1.2999315268703
 1.7733852122600
-1.2090112242094
 1.9098095846456
-1.1066006123163
 2.0440788970229
-0.9924789114027
 2.1754320116370
-0.8664594087435
 2.3030701037152
-0.7283925333739
 2.4261568567314
-0.5781690567489
 2.5438187870379
-0.4157234219269
 2.6551457084862
-0.2410372037438
 2.7591913483940
-0.0541427023226
 2.8549741270093
 0.1448733278827
 2.9414781134663
-0.0541427023226
-2.8549741270093
-0.2410372037438
-2.7591913483940
-0.4157234219269
-2.6551457084862
-0.5781690567489
-2.5438187870379
-0.7283925333739
-2.4261568567314
-0.8664594087435
-2.3030701037152
-0.9924789114027
-2.1754320116370
-1.1066006123163
-2.0440788970229
-1.2090112242094
-1.9098095846456
-1.2999315268703
-1.7733852122600
-1.3796134157742
-1.6355291547738
-1.4483370713293
-1.4969270585606
-1.5064082460000
-1.3582269772273
-1.5541556665359
-1.2200396007008
-1.5919285485161
-1.0829385700299
-1.6200942204111
-0.9474608707808
-1.6390358543706
-0.8141072983662
-1.6491503009535
-0.6833429890727
-1.6508460250391
-0.5555980109525
-1.6445411401786
-0.4312680091182
-1.6306615386829
-0.3107149003302
-1.6096391147716
-0.1942676120917
-1.5819100781524
-0.0822228617739
-1.5479133554399
 0.0251540284201
-1.5080890768703
 0.1276282845765
-1.4628771458140
 0.2249948059503
-1.4127158886415
 0.3170772650418
-1.3580407825453
 0.4037271860877
-1.2992832589766
 0.4848230049825
-1.2368695804060
 0.5602691134506
-1.1712197881741
 0.6299948901114
-1.1027467192486
 0.6939537209116
-1.0318550897622
 0.7521220112423
-0.9589406432572
 0.8044981919111
-0.8843893616171
 0.8511017210022
-0.8085767367193
 0.8919720835308
-0.7318671008934
 0.9271677906768
-0.6546130143248
 0.9567653802719
-0.5771547075909
 0.9808584201118
-0.4998195775679
 0.9995565155642
-0.4229217349959
 1.0129843228574
-0.3467616020367
 1.0212805693466
-0.2716255582048
 1.0245970819785
-0.1977856330973
 1.0230978251006
-0.1254992443921
 1.0169579486957
-0.0550089796260
 1.0063628480560
 0.0134575796957
 0.9915072358566
 0.0796879930664
 0.9725942275304
 0.1434850563936
 0.9498344407989
 0.2046668591980
 0.9234451101650
 0.2630668048954
 0.8936492171320
 0.3185335954320
 0.8606746368736
 0.3709311815076
 0.8247533020414
 0.4201386795945
 0.7861203843635
 0.4660502569332
 0.7450134946581
 0.5085749856562
 0.7016719018538
 0.5476366671709
 0.6563357715847
 0.5831736279078
 0.6092454249040
 0.6151384875189
 0.5606406176336
 0.6434979005951
 0.5107598408528
 0.6682322729507
 0.4598396430033
 0.6893354535086
 0.4081139740745
 0.7068144028086
 0.3558135523161
 0.7206888391453
 0.3031652539059
 0.7309908633347
 0.2503915259927
 0.7377645630989
 0.1977098235143
 0.7410655980533
 0.1453320701809
 0.7409607662739
 0.0934641440028
 0.7375275534199
 0.0423053877254
 0.7308536653867
-0.0079518554740
 0.7210365454639
-0.0571226806861
 0.7081828769735
-0.1050300340373
 0.6924080723704
-0.1515050992078
 0.6738357497908
-0.1963876573947
 0.6525971980400
-0.2395264204300
 0.6288308310231
-0.2807793367750
 0.6026816326278
-0.3200138701285
 0.5743005930841
-0.3571072504028
 0.5438441378343
-0.3919466968360
 0.5114735499647
-0.4244296130310
 0.4773543872623
-0.4544637537283
 0.4416558949782
-0.4819673631430
 0.4045504153939
-0.5068692847194
 0.3662127953088
-0.5291090421821
 0.3268197925801
-0.5486368917882
 0.2865494828703
-0.5654138457191
 0.2455806677745
-0.5794116665765
 0.2040922855178
-0.5906128329874
 0.1622628254355
-0.5990104763566
 0.1202697474652
-0.6046082888470
 0.0782889079000
-0.6074204027081
 0.0364939926675
-0.6074712411241
-0.0049440405810
-0.6047953407952
-0.0458575102753
-0.5994371465224
-0.0860825473111
-0.5914507781192
-0.1254596186950
-0.5808997700311
-0.1638340371144
-0.5678567841052
-0.2010564550949
-0.5524032960178
-0.2369833424021
-0.5346292559328
-0.2714774453434
-0.5146327240341
-0.3044082266312
-0.4925194816505
-0.3356522844732
-0.4684026187635
-0.3650937495680
-0.4424020987692
-0.3926246587027
-0.4146443014442
-0.4181453036666
-0.3852615451472
-0.4415645542256
-0.3543915893747
-0.4628001539323
-0.3221771188688
-0.4817789875871
-0.2887652105683
-0.4984373192098
-0.2543067847741
-0.5127209994335
-0.2189560419916
-0.5245856412924
-0.1828698869963
-0.5339967634398
-0.1462073417550
-0.5409298999071
-0.1091289489189
-0.5453706755957
-0.0717961676852
-0.5473148467818
-0.0343707639043
-0.5467683060115
 0.0029858036164
-0.5437470508657
 0.0401129985913
-0.5382771161882
 0.0768518224280
-0.5303944694885
 0.1130454269450
-0.5201448693547
 0.1485397224325
-0.5075836868500
 0.1831839788099
-0.4927756900004
 0.2168314175919
-0.4757947916306
 0.2493397923477
-0.4567237609550
 0.2805719553185
-0.4356538994872
 0.3103964078462
-0.4126846819913
 0.3386878322692
-0.3879233633622
 0.3653276029545
-0.3614845524904
 0.3902042741588
-0.3334897543307
 0.4132140424500
-0.3040668815682
 0.4342611814710
-0.2733497374387
 0.4532584468925
-0.2414774714297
 0.4701274494793
-0.2085940097522
 0.4847989942862
-0.1748474626304
 0.4972133841078
-0.1403895106162
 0.5073206854242
-0.1053747722765
 0.5150809552200
-0.0699601557478
 0.5204644272015
-0.0343041967778
 0.5234516560978
 0.0014336140020
 0.5240336189034
 0.0370935117242
 0.5222117721064
 0.0725161429068
 0.5179980641423
 0.1075432530228
 0.5114149025178
 0.1420183729259
 0.5024950752658
 0.1757875009904
 0.4912816266155
 0.2086997777933
 0.4778276869877
 0.2406081501509
 0.4621962576645
 0.2713700213278
 0.4444599507134
 0.3008478842595
 0.4247006849918
 0.3289099346745
 0.4030093392909
 0.3554306610634
 0.3794853639195
 0.3802914085262
 0.3542363522609
 0.4033809136324
 0.3273775740637
 0.4245958075494
 0.2990314724503
 0.4438410848342
 0.2693271268403
 0.4610305354454
 0.2383996841842
 0.4760871377049
 0.2063897610980
 0.4889434101333
 0.1734428196612
 0.4995417202866
 0.1397085198022
 0.5078345489480
 0.1053400513396
 0.5137847082541
 0.0704934488730
 0.5173655125835
 0.0353268928217
