 0.5761160657107
 0.0000000000000
 0.5758470540419
-0.0176723113230
 0.5750402634329
-0.0353283763729
 0.5736964268488
-0.0529519636531
 0.5718167651381
-0.0705268712056
 0.5694029858958
-0.0880369413435
 0.5664572818706
-0.1054660753404
 0.5629823289229
-0.1227982480602
 0.5589812835309
-0.1400175225155
 0.5544577798520
-0.1571080643382
 0.5494159263391
-0.1740541561485
 0.5438603019182
-0.1908402118094
 0.5377959517293
-0.2074507905503
 0.5312283824376
-0.2238706109489
 0.5241635571173
-0.2400845647551
 0.5166078897163
-0.2560777305454
 0.5085682391058
-0.2718353871929
 0.5000519027226
-0.2873430271422
 0.4910666098098
-0.3025863694735
 0.4816205142645
-0.3175513727461
 0.4717221870987
-0.3322242476079
 0.4613806085232
-0.3465914691586
 0.4506051596616
-0.3606397890560
 0.4394056139035
-0.3743562473534
 0.4277921279073
-0.3877281840574
 0.4157752322600
-0.4007432503953
 0.4033658218065
-0.4133894197822
 0.3905751456560
-0.4256549984775
 0.3774147968782
-0.4375286359216
 0.3638967018986
-0.4489993347430
 0.3500331096050
-0.4600564604282
 0.3358365801757
-0.4706897506450
 0.3213199736416
-0.4808893242116
 0.3064964381938
-0.4906456897041
 0.2913793982485
-0.4999497536952
 0.2759825422818
-0.5087928286175
 0.2603198104465
-0.5171666402448
 0.2444053819836
-0.5250633347859
 0.2282536624410
-0.5324754855860
 0.2118792707123
-0.5393960994293
 0.1952970259092
-0.5458186224403
 0.1785219340788
-0.5517369455777
 0.1615691747819
-0.5571454097193
 0.1444540875417
-0.5620388103331
 0.1271921581795
-0.5664124017329
 0.1097990050484
-0.5702619009158
 0.0922903651795
-0.5735834909797
 0.0746820803530
-0.5763738241199
 0.0569900831084
-0.5786300242035
 0.0392303827053
-0.5803496889205
 0.0214190510503
-0.5815308915132
 0.0035722086010
-0.5821721820828
-0.0142939897388
-0.5822725884742
-0.0321633687205
-0.5818316167411
-0.0500197468347
-0.5808492511921
-0.0678469503666
-0.5793259540196
-0.0856288274099
-0.5772626645156
-0.1033492618254
-0.5746607978749
-0.1209921871340
-0.5715222435907
-0.1385416003314
-0.5678493634453
-0.1559815756117
-0.5636449890995
-0.1732962779897
-0.5589124192867
-0.1904699768092
-0.5536554166136
-0.2074870591265
-0.5478782039750
-0.2243320429589
-0.5415854605861
-0.2409895903854
-0.5347823176398
-0.2574445204912
-0.5274743535924
-0.2736818221443
-0.5196675890861
-0.2896866665946
-0.5113684815141
-0.3054444198857
-0.5025839192337
-0.3209406550701
-0.4933212154373
-0.3361611642180
-0.4835881016849
-0.3510919702114
-0.4733927211086
-0.3657193383144
-0.4627436212958
-0.3800297875112
-0.4516497468575
-0.3940101016049
-0.4401204316928
-0.4076473400673
-0.4281653909550
-0.4209288486340
-0.4157947127296
-0.4338422696374
-0.4030188494323
-0.4463755520694
-0.3898486089351
-0.4585169613690
-0.3762951454307
-0.4702550889278
-0.3623699500436
-0.4815788613074
-0.3480848411964
-0.4924775491632
-0.3334519547420
-0.5029407758696
-0.3184837338703
-0.5129585258410
-0.3031929187981
-0.5225211525454
-0.2875925362535
-0.5316193862042
-0.2716958887628
-0.5402443411758
-0.2555165437508
-0.5483875230186
-0.2390683224623
-0.5560408352307
-0.2223652887176
-0.5631965856617
-0.2054217375082
-0.5698474925957
-0.1882521834452
-0.5759866905020
-0.1708713490685
-0.5816077354506
-0.1532941530279
-0.5867046101927
-0.1355356981439
-0.5912717289022
-0.1176112593606
-0.5953039415788
-0.0995362715971
-0.5987965381103
-0.0813263175102
-0.6017452519944
-0.0629971151759
-0.6041462637182
-0.0445645056996
-0.6059962037969
-0.0260444407651
-0.6072921554701
-0.0074529701314
-0.6080316570568
 0.0111937709142
-0.6082127039698
 0.0298795741358
-0.6078337503894
 0.0485881709540
-0.6068937105986
 0.0673032450661
-0.6053919599795
 0.0860084450736
-0.6033283356745
 0.1046873971071
-0.6007031369114
 0.1233237174409
-0.5975171249972
 0.1419010250881
-0.5937715229791
 0.1604029543678
-0.5894680149793
 0.1788131674366
-0.5846087452022
 0.1971153667758
-0.5791963166191
 0.2152933076262
-0.5732337893322
 0.2333308103630
-0.5667246786214
 0.2512117728025
-0.5596729526769
 0.2689201824333
-0.5520830300210
 0.2864401285652
-0.5439597766229
 0.3037558143872
-0.5353085027090
 0.3208515689276
-0.5261349592749
 0.3377118589112
-0.5164453343001
 0.3543213005038
-0.5062462486722
 0.3706646709396
-0.4955447518223
 0.3867269200235
-0.4843483170788
 0.4024931815032
-0.4726648367403
 0.4179487843039
-0.4605026168767
 0.4330792636202
-0.4478703718585
 0.4478703718585
-0.4347772186226
 0.4623080894256
-0.4212326706775
 0.4763786353562
-0.4072466318535
 0.4900684777754
-0.3928293898028
 0.5033643441903
-0.3779916092541
 0.5162532316052
-0.3627443250279
 0.5287224164568
-0.3470989348162
 0.5407594643631
-0.3310671917332
 0.5523522396824
-0.3146611966414
 0.5634889148782
-0.2978933902591
 0.5741579796841
-0.2807765450537
 0.5843482500672
-0.2633237569277
 0.5940488769830
-0.2455484367009
 0.6032493549208
-0.2274643013967
 0.6119395302340
-0.2090853653356
 0.6201096092524
-0.1904259310427
 0.6277501661736
-0.1715005799752
 0.6348521507291
-0.1523241630740
 0.6414068956237
-0.1329117911463
 0.6474061237435
-0.1132788250837
 0.6528419551306
-0.0934408659231
 0.6577069137221
-0.0734137447531
 0.6619939338498
-0.0532135124747
 0.6656963664996
-0.0328564294198
 0.6688079853267
-0.0123589548331
 0.6713229924261
 0.0082622637753
 0.6732360238547
 0.0289904014034
 0.6745421549048
 0.0498084664496
 0.6752369051254
 0.0706993117190
 0.6753162430913
 0.0916456455386
 0.6747765909171
 0.1126300429746
 0.6736148285156
 0.1336349571480
 0.6718282975985
 0.1546427306418
 0.6694148054187
 0.1756356069951
 0.6663726282526
 0.1965957422785
 0.6627005146216
 0.2175052167453
 0.6583976882524
 0.2383460465532
 0.6534638507735
 0.2591001955522
 0.6478991841494
 0.2797495871317
 0.6417043528500
 0.3002761161225
 0.6348805057557
 0.3206616607495
 0.6274292777969
 0.3408880946276
 0.6193527913285
 0.3609372987984
 0.6106536572377
 0.3807911737999
 0.6013349757861
 0.4004316517666
 0.5914003371849
 0.4198407085536
 0.5808538219040
 0.4390003758797
 0.5697000007143
 0.4578927534851
 0.5579439344628
 0.4765000212990
 0.5455911735825
 0.4948044516109
 0.5326477573343
 0.5127884212430
 0.5191202127840
 0.5304344237161
 0.5050155535124
 0.5477250814073
 0.4903412780607
 0.5646431576920
 0.4751053681097
 0.5811715690675
 0.4593162863949
 0.5972933972524
 0.4429829743569
 0.6129919012578
 0.4261148495281
 0.6282505294257
 0.4087218026561
 0.6430529314292
 0.3908141945640
 0.6573829702313
 0.3724028527501
 0.6712247339971
 0.3534990677246
 0.6845625479546
 0.3341145890869
 0.6973809862002
 0.3142616213428
 0.7096648834451
 0.2939528194629
 0.7213993466960
 0.2732012841828
 0.7325697668693
 0.2520205570463
 0.7431618303304
 0.2304246151922
 0.7531615303577
 0.2084278658860
 0.7625551785239
 0.1860451407971
 0.7713294159924
 0.1632916900231
 0.7794712247234
 0.1401831758616
 0.7869679385866
 0.1167356663313
 0.7938072543754
 0.0929656284422
 0.7999772427180
 0.0688899212182
 0.8054663588835
 0.0445257884710
 0.8102634534757
 0.0198908513280
 0.8143577830140
-0.0049968994849
 0.8177390203935
-0.0301191116057
 0.8203972652236
-0.0554570792395
 0.8223230540392
-0.0809917516053
 0.8235073703807
-0.1067037416212
 0.8239416547390
-0.1325733348297
 0.8236178143611
-0.1585804985599
 0.8225282329133
-0.1847048913260
 0.8206657799957
-0.2109258724602
 0.8180238205070
-0.2372225119791
 0.8145962238529
-0.2635736006826
 0.8103773729957
-0.2899576604817
 0.8053621733397
-0.3163529549566
 0.7995460614504
-0.3427375001414
 0.7929250136011
-0.3690890755352
 0.7854955541445
-0.3953852353368
 0.7772547637045
-0.4216033199027
 0.7682002871840
-0.4477204674262
 0.7583303415859
-0.4737136258357
 0.7476437236408
-0.4995595649112
 0.7361398172401
-0.5252348886167
 0.7238186006677
-0.5507160476474
 0.7106806536287
-0.5759793521892
 0.6967271640685
-0.6010009848899
 0.6819599347801
-0.6257570140395
 0.6663813897941
-0.6502234069572
 0.6499945805479
-0.6743760435852
 0.6328031918295
-0.6981907302854
 0.6148115474918
-0.7216432138383
 0.5960246159325
-0.7447091956422
 0.5764480153368
-0.7673643461096
 0.5560880186764
-0.7895843192607
 0.5349515584621
-0.8113447675097
 0.5130462312446
-0.8326213566440
 0.4903803018600
-0.8533897809929
 0.4669627074138
-0.8736257787840
 0.4428030610011
-0.8933051476851
 0.4179116551566
-0.9124037605294
 0.3922994650300
-0.9308975812221
 0.3659781512837
-0.9487626808249
 0.3389600627056
-0.9659752538181
 0.3112582385347
-0.9825116345357
 0.2828864104926
-0.9983483137721
 0.2538590045174
-1.0134619555586
 0.2241911421950
-1.0278294141051
 0.1938986418817
-1.0414277509068
 0.1629980195146
-1.0542342520117
 0.1315064891036
-1.0662264454454
 0.0994419629005
-1.0773821187936
 0.0668230512397
-1.0876793369353
 0.0336690620454
-1.0970964599268
 0.0000000000000
-1.1056121610322
-0.0341634346318
-1.1132054448978
-0.0687998475287
-1.1198556658664
-0.1038871521928
-1.1255425464295
-0.1394025721918
-1.1302461958129
-0.1753226437659
-1.1339471286931
-0.2116232188076
-1.1366262840405
-0.2482794682195
-1.1382650440863
-0.2852658856546
-1.1388452534085
-0.3225562916474
-1.1383492381345
-0.3601238381398
-1.1367598252553
-0.3979410134082
-1.1340603620476
-0.4359796473992
-1.1302347356003
-0.4742109174787
-1.1252673924402
-0.5126053546005
-1.1191433582531
-0.5511328499029
-1.1118482576963
-0.5897626617370
-1.1033683342966
-0.6284634231347
-1.0936904704304
-0.6672031497236
-1.0828022073806
-0.7059492480934
-1.0706917654649
-0.7446685246232
-1.0573480642308
-0.7833271947740
-1.0427607427123
-0.8218908928556
-1.0269201797421
-0.8603246822729
-1.0098175143142
-0.8985930662606
-0.9914446659916
-0.9366599991118
-0.9717943553515
-0.9744888979095
-0.9508601244649
-1.0120426547664
-0.9286363574005
-1.0492836495828
-0.9051183007501
-1.0861737633274
-0.8803020841665
-1.1226743918520
-0.8541847409079
-1.1587464602444
-0.8267642283817
-1.1943504377299
-0.7980394486807
-1.2294463531280
-0.7680102691035
-1.2639938108732
-0.7366775426528
-1.2979520076068
-0.7040431285017
-1.3312797493496
-0.6701099124220
-1.3639354692620
-0.6348818271646
-1.3958772460015
-0.5983638727843
-1.4270628226849
-0.5605621368991
-1.4574496264643
-0.5214838148766
-1.4869947887263
-0.4811372299359
-1.5156551659214
-0.4395318531570
-1.5433873610342
-0.3966783233874
-1.5701477457029
-0.3525884670349
-1.5958924829959
-0.3072753177369
-1.6205775508575
-0.2607531358945
-1.6441587662284
-0.2130374280617
-1.6665918098533
-0.1641449661760
-1.6878322517840
-0.1140938066203
-1.7078355775862
-0.0629033091031
-1.7265572152629
-0.0105941553450
-1.7439525628998
 0.0428116324425
-1.7599770170468
 0.0972906732981
-1.7745860018426
 0.1528182094861
-1.7877349988932
 0.2093680887194
-1.7993795779153
 0.2669127466464
-1.8094754281529
 0.3254231896143
-1.8179783905800
 0.3848689777263
-1.8248444908962
 0.4452182082072
-1.8300299733299
 0.5064374990945
-1.8334913352558
 0.5684919732715
-1.8351853626392
 0.6313452428595
-1.8350691663182
 0.6949593939869
-1.8331002191334
 0.7592949719542
-1.8292363939161
 0.8243109668123
-1.8234360023469
 0.8899647993754
-1.8156578346949
 0.9562123076863
-1.8058612004489
 1.0230077339565
-1.7940059698512
 1.0903037120012
-1.7800526163466
 1.1580512551909
-1.7639622599562
 1.2261997449431
-1.7456967115891
 1.2946969197754
-1.7252185183021
 1.3634888649450
-1.7024910095194
 1.4325200026993
-1.6774783442251
 1.5017330831611
-1.6501455591375
 1.5710691758759
-1.6204586178800
 1.6404676620476
-1.5883844611585
 1.7098662274891
-1.5538910579576
 1.7792008563175
-1.5169474577678
 1.8484058254218
-1.4775238438561
 1.9174136997340
-1.4355915875906
 1.9861553283338
-1.3911233038334
 2.0545598414192
-1.3440929074123
 2.1225546481754
-1.2944756706843
 2.1900654355764
-1.2422482822031
 2.2570161681534
-1.1873889065033
 2.3233290887665
-1.1298772450130
 2.3889247204165
-1.0696945981087
 2.4537218691352
-1.0068239283232
 2.5176376279933
-0.9412499247207
 2.5805873822666
-0.8729590684513
 2.6424848158031
-0.8019396994971
 2.7032419186334
-0.7281820846234
 2.7627689958696
-0.6516784865478
 2.8209746779396
-0.5724232343390
 2.8777659322028
-0.4904127950600
 2.9330480759983
-0.4056458466666
 2.9867247911764
-0.3181233521764
 3.0386981401644
-0.2278486351186
 3.0888685836242
-0.1348274562802
 3.1371349997558
-0.0390680917602
 3.1833947053060
 0.0594185876555
 3.2275434783441
 0.1606190357843
 3.2694755828649
 0.0594185876555
-3.2275434783441
-0.0390680917602
-3.1833947053060
-0.1348274562802
-3.1371349997558
-0.2278486351186
-3.0888685836242
-0.3181233521764
-3.0386981401644
-0.4056458466666
-2.9867247911764
-0.4904127950600
-2.9330480759983
-0.5724232343390
-2.8777659322028
-0.6516784865478
-2.8209746779396
-0.7281820846234
-2.7627689958696
-0.8019396994971
-2.7032419186334
-0.8729590684513
-2.6424848158031
-0.9412499247207
-2.5805873822666
-1.0068239283232
-2.5176376279933
-1.0696945981087
-2.4537218691352
-1.1298772450130
-2.3889247204165
-1.1873889065033
-2.3233290887665
-1.2422482822031
-2.2570161681534
-1.2944756706843
-2.1900654355764
-1.3440929074123
-2.1225546481754
-1.3911233038334
-2.0545598414192
-1.4355915875906
-1.9861553283338
-1.4775238438561
-1.9174136997340
-1.5169474577678
-1.8484058254218
-1.5538910579576
-1.7792008563175
-1.5883844611585
-1.7098662274891
-1.6204586178800
-1.6404676620476
-1.6501455591375
-1.5710691758759
-1.6774783442251
-1.5017330831611
-1.7024910095194
-1.4325200026993
-1.7252185183021
-1.3634888649450
-1.7456967115891
-1.2946969197754
-1.7639622599562
-1.2261997449431
-1.7800526163466
-1.1580512551909
-1.7940059698512
-1.0903037120012
-1.8058612004489
-1.0230077339565
-1.8156578346949
-0.9562123076863
-1.8234360023469
-0.8899647993754
-1.8292363939161
-0.8243109668123
-1.8331002191334
-0.7592949719542
-1.8350691663182
-0.6949593939869
-1.8351853626392
-0.6313452428595
-1.8334913352558
-0.5684919732715
-1.8300299733299
-0.5064374990945
-1.8248444908962
-0.4452182082072
-1.8179783905800
-0.3848689777263
-1.8094754281529
-0.3254231896143
-1.7993795779153
-0.2669127466464
-1.7877349988932
-0.2093680887194
-1.7745860018426
-0.1528182094861
-1.7599770170468
-0.0972906732981
-1.7439525628998
-0.0428116324425
-1.7265572152629
 0.0105941553450
-1.7078355775862
 0.0629033091031
-1.6878322517840
 0.1140938066203
-1.6665918098533
 0.1641449661760
-1.6441587662284
 0.2130374280617
-1.6205775508575
 0.2607531358945
-1.5958924829959
 0.3072753177369
-1.5701477457029
 0.3525884670349
-1.5433873610342
 0.3966783233874
-1.5156551659214
 0.4395318531570
-1.4869947887263
 0.4811372299359
-1.4574496264643
 0.5214838148766
-1.4270628226849
 0.5605621368991
-1.3958772460015
 0.5983638727843
-1.3639354692620
 0.6348818271646
-1.3312797493496
 0.6701099124220
-1.2979520076068
 0.7040431285017
-1.2639938108732
 0.7366775426528
-1.2294463531280
 0.7680102691035
-1.1943504377299
 0.7980394486807
-1.1587464602444
 0.8267642283817
-1.1226743918520
 0.8541847409079
-1.0861737633274
 0.8803020841665
-1.0492836495828
 0.9051183007501
-1.0120426547664
 0.9286363574005
-0.9744888979095
 0.9508601244649
-0.9366599991118
 0.9717943553515
-0.8985930662606
 0.9914446659916
-0.8603246822729
 1.0098175143142
-0.8218908928556
 1.0269201797421
-0.7833271947740
 1.0427607427123
-0.7446685246232
 1.0573480642308
-0.7059492480934
 1.0706917654649
-0.6672031497236
 1.0828022073806
-0.6284634231347
 1.0936904704304
-0.5897626617370
 1.1033683342966
-0.5511328499029
 1.1118482576963
-0.5126053546005
 1.1191433582531
-0.4742109174787
 1.1252673924402
-0.4359796473992
 1.1302347356003
-0.3979410134082
 1.1340603620476
-0.3601238381398
 1.1367598252553
-0.3225562916474
 1.1383492381345
-0.2852658856546
 1.1388452534085
-0.2482794682195
 1.1382650440863
-0.2116232188076
 1.1366262840405
-0.1753226437659
 1.1339471286931
-0.1394025721918
 1.1302461958129
-0.1038871521928
 1.1255425464295
-0.0687998475287
 1.1198556658664
-0.0341634346318
 1.1132054448978
 0.0000000000000
 1.1056121610322
 0.0336690620454
 1.0970964599268
 0.0668230512397
 1.0876793369353
 0.0994419629005
 1.0773821187936
 0.1315064891036
 1.0662264454454
 0.1629980195146
 1.0542342520117
 0.1938986418817
 1.0414277509068
 0.2241911421950
 1.0278294141051
 0.2538590045174
 1.0134619555586
 0.2828864104926
 0.9983483137721
 0.3112582385347
 0.9825116345357
 0.3389600627056
 0.9659752538181
 0.3659781512837
 0.9487626808249
 0.3922994650300
 0.9308975812221
 0.4179116551566
 0.9124037605294
 0.4428030610011
 0.8933051476851
 0.4669627074138
 0.8736257787840
 0.4903803018600
 0.8533897809929
 0.5130462312446
 0.8326213566440
 0.5349515584621
 0.8113447675097
 0.5560880186764
 0.7895843192607
 0.5764480153368
 0.7673643461096
 0.5960246159325
 0.7447091956422
 0.6148115474918
 0.7216432138383
 0.6328031918295
 0.6981907302854
 0.6499945805479
 0.6743760435852
 0.6663813897941
 0.6502234069572
 0.6819599347801
 0.6257570140395
 0.6967271640685
 0.6010009848899
 0.7106806536287
 0.5759793521892
 0.7238186006677
 0.5507160476474
 0.7361398172401
 0.5252348886167
 0.7476437236408
 0.4995595649112
 0.7583303415859
 0.4737136258357
 0.7682002871840
 0.4477204674262
 0.7772547637045
 0.4216033199027
 0.7854955541445
 0.3953852353368
 0.7929250136011
 0.3690890755352
 0.7995460614504
 0.3427375001414
 0.8053621733397
 0.3163529549566
 0.8103773729957
 0.2899576604817
 0.8145962238529
 0.2635736006826
 0.8180238205070
 0.2372225119791
 0.8206657799957
 0.2109258724602
 0.8225282329133
 0.1847048913260
 0.8236178143611
 0.1585804985599
 0.8239416547390
 0.1325733348297
 0.8235073703807
 0.1067037416212
 0.8223230540392
 0.0809917516053
 0.8203972652236
 0.0554570792395
 0.8177390203935
 0.0301191116057
 0.8143577830140
 0.0049968994849
 0.8102634534757
-0.0198908513280
 0.8054663588835
-0.0445257884710
 0.7999772427180
-0.0688899212182
 0.7938072543754
-0.0929656284422
 0.7869679385866
-0.1167356663313
 0.7794712247234
-0.1401831758616
 0.7713294159924
-0.1632916900231
 0.7625551785239
-0.1860451407971
 0.7531615303577
-0.2084278658860
 0.7431618303304
-0.2304246151922
 0.7325697668693
-0.2520205570463
 0.7213993466960
-0.2732012841828
 0.7096648834451
-0.2939528194629
 0.6973809862002
-0.3142616213428
 0.6845625479546
-0.3341145890869
 0.6712247339971
-0.3534990677246
 0.6573829702313
-0.3724028527501
 0.6430529314292
-0.3908141945640
 0.6282505294257
-0.4087218026561
 0.6129919012578
-0.4261148495281
 0.5972933972524
-0.4429829743569
 0.5811715690675
-0.4593162863949
 0.5646431576920
-0.4751053681097
 0.5477250814073
-0.4903412780607
 0.5304344237161
-0.5050155535124
 0.5127884212430
-0.5191202127840
 0.4948044516109
-0.5326477573343
 0.4765000212990
-0.5455911735825
 0.4578927534851
-0.5579439344628
 0.4390003758797
-0.5697000007143
 0.4198407085536
-0.5808538219040
 0.4004316517666
-0.5914003371849
 0.3807911737999
-0.6013349757861
 0.3609372987984
-0.6106536572377
 0.3408880946276
-0.6193527913285
 0.3206616607495
-0.6274292777969
 0.3002761161225
-0.6348805057557
 0.2797495871317
-0.6417043528500
 0.2591001955522
-0.6478991841494
 0.2383460465532
-0.6534638507735
 0.2175052167453
-0.6583976882524
 0.1965957422785
-0.6627005146216
 0.1756356069951
-0.6663726282526
 0.1546427306418
-0.6694148054187
 0.1336349571480
-0.6718282975985
 0.1126300429746
-0.6736148285156
 0.0916456455386
-0.6747765909171
 0.0706993117190
-0.6753162430913
 0.0498084664496
-0.6752369051254
 0.0289904014034
-0.6745421549048
 0.0082622637753
-0.6732360238547
-0.0123589548331
-0.6713229924261
-0.0328564294198
-0.6688079853267
-0.0532135124747
-0.6656963664996
-0.0734137447531
-0.6619939338498
-0.0934408659231
-0.6577069137221
-0.1132788250837
-0.6528419551306
-0.1329117911463
-0.6474061237435
-0.1523241630740
-0.6414068956237
-0.1715005799752
-0.6348521507291
-0.1904259310427
-0.6277501661736
-0.2090853653356
-0.6201096092524
-0.2274643013967
-0.6119395302340
-0.2455484367009
-0.6032493549208
-0.2633237569277
-0.5940488769830
-0.2807765450537
-0.5843482500672
-0.2978933902591
-0.5741579796841
-0.3146611966414
-0.5634889148782
-0.3310671917332
-0.5523522396824
-0.3470989348162
-0.5407594643631
-0.3627443250279
-0.5287224164568
-0.3779916092541
-0.5162532316052
-0.3928293898028
-0.5033643441903
-0.4072466318535
-0.4900684777754
-0.4212326706775
-0.4763786353562
-0.4347772186226
-0.4623080894256
-0.4478703718585
-0.4478703718585
-0.4605026168767
-0.4330792636202
-0.4726648367403
-0.4179487843039
-0.4843483170788
-0.4024931815032
-0.4955447518223
-0.3867269200235
-0.5062462486722
-0.3706646709396
-0.5164453343001
-0.3543213005038
-0.5261349592749
-0.3377118589112
-0.5353085027090
-0.3208515689276
-0.5439597766229
-0.3037558143872
-0.5520830300210
-0.2864401285652
-0.5596729526769
-0.2689201824333
-0.5667246786214
-0.2512117728025
-0.5732337893322
-0.2333308103630
-0.5791963166191
-0.2152933076262
-0.5846087452022
-0.1971153667758
-0.5894680149793
-0.1788131674366
-0.5937715229791
-0.1604029543678
-0.5975171249972
-0.1419010250881
-0.6007031369114
-0.1233237174409
-0.6033283356745
-0.1046873971071
-0.6053919599795
-0.0860084450736
-0.6068937105986
-0.0673032450661
-0.6078337503894
-0.0485881709540
-0.6082127039698
-0.0298795741358
-0.6080316570568
-0.0111937709142
-0.6072921554701
 0.0074529701314
-0.6059962037969
 0.0260444407651
-0.6041462637182
 0.0445645056996
-0.6017452519944
 0.0629971151759
-0.5987965381103
 0.0813263175102
-0.5953039415788
 0.0995362715971
-0.5912717289022
 0.1176112593606
-0.5867046101927
 0.1355356981439
-0.5816077354506
 0.1532941530279
-0.5759866905020
 0.1708713490685
-0.5698474925957
 0.1882521834452
-0.5631965856617
 0.2054217375082
-0.5560408352307
 0.2223652887176
-0.5483875230186
 0.2390683224623
-0.5402443411758
 0.2555165437508
-0.5316193862042
 0.2716958887628
-0.5225211525454
 0.2875925362535
-0.5129585258410
 0.3031929187981
-0.5029407758696
 0.3184837338703
-0.4924775491632
 0.3334519547420
-0.4815788613074
 0.3480848411964
-0.4702550889278
 0.3623699500436
-0.4585169613690
 0.3762951454307
-0.4463755520694
 0.3898486089351
-0.4338422696374
 0.4030188494323
-0.4209288486340
 0.4157947127296
-0.4076473400673
 0.4281653909550
-0.3940101016049
 0.4401204316928
-0.3800297875112
 0.4516497468575
-0.3657193383144
 0.4627436212958
-0.3510919702114
 0.4733927211086
-0.3361611642180
 0.4835881016849
-0.3209406550701
 0.4933212154373
-0.3054444198857
 0.5025839192337
-0.2896866665946
 0.5113684815141
-0.2736818221443
 0.5196675890861
-0.2574445204912
 0.5274743535924
-0.2409895903854
 0.5347823176398
-0.2243320429589
 0.5415854605861
-0.2074870591265
 0.5478782039750
-0.1904699768092
 0.5536554166136
-0.1732962779897
 0.5589124192867
-0.1559815756117
 0.5636449890995
-0.1385416003314
 0.5678493634453
-0.1209921871340
 0.5715222435907
-0.1033492618254
 0.5746607978749
-0.0856288274099
 0.5772626645156
-0.0678469503666
 0.5793259540196
-0.0500197468347
 0.5808492511921
-0.0321633687205
 0.5818316167411
-0.0142939897388
 0.5822725884742
 0.0035722086010
 0.5821721820828
 0.0214190510503
 0.5815308915132
 0.0392303827053
 0.5803496889205
 0.0569900831084
 0.5786300242035
 0.0746820803530
 0.5763738241199
 0.0922903651795
 0.5735834909797
 0.1097990050484
 0.5702619009158
 0.1271921581795
 0.5664124017329
 0.1444540875417
 0.5620388103331
 0.1615691747819
 0.5571454097193
 0.1785219340788
 0.5517369455777
 0.1952970259092
 0.5458186224403
 0.2118792707123
 0.5393960994293
 0.2282536624410
 0.5324754855860
 0.2444053819836
 0.5250633347859
 0.2603198104465
 0.5171666402448
 0.2759825422818
 0.5087928286175
 0.2913793982485
 0.4999497536952
 0.3064964381938
 0.4906456897041
 0.3213199736416
 0.4808893242116
 0.3358365801757
 0.4706897506450
 0.3500331096050
 0.4600564604282
 0.3638967018986
 0.4489993347430
 0.3774147968782
 0.4375286359216
 0.3905751456560
 0.4256549984775
 0.4033658218065
 0.4133894197822
 0.4157752322600
 0.4007432503953
 0.4277921279073
 0.3877281840574
 0.4394056139035
 0.3743562473534
 0.4506051596616
 0.3606397890560
 0.4613806085232
 0.3465914691586
 0.4717221870987
 0.3322242476079
 0.4816205142645
 0.3175513727461
 0.4910666098098
 0.3025863694735
 0.5000519027226
 0.2873430271422
 0.5085682391058
 0.2718353871929
 0.5166078897163
 0.2560777305454
 0.5241635571173
 0.2400845647551
 0.5312283824376
 0.2238706109489
 0.5377959517293
 0.2074507905503
 0.5438603019182
 0.1908402118094
 0.5494159263391
 0.1740541561485
 0.5544577798520
 0.1571080643382
 0.5589812835309
 0.1400175225155
 0.5629823289229
 0.1227982480602
 0.5664572818706
 0.1054660753404
 0.5694029858958
 0.0880369413435
 0.5718167651381
 0.0705268712056
 0.5736964268488
 0.0529519636531
 0.5750402634329
 0.0353283763729
 0.5758470540419
 0.0176723113230
