 0.3456599027402
 0.0000000000000
 0.3452116378868
-0.0176666919049
 0.3438679743155
-0.0352882775424
 0.3416323020656
-0.0528197645632
 0.3385102614538
-0.0702163881420
 0.3345097284819
-0.0874337239578
 0.3296407944702
-0.1044278002403
 0.3239157399777
-0.1211552085758
 0.3173490030891
-0.1375732131698
 0.3099571421636
-0.1536398582711
 0.3017587931594
-0.1693140734656
 0.2927746216608
-0.1845557765595
 0.2830272697538
-0.1993259737739
 0.2725412979073
-0.2135868569901
 0.2613431220350
-0.2273018977864
 0.2494609459235
-0.2404359380256
 0.2369246892266
-0.2529552767591
 0.2237659112378
-0.2648277532285
 0.2100177306633
-0.2760228257576
 0.1957147416294
-0.2865116463415
 0.1808929261652
-0.2962671307544
 0.1655895634136
-0.3052640240115
 0.1498431358277
-0.3134789610345
 0.1336932326180
-0.3208905223891
 0.1171804507204
-0.3274792849740
 0.1003462935615
-0.3332278675590
 0.0832330678985
-0.3381209710873
 0.0658837790152
-0.3421454136685
 0.0483420245578
-0.3452901602095
 0.0306518872933
-0.3475463466435
 0.0128578270740
-0.3489072987346
-0.0049954277102
-0.3493685454483
-0.0228629889104
-0.3489278268985
-0.0406999173534
-0.3475850968911
-0.0584613312574
-0.3453425201020
-0.0761025140613
-0.3422044639418
-0.0935790214036
-0.3381774851710
-0.1108467869946
-0.3332703113451
-0.1278622271312
-0.3274938171802
-0.1445823436112
-0.3208609959419
-0.1609648248125
-0.3133869259745
-0.1769681447107
-0.3050887324931
-0.1925516596172
-0.2959855447776
-0.2076757024317
-0.2860984489125
-0.2223016742077
-0.2754504362286
-0.2363921328469
-0.2640663476083
-0.2499108787424
-0.2519728138264
-0.2628230372050
-0.2391981921027
-0.2750951375170
-0.2257724990508
-0.2866951884685
-0.2117273402123
-0.2975927502427
-0.1970958363697
-0.3077590025288
-0.1819125468369
-0.3171668087498
-0.1662133899273
-0.3257907763073
-0.1500355608061
-0.3336073127534
-0.1334174469303
-0.3405946778135
-0.1163985412864
-0.3467330311919
-0.0990193536334
-0.3520044761057
-0.0813213199611
-0.3563930985014
-0.0633467103704
-0.3598850019196
-0.0451385355863
-0.3624683379823
-0.0267404523082
-0.3641333324898
-0.0081966676027
-0.3648723071191
 0.0104481574575
-0.3646796967311
 0.0291490047103
-0.3635520622962
 0.0478605961781
-0.3614880994623
 0.0665374915070
-0.3584886427931
 0.0851341853802
-0.3545566657155
 0.1036052047217
-0.3496972762193
 0.1219052055080
-0.3439177083639
 0.1399890690120
-0.3372273096475
 0.1578119973075
-0.3296375243071
 0.1753296078677
-0.3211618726178
 0.1924980270961
-0.3118159262697
 0.2092739826353
-0.3016172799029
 0.2256148943017
-0.2905855188888
 0.2414789635026
-0.2787421834469
 0.2568252609966
-0.2661107291939
 0.2716138128634
-0.2527164842225
 0.2858056845568
-0.2385866028133
 0.2993630629179
-0.2237500158849
 0.3122493360340
-0.2082373782889
 0.3244291708319
-0.1920810130625
 0.3358685883030
-0.1753148527487
 0.3465350362595
-0.1579743779006
 0.3563974595308
-0.1400965528839
 0.3654263675109
-0.1217197590957
 0.3735938989760
-0.1028837257178
 0.3808738840958
-0.0836294581221
 0.3872419035652
-0.0639991640499
 0.3926753447927
-0.0440361776818
 0.3971534550823
-0.0237848817214
 0.4006573917534
-0.0032906276098
 0.4031702691459
 0.0174003460069
 0.4046772024647
 0.0382409964402
 0.4051653484194
 0.0591835616306
 0.4046239426217
 0.0801796462115
 0.4030443337054
 0.1011803088477
 0.4004200141384
 0.1221361507308
 0.3967466477009
 0.1429974051178
 0.3920220936057
 0.1637140277963
 0.3862464272413
 0.1842357883643
 0.3794219575221
 0.2045123622116
 0.3715532408311
 0.2244934230915
 0.3626470915475
 0.2441287361738
 0.3527125891492
 0.2633682514689
 0.3417610818877
 0.2821621975176
 0.3298061870326
 0.3004611752394
 0.3168637876864
 0.3182162518351
 0.3029520261732
 0.3353790546397
 0.2880912940046
 0.3519018648249
 0.2723042184324
 0.3677377108492
 0.2556156455947
 0.3828404615565
 0.2380526202681
 0.3971649188253
 0.2196443622380
 0.4106669096711
 0.2004222393010
 0.4233033777062
 0.1804197369157
 0.4350324738618
 0.1596724245187
 0.4458136462795
 0.1382179185247
 0.4556077292787
 0.1160958420306
 0.4643770313077
 0.0933477812439
 0.4720854217898
 0.0700172386583
 0.4786984167711
 0.0461495830002
 0.4841832632830
 0.0217919959682
 0.4885090223305
-0.0030065842063
 0.4916466504167
-0.0281955223537
 0.4935690795177
-0.0537225490882
 0.4942512954196
-0.0795338266284
 0.4936704143316
-0.1055740176902
 0.4918057576880
-0.1317863574201
 0.4886389250532
-0.1581127283405
 0.4841538650434
-0.1844937382754
 0.4783369441792
-0.2108688012241
 0.4711770135815
-0.2371762211528
 0.4626654734263
-0.2633532786672
 0.4527963350699
-0.2893363205360
 0.4415662807583
-0.3150608520275
 0.4289747208338
-0.3404616320251
 0.4150238483495
-0.3654727708852
 0.3997186910047
-0.3900278309993
 0.3830671603104
-0.4140599300228
 0.3650800978963
-0.4375018467309
 0.3457713188670
-0.4602861294611
 0.3251576521161
-0.4823452071009
 0.3032589775055
-0.5036115025782
 0.2800982598150
-0.5240175488110
 0.2557015793668
-0.5434961070695
 0.2300981592296
-0.5619802877068
 0.2033203889011
-0.5794036732077
 0.1754038443724
-0.5957004435072
 0.1463873044709
-0.6108055035270
 0.1163127633794
-0.6246546128773
 0.0852254392255
-0.6371845176681
 0.0531737786371
-0.6483330843738
 0.0202094571515
-0.6580394356913
-0.0136126246290
-0.6662440883305
-0.0482343492505
-0.6728890926723
-0.0835943951040
-0.6779181742291
-0.1196282537226
-0.6812768768361
-0.1562682517993
-0.6829127075041
-0.1934435780482
-0.6827752828552
-0.2310803150336
-0.6808164770648
-0.2691014760946
-0.6769905712267
-0.3074270474964
-0.6712544040558
-0.3459740359404
-0.6635675238375
-0.3846565215697
-0.6538923415311
-0.4233857166092
-0.6421942849269
-0.4620700297826
-0.6284419537556
-0.5006151366503
-0.6126072756401
-0.5389240560184
-0.5946656627778
-0.5768972325695
-0.5745961692327
-0.6144326258696
-0.5523816487149
-0.6514258059114
-0.5280089127139
-0.6877700553544
-0.5014688888508
-0.7233564786271
-0.4727567793025
-0.7580741180610
-0.4418722191495
-0.7918100772290
-0.4088194344848
-0.8244496516630
-0.3736074001197
-0.8558764671321
-0.3362499967085
-0.8859726256643
-0.2967661671093
-0.9146188594987
-0.2551800717858
-0.9416946931603
-0.2115212430465
-0.9670786138507
-0.1658247379075
-0.9906482503551
-0.1181312893528
-1.0122805606667
-0.0684874557556
-1.0318520285354
-0.0169457682121
-1.0492388691500
 0.0364351244754
-1.0643172441683
 0.0915903134397
-1.0769634863124
 0.1484484903054
-1.0870543337486
 0.2069318109637
-1.0944671744783
 0.2669557628880
-1.0990803009661
 0.3284290363236
-1.1007731752368
 0.3912533997092
-1.0994267046755
 0.4553235796993
-1.0949235287673
 0.5205271461817
-1.0871483170180
 0.5867444027000
-1.0759880782968
 0.6538482827150
-1.0613324818468
 0.7217042521614
-1.0430741902112
 0.7901702187766
-1.0211092043220
 0.8590964487078
-0.9953372210035
 0.9283254909259
-0.9656620031417
 0.9976921100036
-0.9319917627712
 1.0670232278444
-0.8942395573320
 1.1361378749787
-0.8523236993492
 1.2048471520746
-0.8061681797868
 1.2729542023468
-0.7557031053234
 1.3402541955793
-0.7008651498009
 1.4065343245171
-0.6415980200877
 1.4715738144201
-0.5778529365995
 1.5351439466137
-0.5095891287125
 1.5970080969139
-0.4367743453008
 1.6569217898495
-0.3593853806211
 1.7146327696542
-0.2774086157606
 1.7698810890476
-0.1908405758550
 1.8223992168826
-0.0996885032716
 1.8719121657865
-0.0039709469419
 1.9181376409875
 0.0962816319877
 1.9607862115753
-0.0039709469419
-1.9181376409875
-0.0996885032716
-1.8719121657865
-0.1908405758550
-1.8223992168826
-0.2774086157606
-1.7698810890476
-0.3593853806211
-1.7146327696542
-0.4367743453008
-1.6569217898495
-0.5095891287125
-1.5970080969139
-0.5778529365995
-1.5351439466137
-0.6415980200877
-1.4715738144201
-0.7008651498009
-1.4065343245171
-0.7557031053234
-1.3402541955793
-0.8061681797868
-1.2729542023468
-0.8523236993492
-1.2048471520746
-0.8942395573320
-1.1361378749787
-0.9319917627712
-1.0670232278444
-0.9656620031417
-0.9976921100036
-0.9953372210035
-0.9283254909259
-1.0211092043220
-0.8590964487078
-1.0430741902112
-0.7901702187766
-1.0613324818468
-0.7217042521614
-1.0759880782968
-0.6538482827150
-1.0871483170180
-0.5867444027000
-1.0949235287673
-0.5205271461817
-1.0994267046755
-0.4553235796993
-1.1007731752368
-0.3912533997092
-1.0990803009661
-0.3284290363236
-1.0944671744783
-0.2669557628880
-1.0870543337486
-0.2069318109637
-1.0769634863124
-0.1484484903054
-1.0643172441683
-0.0915903134397
-1.0492388691500
-0.0364351244754
-1.0318520285354
 0.0169457682121
-1.0122805606667
 0.0684874557556
-0.9906482503551
 0.1181312893528
-0.9670786138507
 0.1658247379075
-0.9416946931603
 0.2115212430465
-0.9146188594987
 0.2551800717858
-0.8859726256643
 0.2967661671093
-0.8558764671321
 0.3362499967085
-0.8244496516630
 0.3736074001197
-0.7918100772290
 0.4088194344848
-0.7580741180610
 0.4418722191495
-0.7233564786271
 0.4727567793025
-0.6877700553544
 0.5014688888508
-0.6514258059114
 0.5280089127139
-0.6144326258696
 0.5523816487149
-0.5768972325695
 0.5745961692327
-0.5389240560184
 0.5946656627778
-0.5006151366503
 0.6126072756401
-0.4620700297826
 0.6284419537556
-0.4233857166092
 0.6421942849269
-0.3846565215697
 0.6538923415311
-0.3459740359404
 0.6635675238375
-0.3074270474964
 0.6712544040558
-0.2691014760946
 0.6769905712267
-0.2310803150336
 0.6808164770648
-0.1934435780482
 0.6827752828552
-0.1562682517993
 0.6829127075041
-0.1196282537226
 0.6812768768361
-0.0835943951040
 0.6779181742291
-0.0482343492505
 0.6728890926723
-0.0136126246290
 0.6662440883305
 0.0202094571515
 0.6580394356913
 0.0531737786371
 0.6483330843738
 0.0852254392255
 0.6371845176681
 0.1163127633794
 0.6246546128773
 0.1463873044709
 0.6108055035270
 0.1754038443724
 0.5957004435072
 0.2033203889011
 0.5794036732077
 0.2300981592296
 0.5619802877068
 0.2557015793668
 0.5434961070695
 0.2800982598150
 0.5240175488110
 0.3032589775055
 0.5036115025782
 0.3251576521161
 0.4823452071009
 0.3457713188670
 0.4602861294611
 0.3650800978963
 0.4375018467309
 0.3830671603104
 0.4140599300228
 0.3997186910047
 0.3900278309993
 0.4150238483495
 0.3654727708852
 0.4289747208338
 0.3404616320251
 0.4415662807583
 0.3150608520275
 0.4527963350699
 0.2893363205360
 0.4626654734263
 0.2633532786672
 0.4711770135815
 0.2371762211528
 0.4783369441792
 0.2108688012241
 0.4841538650434
 0.1844937382754
 0.4886389250532
 0.1581127283405
 0.4918057576880
 0.1317863574201
 0.4936704143316
 0.1055740176902
 0.4942512954196
 0.0795338266284
 0.4935690795177
 0.0537225490882
 0.4916466504167
 0.0281955223537
 0.4885090223305
 0.0030065842063
 0.4841832632830
-0.0217919959682
 0.4786984167711
-0.0461495830002
 0.4720854217898
-0.0700172386583
 0.4643770313077
-0.0933477812439
 0.4556077292787
-0.1160958420306
 0.4458136462795
-0.1382179185247
 0.4350324738618
-0.1596724245187
 0.4233033777062
-0.1804197369157
 0.4106669096711
-0.2004222393010
 0.3971649188253
-0.2196443622380
 0.3828404615565
-0.2380526202681
 0.3677377108492
-0.2556156455947
 0.3519018648249
-0.2723042184324
 0.3353790546397
-0.2880912940046
 0.3182162518351
-0.3029520261732
 0.3004611752394
-0.3168637876864
 0.2821621975176
-0.3298061870326
 0.2633682514689
-0.3417610818877
 0.2441287361738
-0.3527125891492
 0.2244934230915
-0.3626470915475
 0.2045123622116
-0.3715532408311
 0.1842357883643
-0.3794219575221
 0.1637140277963
-0.3862464272413
 0.1429974051178
-0.3920220936057
 0.1221361507308
-0.3967466477009
 0.1011803088477
-0.4004200141384
 0.0801796462115
-0.4030443337054
 0.0591835616306
-0.4046239426217
 0.0382409964402
-0.4051653484194
 0.0174003460069
-0.4046772024647
-0.0032906276098
-0.4031702691459
-0.0237848817214
-0.4006573917534
-0.0440361776818
-0.3971534550823
-0.0639991640499
-0.3926753447927
-0.0836294581221
-0.3872419035652
-0.1028837257178
-0.3808738840958
-0.1217197590957
-0.3735938989760
-0.1400965528839
-0.3654263675109
-0.1579743779006
-0.3563974595308
-0.1753148527487
-0.3465350362595
-0.1920810130625
-0.3358685883030
-0.2082373782889
-0.3244291708319
-0.2237500158849
-0.3122493360340
-0.2385866028133
-0.2993630629179
-0.2527164842225
-0.2858056845568
-0.2661107291939
-0.2716138128634
-0.2787421834469
-0.2568252609966
-0.2905855188888
-0.2414789635026
-0.3016172799029
-0.2256148943017
-0.3118159262697
-0.2092739826353
-0.3211618726178
-0.1924980270961
-0.3296375243071
-0.1753296078677
-0.3372273096475
-0.1578119973075
-0.3439177083639
-0.1399890690120
-0.3496972762193
-0.1219052055080
-0.3545566657155
-0.1036052047217
-0.3584886427931
-0.0851341853802
-0.3614880994623
-0.0665374915070
-0.3635520622962
-0.0478605961781
-0.3646796967311
-0.0291490047103
-0.3648723071191
-0.0104481574575
-0.3641333324898
 0.0081966676027
-0.3624683379823
 0.0267404523082
-0.3598850019196
 0.0451385355863
-0.3563930985014
 0.0633467103704
-0.3520044761057
 0.0813213199611
-0.3467330311919
 0.0990193536334
-0.3405946778135
 0.1163985412864
-0.3336073127534
 0.1334174469303
-0.3257907763073
 0.1500355608061
-0.3171668087498
 0.1662133899273
-0.3077590025288
 0.1819125468369
-0.2975927502427
 0.1970958363697
-0.2866951884685
 0.2117273402123
-0.2750951375170
 0.2257724990508
-0.2628230372050
 0.2391981921027
-0.2499108787424
 0.2519728138264
-0.2363921328469
 0.2640663476083
-0.2223016742077
 0.2754504362286
-0.2076757024317
 0.2860984489125
-0.1925516596172
 0.2959855447776
-0.1769681447107
 0.3050887324931
-0.1609648248125
 0.3133869259745
-0.1445823436112
 0.3208609959419
-0.1278622271312
 0.3274938171802
-0.1108467869946
 0.3332703113451
-0.0935790214036
 0.3381774851710
-0.0761025140613
 0.3422044639418
-0.0584613312574
 0.3453425201020
-0.0406999173534
 0.3475850968911
-0.0228629889104
 0.3489278268985
-0.0049954277102
 0.3493685454483
 0.0128578270740
 0.3489072987346
 0.0306518872933
 0.3475463466435
 0.0483420245578
 0.3452901602095
 0.0658837790152
 0.3421454136685
 0.0832330678985
 0.3381209710873
 0.1003462935615
 0.3332278675590
 0.1171804507204
 0.3274792849740
 0.1336932326180
 0.3208905223891
 0.1498431358277
 0.3134789610345
 0.1655895634136
 0.3052640240115
 0.1808929261652
 0.2962671307544
 0.1957147416294
 0.2865116463415
 0.2100177306633
 0.2760228257576
 0.2237659112378
 0.2648277532285
 0.2369246892266
 0.2529552767591
 0.2494609459235
 0.2404359380256
 0.2613431220350
 0.2273018977864
 0.2725412979073
 0.2135868569901
 0.2830272697538
 0.1993259737739
 0.2927746216608
 0.1845557765595
 0.3017587931594
 0.1693140734656
 0.3099571421636
 0.1536398582711
 0.3173490030891
 0.1375732131698
 0.3239157399777
 0.1211552085758
 0.3296407944702
 0.1044278002403
 0.3345097284819
 0.0874337239578
 0.3385102614538
 0.0702163881420
 0.3416323020656
 0.0528197645632
 0.3438679743155
 0.0352882775424
 0.3452116378868
 0.0176666919049
