 0.4608882568573
 0.0000000000000
 0.4395280146456
-0.1392411908603
 0.3773728589921
-0.2657745208430
 0.2800220235755
-0.3680365699960
 0.1562350290381
-0.4366416602339
 0.0171368137116
-0.4652064999833
-0.1247766584006
-0.4508935475912
-0.2567339676252
-0.3946324816543
-0.3667827487076
-0.3010133183439
-0.4447886211782
-0.1778762403430
-0.4832607843450
-0.0356484179631
-0.4779488239038
 0.1135050932541
-0.4281794744252
 0.2566413616258
-0.3369250507167
 0.3810355128602
-0.2106147932023
 0.4751438201982
-0.0587152912433
 0.5294754260387
 0.1068837964807
 0.5373263612669
 0.2726368720267
 0.4953419512106
 0.4242184556585
 0.4038851326698
 0.5474647128215
 0.2671979458131
 0.6293389848468
 0.0933512377773
 0.6588825023981
-0.1060165180253
 0.6281140703352
-0.3161661430595
 0.5328445917970
-0.5199222578608
 0.3733735221558
-0.6985249700900
 0.1550345180214
-0.8326564110058
-0.1114434235327
-0.9036276924559
-0.4097951882804
-0.8947091470961
-0.7183383039808
-0.7925829086683
-1.0103948711184
-0.5888914554009
-1.2550658508673
-0.2818480490750
-1.4184134421133
 0.1221357311758
-1.4651146649228
 0.6068649596981
-1.3606572163965
 1.1448986652306
-1.0741566922804
 1.6963167877583
-0.5818815388025
 2.2078614232223
 0.1284228043482
 2.6126476012322
-0.5818815388025
-2.2078614232223
-1.0741566922804
-1.6963167877583
-1.3606572163965
-1.1448986652306
-1.4651146649228
-0.6068649596981
-1.4184134421133
-0.1221357311758
-1.2550658508673
 0.2818480490750
-1.0103948711184
 0.5888914554009
-0.7183383039808
 0.7925829086683
-0.4097951882804
 0.8947091470961
-0.1114434235327
 0.9036276924559
 0.1550345180214
 0.8326564110058
 0.3733735221558
 0.6985249700900
 0.5328445917970
 0.5199222578608
 0.6281140703352
 0.3161661430595
 0.6588825023981
 0.1060165180253
 0.6293389848468
-0.0933512377773
 0.5474647128215
-0.2671979458131
 0.4242184556585
-0.4038851326698
 0.2726368720267
-0.4953419512106
 0.1068837964807
-0.5373263612669
-0.0587152912433
-0.5294754260387
-0.2106147932023
-0.4751438201982
-0.3369250507167
-0.3810355128602
-0.4281794744252
-0.2566413616258
-0.4779488239038
-0.1135050932541
-0.4832607843450
 0.0356484179631
-0.4447886211782
 0.1778762403430
-0.3667827487076
 0.3010133183439
-0.2567339676252
 0.3946324816543
-0.1247766584006
 0.4508935475912
 0.0171368137116
 0.4652064999833
 0.1562350290381
 0.4366416602339
 0.2800220235755
 0.3680365699960
 0.3773728589921
 0.2657745208430
 0.4395280146456
 0.1392411908603
