 0.6145185100108
 0.0000000000000
 0.6104873171026
-0.0705466278190
 0.5984451915026
-0.1401820771406
 0.5785458189270
-0.2080068096805
 0.5510431070837
-0.2731444059352
 0.5162878690325
-0.3347527233373
 0.4747232512759
-0.3920345809113
 0.4268789761605
-0.4442478256811
 0.3733644855200
-0.4907146468720
 0.3148610880578
-0.5308300169179
 0.2521132264598
-0.5640691531180
 0.1859189914214
-0.5899939101306
 0.1171200185002
-0.6082580309605
 0.0465909098873
-0.6186112022987
-0.0247716732227
-0.6209018786130
-0.0960601009353
-0.6150788578746
-0.1663669023095
-0.6011916098791
-0.2347957887429
-0.5793893754422
-0.3004724372790
-0.5499190710247
-0.3625549057046
-0.5131220483123
-0.4202435605962
-0.4694297717440
-0.4727904100915
-0.4193584887851
-0.5195077448212
-0.3635029777789
-0.5597760028498
-0.3025294664240
-0.5930507873539
-0.2371678203040
-0.6188689788531
-0.1682031054725
-0.6368538968467
-0.0964666319436
-0.6467194784858
-0.0228265861430
-0.6482734542218
 0.0518216399160
-0.6414195120594
 0.1265653166313
-0.6261584529707
 0.2004843387455
-0.6025883500911
 0.2726611818750
-0.5709037334501
 0.3421907590591
-0.5313938301359
 0.4081900882209
-0.4844398969436
 0.4698076874301
-0.4305116887051
 0.5262326212402
-0.3701631106766
 0.5767031279963
-0.3040271075992
 0.6205147647399
-0.2328098454064
 0.6570280130673
-0.1572842440965
 0.6856752959197
-0.0782829220805
 0.7059673617186
 0.0033093865570
 0.7174989984401
 0.0865638799096
 0.7199540460807
 0.1705161392129
 0.7131096814818
 0.2541749213232
 0.6968399546073
 0.3365312318705
 0.6711185600926
 0.4165676192820
 0.6360208322088
 0.4932676311211
 0.5917249552965
 0.5656253755810
 0.5385123852451
 0.6326551324589
 0.4767674807290
 0.6934009594541
 0.4069763456939
 0.7469462411455
 0.3297248870242
 0.7924231294584
 0.2456960934663
 0.8290218257967
 0.1556665437388
 0.8559996562610
 0.0605021533817
 0.8726898924693
-0.0388468286929
 0.8785102714212
-0.1413515617524
 0.8729711685777
-0.2459110796024
 0.8556833788569
-0.3513594674644
 0.8263654605523
-0.4564737341568
 0.7848505972574
-0.5599823634703
 0.7310929327215
-0.6605745277251
 0.6651733331605
-0.7569099455574
 0.5873045308989
-0.8476293649631
 0.4978356023281
-0.9313656514863
 0.3972557320247
-1.0067554601531
 0.2861972134955
-1.0724514682617
 0.1654376353945
-1.1271351444217
 0.0359012002133
-1.1695300272345
-0.1013408796217
-1.1984154846906
-0.2450709655768
-1.2126409226724
-0.3939266165529
-1.2111404078540
-0.5464033145454
-1.1929476667349
-0.7008583575787
-1.1572114184798
-0.8555159879248
-1.1032109946229
-1.0084738265315
-1.0303721934814
-1.1577106875142
-0.9382833112726
-1.3010958494638
-0.8267112854061
-1.4363998631208
-0.6956178782005
-1.5613069776128
-0.5451758213429
-1.6734292698774
-0.3757848327702
-1.7703225640350
-0.1880874083339
-1.8495042292825
 0.0170157193304
-1.9084729463146
 0.2383505727753
-1.9447305333323
 0.4744555014655
-1.9558059234096
 0.7235674732136
-1.9392813854773
 0.9836092362855
-1.8928210816500
 1.2521775137282
-1.8142020544546
 1.5265324012520
-1.7013477392744
 1.8035881484581
-1.5523641008905
 2.0799055097250
-1.3655784996387
 2.3516858549776
-1.1395814042225
 2.6147672310808
-0.8732710871808
 2.8646225609561
-0.5659014689269
 3.0963601589470
-0.2171333220093
 3.3047267268939
 0.1729108845775
 3.4841129755993
-0.2171333220093
-3.3047267268939
-0.5659014689269
-3.0963601589470
-0.8732710871808
-2.8646225609561
-1.1395814042225
-2.6147672310808
-1.3655784996387
-2.3516858549776
-1.5523641008905
-2.0799055097250
-1.7013477392744
-1.8035881484581
-1.8142020544546
-1.5265324012520
-1.8928210816500
-1.2521775137282
-1.9392813854773
-0.9836092362855
-1.9558059234096
-0.7235674732136
-1.9447305333323
-0.4744555014655
-1.9084729463146
-0.2383505727753
-1.8495042292825
-0.0170157193304
-1.7703225640350
 0.1880874083339
-1.6734292698774
 0.3757848327702
-1.5613069776128
 0.5451758213429
-1.4363998631208
 0.6956178782005
-1.3010958494638
 0.8267112854061
-1.1577106875142
 0.9382833112726
-1.0084738265315
 1.0303721934814
-0.8555159879248
 1.1032109946229
-0.7008583575787
 1.1572114184798
-0.5464033145454
 1.1929476667349
-0.3939266165529
 1.2111404078540
-0.2450709655768
 1.2126409226724
-0.1013408796217
 1.1984154846906
 0.0359012002133
 1.1695300272345
 0.1654376353945
 1.1271351444217
 0.2861972134955
 1.0724514682617
 0.3972557320247
 1.0067554601531
 0.4978356023281
 0.9313656514863
 0.5873045308989
 0.8476293649631
 0.6651733331605
 0.7569099455574
 0.7310929327215
 0.6605745277251
 0.7848505972574
 0.5599823634703
 0.8263654605523
 0.4564737341568
 0.8556833788569
 0.3513594674644
 0.8729711685777
 0.2459110796024
 0.8785102714212
 0.1413515617524
 0.8726898924693
 0.0388468286929
 0.8559996562610
-0.0605021533817
 0.8290218257967
-0.1556665437388
 0.7924231294584
-0.2456960934663
 0.7469462411455
-0.3297248870242
 0.6934009594541
-0.4069763456939
 0.6326551324589
-0.4767674807290
 0.5656253755810
-0.5385123852451
 0.4932676311211
-0.5917249552965
 0.4165676192820
-0.6360208322088
 0.3365312318705
-0.6711185600926
 0.2541749213232
-0.6968399546073
 0.1705161392129
-0.7131096814818
 0.0865638799096
-0.7199540460807
 0.0033093865570
-0.7174989984401
-0.0782829220805
-0.7059673617186
-0.1572842440965
-0.6856752959197
-0.2328098454064
-0.6570280130673
-0.3040271075992
-0.6205147647399
-0.3701631106766
-0.5767031279963
-0.4305116887051
-0.5262326212402
-0.4844398969436
-0.4698076874301
-0.5313938301359
-0.4081900882209
-0.5709037334501
-0.3421907590591
-0.6025883500911
-0.2726611818750
-0.6261584529707
-0.2004843387455
-0.6414195120594
-0.1265653166313
-0.6482734542218
-0.0518216399160
-0.6467194784858
 0.0228265861430
-0.6368538968467
 0.0964666319436
-0.6188689788531
 0.1682031054725
-0.5930507873539
 0.2371678203040
-0.5597760028498
 0.3025294664240
-0.5195077448212
 0.3635029777789
-0.4727904100915
 0.4193584887851
-0.4202435605962
 0.4694297717440
-0.3625549057046
 0.5131220483123
-0.3004724372790
 0.5499190710247
-0.2347957887429
 0.5793893754422
-0.1663669023095
 0.6011916098791
-0.0960601009353
 0.6150788578746
-0.0247716732227
 0.6209018786130
 0.0465909098873
 0.6186112022987
 0.1171200185002
 0.6082580309605
 0.1859189914214
 0.5899939101306
 0.2521132264598
 0.5640691531180
 0.3148610880578
 0.5308300169179
 0.3733644855200
 0.4907146468720
 0.4268789761605
 0.4442478256811
 0.4747232512759
 0.3920345809113
 0.5162878690325
 0.3347527233373
 0.5510431070837
 0.2731444059352
 0.5785458189270
 0.2080068096805
 0.5984451915026
 0.1401820771406
 0.6104873171026
 0.0705466278190
