 0.4608882568573
 0.0000000000000
 0.4555177566465
-0.0704285270658
 0.4395280146456
-0.1392411908603
 0.4132814761946
-0.2048587861862
 0.3773728589921
-0.2657745208430
 0.3326153839713
-0.3205879927160
 0.2800220235755
-0.3680365699960
 0.2207822689895
-0.4070234358337
 0.1562350290381
-0.4366416602339
 0.0878383628635
-0.4561937802861
 0.0171368137116
-0.4652064999833
-0.0542728490609
-0.4634402576920
-0.1247766584006
-0.4508935475912
-0.1927784373020
-0.4278020161612
-0.2567339676252
-0.3946324816543
-0.3151836143472
-0.3520721396468
-0.3667827487076
-0.3010133183439
-0.4103293955735
-0.2425342311873
-0.4447886211782
-0.1778762403430
-0.4693132733925
-0.1084181924440
-0.4832607843450
-0.0356484179631
-0.4862058413378
 0.0388650011908
-0.4779488239038
 0.1135050932541
-0.4585199903345
 0.1866374000722
-0.4281794744252
 0.2566413616258
-0.3874132214338
 0.3219411561972
-0.3369250507167
 0.3810355128602
-0.2776250810210
 0.4325260596624
-0.2106147932023
 0.4751438201982
-0.1371690347032
 0.5077735215177
-0.0587152912433
 0.5294754260387
 0.0231894352608
 0.5395044481155
 0.1068837964807
 0.5373263612669
 0.1906289675242
 0.5226309440948
 0.2726368720267
 0.4953419512106
 0.3510994238832
 0.4556238297915
 0.4242184556585
 0.4038851326698
 0.4902360139309
 0.3407786052052
 0.5474647128215
 0.2671979458131
 0.5943178480901
 0.1842712592339
 0.6293389848468
 0.0933512377773
 0.6512307416754
-0.0039978807020
 0.6588825023981
-0.1060165180253
 0.6513967935179
-0.2107690544558
 0.6281140703352
-0.3161661430595
 0.5886356576586
-0.4199899542336
 0.5328445917970
-0.5199222578608
 0.4609241090506
-0.6135752433492
 0.3733735221558
-0.6985249700900
 0.2710212200624
-0.7723473321645
 0.1550345180214
-0.8326564110058
 0.0269260742537
-0.8771450777264
-0.1114434235327
-0.9036276924559
-0.2578666137703
-0.9100847308248
-0.4097951882804
-0.8947091470961
-0.5643503402720
-0.8559542588299
-0.7183383039808
-0.7925829086683
-0.8682713806317
-0.7037176241367
-1.0103948711184
-0.5888914554009
-1.1407203632935
-0.4480991227508
-1.2550658508673
-0.2818480490750
-1.3491031913681
-0.0912087864627
-1.4184134421133
 0.1221357311758
-1.4585506452347
 0.3558427676896
-1.4651146649228
 0.6068649596981
-1.4338337114698
 0.8714089725610
-1.3606572163965
 1.1448986652306
-1.2418597496900
 1.4219439576919
-1.0741566922804
 1.6963167877583
-0.8548323922204
 1.9609357689244
-0.5818815388025
 2.2078614232223
-0.2541644815143
 2.4283041690312
 0.1284228043482
 2.6126476012322
-0.2541644815143
-2.4283041690312
-0.5818815388025
-2.2078614232223
-0.8548323922204
-1.9609357689244
-1.0741566922804
-1.6963167877583
-1.2418597496900
-1.4219439576919
-1.3606572163965
-1.1448986652306
-1.4338337114698
-0.8714089725610
-1.4651146649228
-0.6068649596981
-1.4585506452347
-0.3558427676896
-1.4184134421133
-0.1221357311758
-1.3491031913681
 0.0912087864627
-1.2550658508673
 0.2818480490750
-1.1407203632935
 0.4480991227508
-1.0103948711184
 0.5888914554009
-0.8682713806317
 0.7037176241367
-0.7183383039808
 0.7925829086683
-0.5643503402720
 0.8559542588299
-0.4097951882804
 0.8947091470961
-0.2578666137703
 0.9100847308248
-0.1114434235327
 0.9036276924559
 0.0269260742537
 0.8771450777264
 0.1550345180214
 0.8326564110058
 0.2710212200624
 0.7723473321645
 0.3733735221558
 0.6985249700900
 0.4609241090506
 0.6135752433492
 0.5328445917970
 0.5199222578608
 0.5886356576586
 0.4199899542336
 0.6281140703352
 0.3161661430595
 0.6513967935179
 0.2107690544558
 0.6588825023981
 0.1060165180253
 0.6512307416754
 0.0039978807020
 0.6293389848468
-0.0933512377773
 0.5943178480901
-0.1842712592339
 0.5474647128215
-0.2671979458131
 0.4902360139309
-0.3407786052052
 0.4242184556585
-0.4038851326698
 0.3510994238832
-0.4556238297915
 0.2726368720267
-0.4953419512106
 0.1906289675242
-0.5226309440948
 0.1068837964807
-0.5373263612669
 0.0231894352608
-0.5395044481155
-0.0587152912433
-0.5294754260387
-0.1371690347032
-0.5077735215177
-0.2106147932023
-0.4751438201982
-0.2776250810210
-0.4325260596624
-0.3369250507167
-0.3810355128602
-0.3874132214338
-0.3219411561972
-0.4281794744252
-0.2566413616258
-0.4585199903345
-0.1866374000722
-0.4779488239038
-0.1135050932541
-0.4862058413378
-0.0388650011908
-0.4832607843450
 0.0356484179631
-0.4693132733925
 0.1084181924440
-0.4447886211782
 0.1778762403430
-0.4103293955735
 0.2425342311873
-0.3667827487076
 0.3010133183439
-0.3151836143472
 0.3520721396468
-0.2567339676252
 0.3946324816543
-0.1927784373020
 0.4278020161612
-0.1247766584006
 0.4508935475912
-0.0542728490609
 0.4634402576920
 0.0171368137116
 0.4652064999833
 0.0878383628635
 0.4561937802861
 0.1562350290381
 0.4366416602339
 0.2207822689895
 0.4070234358337
 0.2800220235755
 0.3680365699960
 0.3326153839713
 0.3205879927160
 0.3773728589921
 0.2657745208430
 0.4132814761946
 0.2048587861862
 0.4395280146456
 0.1392411908603
 0.4555177566465
 0.0704285270658
