 0.6145185100108
 0.0000000000000
 0.5984451915026
-0.1401820771406
 0.5510431070837
-0.2731444059352
 0.4747232512759
-0.3920345809113
 0.3733644855200
-0.4907146468720
 0.2521132264598
-0.5640691531180
 0.1171200185002
-0.6082580309605
-0.0247716732227
-0.6209018786130
-0.1663669023095
-0.6011916098791
-0.3004724372790
-0.5499190710247
-0.4202435605962
-0.4694297717440
-0.5195077448212
-0.3635029777789
-0.5930507873539
-0.2371678203040
-0.6368538968467
-0.0964666319436
-0.6482734542218
 0.0518216399160
-0.6261584529707
 0.2004843387455
-0.5709037334501
 0.3421907590591
-0.4844398969436
 0.4698076874301
-0.3701631106766
 0.5767031279963
-0.2328098454064
 0.6570280130673
-0.0782829220805
 0.7059673617186
 0.0865638799096
 0.7199540460807
 0.2541749213232
 0.6968399546073
 0.4165676192820
 0.6360208322088
 0.5656253755810
 0.5385123852451
 0.6934009594541
 0.4069763456939
 0.7924231294584
 0.2456960934663
 0.8559996562610
 0.0605021533817
 0.8785102714212
-0.1413515617524
 0.8556833788569
-0.3513594674644
 0.7848505972574
-0.5599823634703
 0.6651733331605
-0.7569099455574
 0.4978356023281
-0.9313656514863
 0.2861972134955
-1.0724514682617
 0.0359012002133
-1.1695300272345
-0.2450709655768
-1.2126409226724
-0.5464033145454
-1.1929476667349
-0.8555159879248
-1.1032109946229
-1.1577106875142
-0.9382833112726
-1.4363998631208
-0.6956178782005
-1.6734292698774
-0.3757848327702
-1.8495042292825
 0.0170157193304
-1.9447305333323
 0.4744555014655
-1.9392813854773
 0.9836092362855
-1.8142020544546
 1.5265324012520
-1.5523641008905
 2.0799055097250
-1.1395814042225
 2.6147672310808
-0.5659014689269
 3.0963601589470
 0.1729108845776
 3.4841129755993
-0.5659014689269
-3.0963601589470
-1.1395814042225
-2.6147672310808
-1.5523641008905
-2.0799055097250
-1.8142020544546
-1.5265324012520
-1.9392813854773
-0.9836092362855
-1.9447305333323
-0.4744555014655
-1.8495042292825
-0.0170157193304
-1.6734292698774
 0.3757848327702
-1.4363998631208
 0.6956178782005
-1.1577106875142
 0.9382833112726
-0.8555159879248
 1.1032109946229
-0.5464033145454
 1.1929476667349
-0.2450709655768
 1.2126409226724
 0.0359012002133
 1.1695300272345
 0.2861972134955
 1.0724514682617
 0.4978356023281
 0.9313656514863
 0.6651733331605
 0.7569099455574
 0.7848505972574
 0.5599823634703
 0.8556833788569
 0.3513594674644
 0.8785102714212
 0.1413515617524
 0.8559996562610
-0.0605021533817
 0.7924231294584
-0.2456960934663
 0.6934009594541
-0.4069763456939
 0.5656253755810
-0.5385123852451
 0.4165676192820
-0.6360208322088
 0.2541749213232
-0.6968399546073
 0.0865638799096
-0.7199540460807
-0.0782829220805
-0.7059673617186
-0.2328098454064
-0.6570280130673
-0.3701631106766
-0.5767031279963
-0.4844398969436
-0.4698076874301
-0.5709037334501
-0.3421907590591
-0.6261584529707
-0.2004843387455
-0.6482734542218
-0.0518216399160
-0.6368538968467
 0.0964666319436
-0.5930507873539
 0.2371678203040
-0.5195077448212
 0.3635029777789
-0.4202435605962
 0.4694297717440
-0.3004724372790
 0.5499190710247
-0.1663669023095
 0.6011916098791
-0.0247716732227
 0.6209018786130
 0.1171200185002
 0.6082580309605
 0.2521132264598
 0.5640691531180
 0.3733644855200
 0.4907146468720
 0.4747232512759
 0.3920345809113
 0.5510431070837
 0.2731444059352
 0.5984451915026
 0.1401820771406
