 0.4608882568573
 0.0000000000000
 0.4595437237738
-0.0353156867944
 0.4555177566465
-0.0704285270658
 0.4488332073894
-0.1051368269642
 0.4395280146456
-0.1392411908603
 0.4276549830311
-0.1725456526968
 0.4132814761946
-0.2048587861862
 0.3964890257858
-0.2359947870666
 0.3773728589921
-0.2657745208430
 0.3560413478404
-0.2940265297164
 0.3326153839713
-0.3205879927160
 0.3072276830705
-0.3453056334128
 0.2800220235755
-0.3680365699960
 0.2511524246784
-0.3886491029237
 0.2207822689895
-0.4070234358337
 0.1890833755381
-0.4230523258870
 0.1562350290381
-0.4366416602339
 0.1224229715550
-0.4477109558194
 0.0878383628635
-0.4561937802861
 0.0526767158932
-0.4620380922770
 0.0171368137116
-0.4652064999833
-0.0185803854995
-0.4656764373265
-0.0542728490609
-0.4634402576920
-0.0897385696789
-0.4585052456491
-0.1247766584006
-0.4508935475912
-0.1591884246174
-0.4406420227090
-0.1927784373020
-0.4278020161612
-0.2253555619066
-0.4124390567309
-0.2567339676252
-0.3946324816543
-0.2867341000212
-0.3744749916673
-0.3151836143472
-0.3520721396468
-0.3419182652239
-0.3275417565164
-0.3667827487076
-0.3010133183439
-0.3896314931424
-0.2726272587817
-0.4103293955735
-0.2425342311873
-0.4287525008810
-0.2108943249090
-0.4447886211782
-0.1778762403430
-0.4583378934009
-0.1436564274466
-0.4693132733925
-0.1084181924440
-0.4776409651612
-0.0723507774790
-0.4832607843450
-0.0356484179631
-0.4861264552723
 0.0014906176752
-0.4862058413378
 0.0388650011908
-0.4834811087369
 0.0762713261107
-0.4779488239038
 0.1135050932541
-0.4696199852830
 0.1503616958516
-0.4585199903345
 0.1866374000722
-0.4446885389170
 0.2221303169191
-0.4281794744252
 0.2566413616258
-0.4090605642641
 0.2899751968557
-0.3874132214338
 0.3219411561972
-0.3633321691677
 0.3523541446333
-0.3369250507167
 0.3810355128602
-0.3083119865086
 0.4078139025264
-0.2776250810210
 0.4325260596624
-0.2450078818081
 0.4550176137647
-0.2106147932023
 0.4751438201982
-0.1746104472759
 0.4927702637703
-0.1371690347032
 0.5077735215177
-0.0984735981999
 0.5200417829338
-0.0587152912433
 0.5294754260387
-0.0180926047934
 0.5359875478672
 0.0231894352608
 0.5395044481155
 0.0649200972103
 0.5399660648414
 0.1068837964807
 0.5373263612669
 0.1488609697442
 0.5315536628710
 0.1906289675242
 0.5226309440948
 0.2319629626591
 0.5105560641091
 0.2726368720267
 0.4953419512106
 0.3124242889669
 0.4770167355241
 0.3510994238832
 0.4556238297915
 0.3884380505455
 0.4312219581224
 0.4242184556585
 0.4038851326698
 0.4582223893070
 0.3737025782756
 0.4902360139309
 0.3407786052052
 0.5200508495276
 0.3052324301593
 0.5474647128215
 0.2671979458131
 0.5722826481792
 0.2268234391905
 0.5943178480901
 0.1842712592339
 0.6133925610660
 0.1397174339778
 0.6293389848468
 0.0933512377773
 0.6420001428310
 0.0453747090839
 0.6512307416754
-0.0039978807020
 0.6568980080299
-0.0545406067404
 0.6588825023981
-0.1060165180253
 0.6570789081236
-0.1581783117996
 0.6513967935179
-0.2107690544558
 0.6417613451519
-0.2635229482414
 0.6281140703352
-0.3161661430595
 0.6104134668073
-0.3684175926280
 0.5886356576586
-0.4199899542336
 0.5627749894890
-0.4705905312876
 0.5328445917970
-0.5199222578608
 0.4988768955735
-0.5676847243445
 0.4609241090506
-0.6135752433492
 0.4190586485262
-0.6572899549175
 0.3733735221558
-0.6985249700900
 0.3239826645603
-0.7369775518168
 0.2710212200624
-0.7723473321645
 0.2146457723129
-0.8043375647161
 0.1550345180214
-0.8326564110058
 0.0923873824480
-0.8570182597697
 0.0269260742537
-0.8771450777264
-0.0411059227567
-0.8927677905299
-0.1114434235327
-0.9036276924559
-0.1837996839259
-0.9094778832937
-0.2578666137703
-0.9100847308248
-0.3333150636610
-0.9052293571599
-0.4097951882804
-0.8947091470961
-0.4869368892118
-0.8783392765303
-0.5643503402720
-0.8559542588299
-0.6416265984929
-0.8274095069181
-0.7183383039808
-0.7925829086683
-0.7940404719868
-0.7513764130318
-0.8682713806317
-0.7037176241367
-0.9405535578355
-0.6495614003904
-1.0103948711184
-0.5888914554009
-1.0772897240563
-0.5217219572950
-1.1407203632935
-0.4480991227508
-1.2001583001352
-0.3681028017909
-1.2550658508673
-0.2818480490750
-1.3048978000767
-0.1894866771123
-1.3491031913681
-0.0912087864627
-1.3871272500033
 0.0127557323855
-1.4184134421133
 0.1221357311758
-1.4424056752581
 0.2366173762408
-1.4585506452347
 0.3558427676896
-1.4663003341539
 0.4794086125690
-1.4651146649228
 0.6068649596981
-1.4544643173845
 0.7377140044701
-1.4338337114698
 0.8714089725610
-1.4027241628161
 1.0073530921780
-1.3606572163965
 1.1448986652306
-1.3071781637780
 1.2833462486171
-1.2418597496900
 1.4219439576919
-1.1643060736332
 1.5598869049218
-1.0741566922804
 1.6963167877583
-0.9710909284265
 1.8303216408523
-0.8548323922204
 1.9609357689244
-0.7251537203555
 2.0871398778899
-0.5818815388025
 2.2078614232223
-0.4249016545349
 2.3219751960410
-0.2541644815143
 2.4283041690312
-0.0696907059635
 2.5256206260572
 0.1284228043482
 2.6126476012322
-0.0696907059635
-2.5256206260572
-0.2541644815143
-2.4283041690312
-0.4249016545349
-2.3219751960410
-0.5818815388025
-2.2078614232223
-0.7251537203555
-2.0871398778899
-0.8548323922204
-1.9609357689244
-0.9710909284265
-1.8303216408523
-1.0741566922804
-1.6963167877583
-1.1643060736332
-1.5598869049218
-1.2418597496900
-1.4219439576919
-1.3071781637780
-1.2833462486171
-1.3606572163965
-1.1448986652306
-1.4027241628161
-1.0073530921780
-1.4338337114698
-0.8714089725610
-1.4544643173845
-0.7377140044701
-1.4651146649228
-0.6068649596981
-1.4663003341539
-0.4794086125690
-1.4585506452347
-0.3558427676896
-1.4424056752581
-0.2366173762408
-1.4184134421133
-0.1221357311758
-1.3871272500033
-0.0127557323855
-1.3491031913681
 0.0912087864627
-1.3048978000767
 0.1894866771123
-1.2550658508673
 0.2818480490750
-1.2001583001352
 0.3681028017909
-1.1407203632935
 0.4480991227508
-1.0772897240563
 0.5217219572950
-1.0103948711184
 0.5888914554009
-0.9405535578355
 0.6495614003904
-0.8682713806317
 0.7037176241367
-0.7940404719868
 0.7513764130318
-0.7183383039808
 0.7925829086683
-0.6416265984929
 0.8274095069181
-0.5643503402720
 0.8559542588299
-0.4869368892118
 0.8783392765303
-0.4097951882804
 0.8947091470961
-0.3333150636610
 0.9052293571599
-0.2578666137703
 0.9100847308248
-0.1837996839259
 0.9094778832937
-0.1114434235327
 0.9036276924559
-0.0411059227567
 0.8927677905299
 0.0269260742537
 0.8771450777264
 0.0923873824480
 0.8570182597697
 0.1550345180214
 0.8326564110058
 0.2146457723129
 0.8043375647161
 0.2710212200624
 0.7723473321645
 0.3239826645603
 0.7369775518168
 0.3733735221558
 0.6985249700900
 0.4190586485262
 0.6572899549175
 0.4609241090506
 0.6135752433492
 0.4988768955735
 0.5676847243445
 0.5328445917970
 0.5199222578608
 0.5627749894890
 0.4705905312876
 0.5886356576586
 0.4199899542336
 0.6104134668073
 0.3684175926280
 0.6281140703352
 0.3161661430595
 0.6417613451519
 0.2635229482414
 0.6513967935179
 0.2107690544558
 0.6570789081236
 0.1581783117996
 0.6588825023981
 0.1060165180253
 0.6568980080299
 0.0545406067404
 0.6512307416754
 0.0039978807020
 0.6420001428310
-0.0453747090839
 0.6293389848468
-0.0933512377773
 0.6133925610660
-0.1397174339778
 0.5943178480901
-0.1842712592339
 0.5722826481792
-0.2268234391905
 0.5474647128215
-0.2671979458131
 0.5200508495276
-0.3052324301593
 0.4902360139309
-0.3407786052052
 0.4582223893070
-0.3737025782756
 0.4242184556585
-0.4038851326698
 0.3884380505455
-0.4312219581224
 0.3510994238832
-0.4556238297915
 0.3124242889669
-0.4770167355241
 0.2726368720267
-0.4953419512106
 0.2319629626591
-0.5105560641091
 0.1906289675242
-0.5226309440948
 0.1488609697442
-0.5315536628710
 0.1068837964807
-0.5373263612669
 0.0649200972103
-0.5399660648414
 0.0231894352608
-0.5395044481155
-0.0180926047934
-0.5359875478672
-0.0587152912433
-0.5294754260387
-0.0984735981999
-0.5200417829338
-0.1371690347032
-0.5077735215177
-0.1746104472759
-0.4927702637703
-0.2106147932023
-0.4751438201982
-0.2450078818081
-0.4550176137647
-0.2776250810210
-0.4325260596624
-0.3083119865086
-0.4078139025264
-0.3369250507167
-0.3810355128602
-0.3633321691677
-0.3523541446333
-0.3874132214338
-0.3219411561972
-0.4090605642641
-0.2899751968557
-0.4281794744252
-0.2566413616258
-0.4446885389170
-0.2221303169191
-0.4585199903345
-0.1866374000722
-0.4696199852830
-0.1503616958516
-0.4779488239038
-0.1135050932541
-0.4834811087369
-0.0762713261107
-0.4862058413378
-0.0388650011908
-0.4861264552723
-0.0014906176752
-0.4832607843450
 0.0356484179631
-0.4776409651612
 0.0723507774790
-0.4693132733925
 0.1084181924440
-0.4583378934009
 0.1436564274466
-0.4447886211782
 0.1778762403430
-0.4287525008810
 0.2108943249090
-0.4103293955735
 0.2425342311873
-0.3896314931424
 0.2726272587817
-0.3667827487076
 0.3010133183439
-0.3419182652239
 0.3275417565164
-0.3151836143472
 0.3520721396468
-0.2867341000212
 0.3744749916673
-0.2567339676252
 0.3946324816543
-0.2253555619066
 0.4124390567309
-0.1927784373020
 0.4278020161612
-0.1591884246174
 0.4406420227090
-0.1247766584006
 0.4508935475912
-0.0897385696789
 0.4585052456491
-0.0542728490609
 0.4634402576920
-0.0185803854995
 0.4656764373265
 0.0171368137116
 0.4652064999833
 0.0526767158932
 0.4620380922770
 0.0878383628635
 0.4561937802861
 0.1224229715550
 0.4477109558194
 0.1562350290381
 0.4366416602339
 0.1890833755381
 0.4230523258870
 0.2207822689895
 0.4070234358337
 0.2511524246784
 0.3886491029237
 0.2800220235755
 0.3680365699960
 0.3072276830705
 0.3453056334128
 0.3326153839713
 0.3205879927160
 0.3560413478404
 0.2940265297164
 0.3773728589921
 0.2657745208430
 0.3964890257858
 0.2359947870666
 0.4132814761946
 0.2048587861862
 0.4276549830311
 0.1725456526968
 0.4395280146456
 0.1392411908603
 0.4488332073894
 0.1051368269642
 0.4555177566465
 0.0704285270658
 0.4595437237738
 0.0353156867944
