 0.5185609012856
 0.0000000000000
 0.5184861632953
-0.0088379919031
 0.5182619702841
-0.0176734759046
 0.5178883851243
-0.0265039448072
 0.5173655125835
-0.0353268928217
 0.5166934992939
-0.0441398162704
 0.5158725337100
-0.0529402142900
 0.5149028460550
-0.0617255895340
 0.5137847082541
-0.0704934488730
 0.5125184338560
-0.0792413040948
 0.5111043779434
-0.0879666726024
 0.5095429370302
-0.0966670781105
 0.5078345489480
-0.1053400513396
 0.5059796927197
-0.1139831307092
 0.5039788884221
-0.1225938630269
 0.5018326970364
-0.1311698041765
 0.4995417202866
-0.1397085198022
 0.4971066004672
-0.1482075859907
 0.4945280202583
-0.1566645899498
 0.4918067025297
-0.1650771306828
 0.4889434101333
-0.1734428196612
 0.4859389456841
-0.1817592814914
 0.4827941513302
-0.1900241545790
 0.4795099085111
-0.1982350917885
 0.4760871377049
-0.2063897610980
 0.4725267981647
-0.2144858462502
 0.4688298876434
-0.2225210473982
 0.4649974421085
-0.2304930817459
 0.4610305354454
-0.2383996841842
 0.4569302791496
-0.2462386079211
 0.4526978220098
-0.2540076251065
 0.4483343497786
-0.2617045274513
 0.4438410848342
-0.2693271268403
 0.4392192858313
-0.2768732559397
 0.4344702473416
-0.2843407687975
 0.4295952994849
-0.2917275414382
 0.4245958075494
-0.2990314724503
 0.4194731716031
-0.3062504835673
 0.4142288260947
-0.3133825202419
 0.4088642394457
-0.3204255522126
 0.4033809136324
-0.3273775740637
 0.3977803837594
-0.3342366057771
 0.3920642176230
-0.3410006932773
 0.3862340152665
-0.3476679089680
 0.3802914085262
-0.3542363522609
 0.3742380605687
-0.3607041500971
 0.3680756654200
-0.3670694574593
 0.3618059474857
-0.3733304578764
 0.3554306610634
-0.3794853639195
 0.3489515898467
-0.3855324176892
 0.3423705464215
-0.3914698912939
 0.3356893717547
-0.3972960873196
 0.3289099346745
-0.4030093392909
 0.3220341313446
-0.4086080121221
 0.3150638847298
-0.4140905025600
 0.3080011440554
-0.4194552396163
 0.3008478842595
-0.4247006849918
 0.2936061054381
-0.4298253334898
 0.2862778322846
-0.4348277134206
 0.2788651135215
-0.4397063869959
 0.2713700213278
-0.4444599507134
 0.2637946507582
-0.4490870357314
 0.2561411191584
-0.4535863082333
 0.2484115655733
-0.4579564697822
 0.2406081501509
-0.4621962576645
 0.2327330535400
-0.4663044452242
 0.2247884762830
-0.4702798421862
 0.2167766382042
-0.4741212949692
 0.2086997777933
-0.4778276869877
 0.2005601515837
-0.4813979389444
 0.1923600335272
-0.4848310091109
 0.1841017143643
-0.4881258935980
 0.1757875009904
-0.4912816266155
 0.1674197158187
-0.4942972807206
 0.1590006961388
-0.4971719670560
 0.1505327934724
-0.4999048355767
 0.1420183729259
-0.5024950752658
 0.1334598125400
-0.5049419143395
 0.1248595026357
-0.5072446204407
 0.1162198451592
-0.5094025008222
 0.1075432530228
-0.5114149025178
 0.0988321494449
-0.5132812125033
 0.0900889672871
-0.5150008578457
 0.0813161483899
-0.5165733058411
 0.0725161429068
-0.5179980641423
 0.0636914086366
-0.5192746808742
 0.0548444103549
-0.5204027447386
 0.0459776191444
-0.5213818851078
 0.0370935117242
-0.5222117721064
 0.0281945697786
-0.5228921166831
 0.0192832792852
-0.5234226706701
 0.0103621298435
-0.5238032268320
 0.0014336140020
-0.5240336189034
-0.0074997734130
-0.5241137216153
-0.0164355359696
-0.5240434507107
-0.0253711763014
-0.5238227629487
-0.0343041967778
-0.5234516560978
-0.0432321001738
-0.5229301689181
-0.0521523903388
-0.5222583811326
-0.0610625728639
-0.5214364133875
-0.0699601557478
-0.5204644272015
-0.0788426500615
-0.5193426249045
-0.0877075706109
-0.5180712495651
-0.0965524365974
-0.5166505849081
-0.1053747722765
-0.5150809552200
-0.1141721076147
-0.5133627252452
-0.1229419789424
-0.5114963000711
-0.1316819296061
-0.5094821250021
-0.1403895106162
-0.5073206854242
-0.1490622812928
-0.5050125066584
-0.1576978099077
-0.5025581538040
-0.1662936743238
-0.4999582315720
-0.1748474626304
-0.4972133841078
-0.1833567737751
-0.4943242948043
-0.1918192181920
-0.4912916861044
-0.2002324184258
-0.4881163192942
-0.2085940097522
-0.4847989942862
-0.2169016407930
-0.4813405493922
-0.2251529741285
-0.4777418610876
-0.2333456869035
-0.4740038437650
-0.2414774714297
-0.4701274494793
-0.2495460357835
-0.4661136676826
-0.2575491043976
-0.4619635249505
-0.2654844186485
-0.4576780846991
-0.2733497374387
-0.4532584468925
-0.2811428377727
-0.4487057477418
-0.2888615153283
-0.4440211593952
-0.2965035850220
-0.4392058896191
-0.3040668815682
-0.4342611814710
-0.3115492600331
-0.4291883129634
-0.3189485963819
-0.4239885967199
-0.3262627880205
-0.4186633796222
-0.3334897543307
-0.4132140424500
-0.3406274371984
-0.4076419995118
-0.3476738015360
-0.4019486982685
-0.3546268357982
-0.3961356189493
-0.3614845524904
-0.3902042741588
-0.3682449886709
-0.3841562084783
-0.3749062064457
-0.3779929980582
-0.3814662934567
-0.3717162502039
-0.3879233633622
-0.3653276029545
-0.3942755563109
-0.3588287246537
-0.4005210394077
-0.3522213135153
-0.4066580071723
-0.3455070971805
-0.4126846819913
-0.3386878322692
-0.4185993145608
-0.3317653039249
-0.4244001843233
-0.3247413253531
-0.4300855998951
-0.3176177373535
-0.4356538994872
-0.3103964078462
-0.4411034513175
-0.3030792313915
-0.4464326540150
-0.2956681287049
-0.4516399370166
-0.2881650461653
-0.4567237609550
-0.2805719553185
-0.4616826180385
-0.2728908523750
-0.4665150324233
-0.2651237577025
-0.4712195605763
-0.2572727153134
-0.4757947916306
-0.2493397923477
-0.4802393477317
-0.2413270785499
-0.4845518843760
-0.2332366857432
-0.4887310907397
-0.2250707472970
-0.4927756900004
-0.2168314175919
-0.4966844396492
-0.2085208714788
-0.5004561317940
-0.2001413037357
-0.5040895934549
-0.1916949285185
-0.5075836868500
-0.1831839788099
-0.5109373096730
-0.1746107058637
-0.5141493953615
-0.1659773786450
-0.5172189133568
-0.1572862832685
-0.5201448693547
-0.1485397224325
-0.5229263055473
-0.1397400148498
-0.5255623008560
-0.1308894946764
-0.5280519711554
-0.1219905109363
-0.5303944694885
-0.1130454269450
-0.5325889862723
-0.1040566197290
-0.5346347494954
-0.0950264794441
-0.5365310249054
-0.0859574087908
-0.5382771161882
-0.0768518224280
-0.5398723651379
-0.0677121463842
-0.5413161518175
-0.0585408174674
-0.5426078947109
-0.0493402826733
-0.5437470508657
-0.0401129985913
-0.5447331160266
-0.0308614308101
-0.5455656247608
-0.0215880533214
-0.5462441505727
-0.0122953479220
-0.5467683060115
-0.0029858036164
-0.5471377427682
 0.0063380839832
-0.5473521517642
 0.0156738132563
-0.5474112632313
 0.0250188771749
-0.5473148467818
 0.0343707639043
-0.5470627114707
 0.0437269574047
-0.5466547058478
 0.0530849380324
-0.5460907180019
 0.0624421831414
-0.5453706755957
 0.0717961676852
-0.5444945458914
 0.0811443648178
-0.5434623357682
 0.0904842464952
-0.5422740917304
 0.0998132840754
-0.5409298999071
 0.1091289489189
-0.5394298860427
 0.1184287129877
-0.5377742154790
 0.1277100494443
-0.5359630931287
 0.1369704332485
-0.5339967634398
 0.1462073417550
-0.5318755103516
 0.1554182553078
-0.5295996572423
 0.1646006578347
-0.5271695668679
 0.1737520374403
-0.5245856412924
 0.1828698869963
-0.5218483218097
 0.1919517047318
-0.5189580888573
 0.2009949948207
-0.5159154619214
 0.2099972679675
-0.5127209994335
 0.2189560419916
-0.5093752986590
 0.2278688424084
-0.5058789955778
 0.2367332030097
-0.5022327647559
 0.2455466664405
-0.4984373192098
 0.2543067847741
-0.4944934102624
 0.2630111200843
-0.4904018273909
 0.2716572450154
-0.4861633980666
 0.2802427433490
-0.4817789875871
 0.2887652105683
-0.4772494989007
 0.2972222544194
-0.4725758724227
 0.3056114954696
-0.4677590858439
 0.3139305676622
-0.4628001539323
 0.3221771188688
-0.4577001283258
 0.3303488114376
-0.4524600973189
 0.3384433227388
-0.4470811856405
 0.3464583457060
-0.4415645542256
 0.3543915893747
-0.4359113999785
 0.3622407794161
-0.4301229555296
 0.3700036586683
-0.4242004889846
 0.3776779876628
-0.4181453036666
 0.3852615451472
-0.4119587378510
 0.3927521286044
-0.4056421644940
 0.4001475547667
-0.3991969909533
 0.4074456601270
-0.3926246587027
 0.4146443014442
-0.3859266430392
 0.4217413562458
-0.3791044527846
 0.4287347233248
-0.3721596299788
 0.4356223232331
-0.3650937495680
 0.4424020987692
-0.3579084190853
 0.4490720154627
-0.3506052783262
 0.4556300620522
-0.3431859990161
 0.4620742509606
-0.3356522844732
 0.4684026187635
-0.3280058692638
 0.4746132266539
-0.3202485188525
 0.4807041609015
-0.3123820292462
 0.4866735333068
-0.3044082266312
 0.4925194816505
-0.2963289670062
 0.4982401701372
-0.2881461358075
 0.5038337898340
-0.2798616475304
 0.5092985591041
-0.2714774453434
 0.5146327240341
-0.2629955006975
 0.5198345588576
-0.2544178129305
 0.5249023663709
-0.2457464088652
 0.5298344783453
-0.2369833424021
 0.5346292559328
-0.2281306941078
 0.5392850900659
-0.2191905707977
 0.5438004018523
-0.2101651051133
 0.5481736429636
-0.2010564550949
 0.5524032960178
-0.1918668037499
 0.5564878749569
-0.1825983586148
 0.5604259254171
-0.1732533513144
 0.5642160250949
-0.1638340371144
 0.5678567841052
-0.1543426944709
 0.5713468453349
-0.1447816245745
 0.5746848847899
-0.1351531508907
 0.5778696119354
-0.1254596186950
 0.5808997700311
-0.1157033946049
 0.5837741364591
-0.1058868661067
 0.5864915230464
-0.0960124410789
 0.5890507763806
-0.0860825473111
 0.5914507781192
-0.0760996320197
 0.5936904452933
-0.0660661613587
 0.5957687306037
-0.0559846199276
 0.5976846227116
-0.0458575102753
 0.5994371465224
-0.0356873524004
 0.6010253634630
-0.0254766832481
 0.6024483717524
-0.0152280562033
 0.6037053066665
-0.0049440405810
 0.6047953407952
 0.0053727788871
 0.6057176842935
 0.0157198025692
 0.6064715851265
 0.0260944164529
 0.6070563293065
 0.0364939926675
 0.6074712411241
 0.0469158900100
 0.6077156833730
 0.0573574544729
 0.6077890575673
 0.0678160197760
 0.6076908041521
 0.0782889079000
 0.6074204027081
 0.0887734296229
 0.6069773721484
 0.0992668850594
 0.6063612709092
 0.1097665642020
 0.6055716971334
 0.1202697474652
 0.6046082888470
 0.1307737062319
 0.6034707241294
 0.1412757034015
 0.6021587212763
 0.1517729939405
 0.6006720389556
 0.1622628254355
 0.5990104763566
 0.1727424386476
 0.5971738733325
 0.1832090680692
 0.5951621105352
 0.1936599424820
 0.5929751095442
 0.2040922855178
 0.5906128329874
 0.2145033162199
 0.5880752846559
 0.2248902496067
 0.5853625096113
 0.2352502972365
 0.5824745942859
 0.2455806677745
 0.5794116665765
 0.2558785675600
 0.5761738959302
 0.2661412011759
 0.5727614934242
 0.2763657720187
 0.5691747118381
 0.2865494828703
 0.5654138457191
 0.2966895364706
 0.5614792314402
 0.3067831360908
 0.5573712472514
 0.3168274861078
 0.5530903133242
 0.3268197925801
 0.5486368917882
 0.3367572638230
 0.5440114867618
 0.3466371109864
 0.5392146443745
 0.3564565486314
 0.5342469527834
 0.3662127953088
 0.5291090421821
 0.3759030741373
 0.5238015848020
 0.3855246133823
 0.5183252949078
 0.3950746470355
 0.5126809287847
 0.4045504153939
 0.5068692847194
 0.4139491656399
 0.5008912029736
 0.4232681524205
 0.4947475657504
 0.4325046384277
 0.4884392971542
 0.4416558949782
 0.4819673631430
 0.4507192025927
 0.4753327714735
 0.4596918515759
 0.4685365716403
 0.4685711425958
 0.4615798548065
 0.4773543872623
 0.4544637537283
 0.4860389087065
 0.4471894426725
 0.4946220421581
 0.4397581373266
 0.5031011355240
 0.4321710947021
 0.5114735499647
 0.4244296130310
 0.5197366604711
 0.4165350316549
 0.5278878564402
 0.4084887309072
 0.5359245422502
 0.4002921319887
 0.5438441378343
 0.3919466968360
 0.5516440792544
 0.3834539279825
 0.5593218192729
 0.3748153684132
 0.5668748279241
 0.3660326014121
 0.5743005930841
 0.3571072504028
 0.5815966210402
 0.3480409787819
 0.5887604370577
 0.3388354897462
 0.5957895859469
 0.3294925261120
 0.6026816326278
 0.3200138701285
 0.6094341626938
 0.3104013432836
 0.6160447829731
 0.3006568061030
 0.6225111220900
 0.2907821579428
 0.6288308310231
 0.2807793367750
 0.6350015836623
 0.2706503189657
 0.6410210773647
 0.2603971190476
 0.6468870335075
 0.2500217894846
 0.6525971980400
 0.2395264204300
 0.6581493420328
 0.2289131394785
 0.6635412622261
 0.2181841114103
 0.6687707815744
 0.2073415379293
 0.6738357497908
 0.1963876573947
 0.6787340438872
 0.1853247445448
 0.6834635687143
 0.1741551102154
 0.6880222574973
 0.1628811010507
 0.6924080723704
 0.1515050992078
 0.6966190049088
 0.1400295220544
 0.7006530766575
 0.1284568218602
 0.7045083396583
 0.1167894854810
 0.7081828769735
 0.1050300340373
 0.7116748032074
 0.0931810225851
 0.7149822650250
 0.0812450397807
 0.7181034416671
 0.0692247075392
 0.7210365454639
 0.0571226806861
 0.7237798223445
 0.0449416466022
 0.7263315523438
 0.0326843248626
 0.7286900501062
 0.0203534668688
 0.7308536653867
 0.0079518554740
 0.7328207835481
-0.0045176953969
 0.7345898260553
-0.0170523411352
 0.7361592509663
-0.0296492068413
 0.7375275534199
-0.0423053877254
 0.7386932661195
-0.0550179495131
 0.7396549598145
-0.0677839288587
 0.7404112437766
-0.0806003337638
 0.7409607662739
-0.0934641440028
 0.7413022150406
-0.1063723115546
 0.7414343177432
-0.1193217610403
 0.7413558424427
-0.1323093901676
 0.7410655980533
-0.1453320701809
 0.7405624347971
-0.1583866463180
 0.7398452446543
-0.1714699382731
 0.7389129618105
-0.1845787406654
 0.7377645630989
-0.1977098235143
 0.7363990684384
-0.2108599327207
 0.7348155412685
-0.2240257905544
 0.7330130889787
-0.2372040961472
 0.7309908633347
-0.2503915259927
 0.7287480608989
-0.2635847344516
 0.7262839234478
-0.2767803542631
 0.7235977383843
-0.2899749970628
 0.7206888391453
-0.3031652539059
 0.7175566056049
-0.3163476957965
 0.7142004644727
-0.3295188742234
 0.7106198896881
-0.3426753217009
 0.7068144028086
-0.3558135523161
 0.7027835733943
-0.3689300622819
 0.6985270193869
-0.3820213304958
 0.6940444074841
-0.3950838191046
 0.6893354535086
-0.4081139740745
 0.6843999227719
-0.4211082257677
 0.6792376304341
-0.4340629895238
 0.6738484418564
-0.4469746662479
 0.6682322729507
-0.4598396430033
 0.6623890905217
-0.4726542936109
 0.6563189126052
-0.4854149792537
 0.6500218088001
-0.4981180490866
 0.6434979005951
-0.5107598408528
 0.6367473616900
-0.5233366815044
 0.6297704183107
-0.5358448878296
 0.6225673495195
-0.5482807670851
 0.6151384875189
-0.5606406176336
 0.6074842179495
-0.5729207295874
 0.5996049801828
-0.5851173854568
 0.5915012676071
-0.5972268608043
 0.5831736279078
-0.6092454249040
 0.5746226633418
-0.6211693414061
 0.5658490310057
-0.6329948690075
 0.5568534430972
-0.6447182621268
 0.5476366671709
-0.6563357715847
 0.5381995263880
-0.6678436452904
 0.5285428997584
-0.6792381289320
 0.5186677223775
-0.6905154666731
 0.5085749856562
-0.7016719018538
 0.4982657375437
-0.7127036776972
 0.4877410827446
-0.7236070380212
 0.4770021829285
-0.7343782279544
 0.4660502569332
-0.7450134946581
 0.4548865809607
-0.7555090880526
 0.4435124887670
-0.7658612615485
 0.4319293718439
-0.7760662727836
 0.4201386795945
-0.7861203843635
 0.4081419195015
-0.7960198646079
 0.3959406572879
-0.8057609883018
 0.3835365170708
-0.8153400374507
 0.3709311815076
-0.8247533020414
 0.3581263919352
-0.8339970808067
 0.3451239485015
-0.8430676819958
 0.3319257102892
-0.8519614241484
 0.3185335954320
-0.8606746368736
 0.3049495812239
-0.8692036616340
 0.2911757042195
-0.8775448525333
 0.2772140603274
-0.8856945771096
 0.2630668048954
-0.8936492171320
 0.2487361527877
-0.9014051694023
 0.2342243784544
-0.9089588465610
 0.2195338159923
-0.9163066778975
 0.2046668591980
-0.9234451101650
 0.1896259616126
-0.9303706083986
 0.1744136365581
-0.9370796567391
 0.1590324571653
-0.9435687592601
 0.1434850563936
-0.9498344407989
 0.1277741270415
-0.9558732477929
 0.1119024217493
-0.9616817491184
 0.0958727529923
-0.9672565369344
 0.0796879930664
-0.9725942275304
 0.0633510740632
-0.9776914621777
 0.0468649878378
-0.9825449079846
 0.0302327859665
-0.9871512587561
 0.0134575796957
-0.9915072358566
-0.0034574601181
-0.9956095890764
-0.0205091030778
-0.9994550975028
-0.0376940593246
-1.0030405703938
-0.0550089796260
-1.0063628480560
-0.0724504554737
-1.0094188027256
-0.0900150191906
-1.0122053394538
-0.1076991440481
-1.0147193969943
-0.1254992443921
-1.0169579486957
-0.1434116757802
-1.0189180033958
-0.1614327351275
-1.0205966063207
-0.1795586608633
-1.0219908399858
-0.1977856330973
-1.0230978251006
-0.2161097737964
-1.0239147214770
-0.2345271469713
-1.0244387289400
-0.2530337588739
-1.0246670882417
-0.2716255582048
-1.0245970819785
-0.2902984363313
-1.0242260355109
-0.3090482275161
-1.0235513178864
-0.3278707091571
-1.0225703427647
-0.3467616020367
-1.0212805693466
-0.3657165705837
-1.0196795033045
-0.3847312231449
-1.0177646977160
-0.4038011122680
-1.0155337540005
-0.4229217349959
-1.0129843228574
-0.4420885331722
-1.0101141052071
-0.4612968937578
-1.0069208531349
-0.4805421491592
-1.0034023708361
-0.4998195775679
-0.9995565155642
-0.5191244033121
-0.9953811985809
-0.5384517972193
-0.9908743861083
-0.5577968769913
-0.9860341002829
-0.5771547075909
-0.9808584201118
-0.5965203016408
-0.9753454824304
-0.6158886198338
-0.9694934828623
-0.6352545713567
-0.9633006767809
-0.6546130143248
-0.9567653802719
-0.6739587562303
-0.9498859710984
-0.6932865544019
-0.9426608896667
-0.7125911164784
-0.9350886399940
-0.7318671008934
-0.9271677906768
-0.7511091173743
-0.9188969758613
-0.7703117274535
-0.9102748962144
-0.7894694449924
-0.9013003198957
-0.8085767367193
-0.8919720835308
-0.8276280227797
-0.8822890931857
-0.8466176773005
-0.8722503253407
-0.8655400289677
-0.8618548278671
-0.8843893616171
-0.8511017210022
-0.9031599148394
-0.8399901983268
-0.9218458845985
-0.8285195277417
-0.9404414238638
-0.8166890524453
-0.9589406432572
-0.8044981919111
-0.9773376117130
-0.7919464428652
-0.9956263571533
-0.7790333802644
-1.0138008671767
-0.7657586582734
-1.0318550897622
-0.7521220112423
-1.0497829339872
-0.7381232546836
-1.0675782707609
-0.7237622862492
-1.0852349335713
-0.7090390867059
-1.1027467192486
-0.6939537209116
-1.1201073887425
-0.6785063387893
-1.1373106679152
-0.6626971763015
-1.1543502483499
-0.6465265564227
-1.1712197881741
-0.6299948901114
-1.1879129128989
-0.6131026772803
-1.2044232162740
-0.5958505077654
-1.2207442611582
-0.5782390622941
-1.2368695804060
-0.5602691134506
-1.2527926777704
-0.5419415266406
-1.2685070288214
-0.5232572610533
-1.2840060818814
-0.5042173706221
-1.2992832589766
-0.4848230049825
-1.3143319568049
-0.4650754104281
-1.3291455477210
-0.4449759308640
-1.3437173807379
-0.4245260087579
-1.3580407825453
-0.4037271860877
-1.3721090585454
-0.3825811052872
-1.3859154939056
-0.3610895101882
-1.3994533546289
-0.3392542469593
-1.4127158886415
-0.3170772650418
-1.4256963268979
-0.2945606180818
-1.4383878845043
-0.2717064648587
-1.4507837618596
-0.2485170702096
-1.4628771458140
-0.2249948059503
-1.4746612108466
-0.2011421517917
-1.4861291202607
-0.1769616962518
-1.4972740273978
-0.1524561375632
-1.5080890768703
-0.1276282845765
-1.5185674058125
-0.1024810576576
-1.5287021451511
-0.0770174895815
-1.5384864208942
-0.0512407264191
-1.5479133554399
-0.0251540284201
-1.5569760689038
 0.0012392291107
-1.5656676804661
 0.0279355549424
-1.5739813097390
 0.0549313410536
-1.5819100781524
 0.0822228617739
-1.5894471103609
 0.1098062729316
-1.5965855356704
 0.1376776110086
-1.6033184894845
 0.1658327923017
-1.6096391147716
 0.1942676120917
-1.6155405635530
 0.2229777438190
-1.6210159984107
 0.2519587382669
-1.6260585940167
 0.2812060227534
-1.6306615386829
 0.3107149003302
-1.6348180359328
 0.3404805489904
-1.6385213060933
 0.3704980208842
-1.6417645879092
 0.4007622415440
-1.6445411401786
 0.4312680091182
-1.6468442434101
 0.4620099936137
-1.6486672015019
 0.4929827361490
-1.6500033434436
 0.5241806482160
-1.6508460250391
 0.5555980109525
-1.6511886306528
 0.5872289744245
-1.6510245749783
 0.6190675569198
-1.6503473048293
 0.6511076442513
-1.6491503009535
 0.6833429890727
-1.6474270798704
 0.7157672102048
-1.6451711957308
 0.7483737919736
-1.6423762422012
 0.7811560835608
-1.6390358543706
 0.8141072983662
-1.6351437106814
 0.8472205133832
-1.6306935348847
 0.8804886685864
-1.6256790980185
 0.9139045663338
-1.6200942204111
 0.9474608707808
-1.6139327737085
 0.9811501073102
-1.6071886829261
 1.0149646619744
-1.5998559285256
 1.0488967809540
-1.5919285485161
 1.0829385700299
-1.5834006405812
 1.1170819940714
-1.5742663642303
 1.1513188765401
-1.5645199429759
 1.1856408990095
-1.5541556665359
 1.2200396007008
-1.5431678930628
 1.2545063780359
-1.5315510513971
 1.2890324842076
-1.5192996433480
 1.3236090287666
-1.5064082460000
 1.3582269772273
-1.4928715140456
 1.3928771506914
-1.4786841821451
 1.4275502254907
-1.4638410673127
 1.4622367328484
-1.4483370713293
 1.4969270585606
-1.4321671831836
 1.5316114426975
-1.4153264815385
 1.5662799793252
-1.3978101372271
 1.6009226162483
-1.3796134157742
 1.6355291547738
-1.3607316799472
 1.6700892494970
-1.3411603923341
 1.7045924081097
-1.3208951179497
 1.7390279912307
-1.2999315268703
 1.7733852122600
-1.2782653968966
 1.8076531372569
-1.2558926162454
 1.8418206848415
-1.2328091862700
 1.8758766261218
-1.2090112242094
 1.9098095846456
-1.1844949659671
 1.9436080363783
-1.1592567689184
 1.9772603097070
-1.1332931147479
 2.0107545854716
-1.1066006123163
 2.0440788970229
-1.0791760005569
 2.0772211303091
-1.0510161514021
 2.1101690239907
-1.0221180727404
 2.1429101695844
-0.9924789114027
 2.1754320116370
-0.9620959561805
 2.2077218479291
-0.9309666408729
 2.2397668297104
-0.8990885473664
 2.2715539619660
-0.8664594087435
 2.3030701037152
-0.8330771124241
 2.3343019683427
-0.7989397033372
 2.3652361239639
-0.7640453871242
 2.3958589938240
-0.7283925333739
 2.4261568567314
-0.6919796788888
 2.4561158475278
-0.6548055309838
 2.4857219575934
-0.6168689708163
 2.5149610353893
-0.5781690567489
 2.5438187870379
-0.5387050277440
 2.5722807769414
-0.4984763067912
 2.6003324284391
-0.4574825043669
 2.6279590245050
-0.4157234219269
 2.6551457084862
-0.3731990554317
 2.6818774848819
-0.3299095989045
 2.7081392201656
-0.2858554480231
 2.7339156436496
-0.2410372037438
 2.7591913483940
-0.1954556759601
 2.7839507921595
-0.1491118871934
 2.8081782984070
-0.1020070763186
 2.8318580573423
-0.0541427023226
 2.8549741270093
-0.0055204480968
 2.8775104344304
 0.0438577757365
 2.8994507767970
 0.0939898269630
 2.9207788227090
 0.1448733278827
 2.9414781134663
 0.0939898269630
-2.9207788227090
 0.0438577757365
-2.8994507767970
-0.0055204480968
-2.8775104344304
-0.0541427023226
-2.8549741270093
-0.1020070763186
-2.8318580573423
-0.1491118871934
-2.8081782984070
-0.1954556759601
-2.7839507921595
-0.2410372037438
-2.7591913483940
-0.2858554480231
-2.7339156436496
-0.3299095989045
-2.7081392201656
-0.3731990554317
-2.6818774848819
-0.4157234219269
-2.6551457084862
-0.4574825043669
-2.6279590245050
-0.4984763067912
-2.6003324284391
-0.5387050277440
-2.5722807769414
-0.5781690567489
-2.5438187870379
-0.6168689708163
-2.5149610353893
-0.6548055309838
-2.4857219575934
-0.6919796788888
-2.4561158475278
-0.7283925333739
-2.4261568567314
-0.7640453871242
-2.3958589938240
-0.7989397033372
-2.3652361239639
-0.8330771124241
-2.3343019683427
-0.8664594087435
-2.3030701037152
-0.8990885473664
-2.2715539619660
-0.9309666408729
-2.2397668297104
-0.9620959561805
-2.2077218479291
-0.9924789114027
-2.1754320116370
-1.0221180727404
-2.1429101695844
-1.0510161514021
-2.1101690239907
-1.0791760005569
-2.0772211303091
-1.1066006123163
-2.0440788970229
-1.1332931147479
-2.0107545854716
-1.1592567689184
-1.9772603097070
-1.1844949659671
-1.9436080363783
-1.2090112242094
-1.9098095846456
-1.2328091862700
-1.8758766261218
-1.2558926162454
-1.8418206848415
-1.2782653968966
-1.8076531372569
-1.2999315268703
-1.7733852122600
-1.3208951179497
-1.7390279912307
-1.3411603923341
-1.7045924081097
-1.3607316799472
-1.6700892494970
-1.3796134157742
-1.6355291547738
-1.3978101372271
-1.6009226162483
-1.4153264815385
-1.5662799793252
-1.4321671831836
-1.5316114426975
-1.4483370713293
-1.4969270585606
-1.4638410673127
-1.4622367328484
-1.4786841821451
-1.4275502254907
-1.4928715140456
-1.3928771506914
-1.5064082460000
-1.3582269772273
-1.5192996433480
-1.3236090287666
-1.5315510513971
-1.2890324842076
-1.5431678930628
-1.2545063780359
-1.5541556665359
-1.2200396007008
-1.5645199429759
-1.1856408990095
-1.5742663642303
-1.1513188765401
-1.5834006405812
-1.1170819940714
-1.5919285485161
-1.0829385700299
-1.5998559285256
-1.0488967809540
-1.6071886829261
-1.0149646619744
-1.6139327737085
-0.9811501073102
-1.6200942204111
-0.9474608707808
-1.6256790980185
-0.9139045663338
-1.6306935348847
-0.8804886685864
-1.6351437106814
-0.8472205133832
-1.6390358543706
-0.8141072983662
-1.6423762422012
-0.7811560835608
-1.6451711957308
-0.7483737919736
-1.6474270798704
-0.7157672102048
-1.6491503009535
-0.6833429890727
-1.6503473048293
-0.6511076442513
-1.6510245749783
-0.6190675569198
-1.6511886306528
-0.5872289744245
-1.6508460250391
-0.5555980109525
-1.6500033434436
-0.5241806482160
-1.6486672015019
-0.4929827361490
-1.6468442434101
-0.4620099936137
-1.6445411401786
-0.4312680091182
-1.6417645879092
-0.4007622415440
-1.6385213060933
-0.3704980208842
-1.6348180359328
-0.3404805489904
-1.6306615386829
-0.3107149003302
-1.6260585940167
-0.2812060227534
-1.6210159984107
-0.2519587382669
-1.6155405635530
-0.2229777438190
-1.6096391147716
-0.1942676120917
-1.6033184894845
-0.1658327923017
-1.5965855356704
-0.1376776110086
-1.5894471103609
-0.1098062729316
-1.5819100781524
-0.0822228617739
-1.5739813097390
-0.0549313410536
-1.5656676804661
-0.0279355549424
-1.5569760689038
-0.0012392291107
-1.5479133554399
 0.0251540284201
-1.5384864208942
 0.0512407264191
-1.5287021451511
 0.0770174895815
-1.5185674058125
 0.1024810576576
-1.5080890768703
 0.1276282845765
-1.4972740273978
 0.1524561375632
-1.4861291202607
 0.1769616962518
-1.4746612108466
 0.2011421517917
-1.4628771458140
 0.2249948059503
-1.4507837618596
 0.2485170702096
-1.4383878845043
 0.2717064648587
-1.4256963268979
 0.2945606180818
-1.4127158886415
 0.3170772650418
-1.3994533546289
 0.3392542469593
-1.3859154939056
 0.3610895101882
-1.3721090585454
 0.3825811052872
-1.3580407825453
 0.4037271860877
-1.3437173807379
 0.4245260087579
-1.3291455477210
 0.4449759308640
-1.3143319568049
 0.4650754104281
-1.2992832589766
 0.4848230049825
-1.2840060818814
 0.5042173706221
-1.2685070288214
 0.5232572610533
-1.2527926777704
 0.5419415266406
-1.2368695804060
 0.5602691134506
-1.2207442611582
 0.5782390622941
-1.2044232162740
 0.5958505077654
-1.1879129128989
 0.6131026772803
-1.1712197881741
 0.6299948901114
-1.1543502483499
 0.6465265564227
-1.1373106679152
 0.6626971763015
-1.1201073887425
 0.6785063387893
-1.1027467192486
 0.6939537209116
-1.0852349335713
 0.7090390867059
-1.0675782707609
 0.7237622862492
-1.0497829339872
 0.7381232546836
-1.0318550897622
 0.7521220112423
-1.0138008671767
 0.7657586582734
-0.9956263571533
 0.7790333802644
-0.9773376117130
 0.7919464428652
-0.9589406432572
 0.8044981919111
-0.9404414238638
 0.8166890524453
-0.9218458845985
 0.8285195277417
-0.9031599148394
 0.8399901983268
-0.8843893616171
 0.8511017210022
-0.8655400289677
 0.8618548278671
-0.8466176773005
 0.8722503253407
-0.8276280227797
 0.8822890931857
-0.8085767367193
 0.8919720835308
-0.7894694449924
 0.9013003198957
-0.7703117274535
 0.9102748962144
-0.7511091173743
 0.9188969758613
-0.7318671008934
 0.9271677906768
-0.7125911164784
 0.9350886399940
-0.6932865544019
 0.9426608896667
-0.6739587562303
 0.9498859710984
-0.6546130143248
 0.9567653802719
-0.6352545713567
 0.9633006767809
-0.6158886198338
 0.9694934828623
-0.5965203016408
 0.9753454824304
-0.5771547075909
 0.9808584201118
-0.5577968769913
 0.9860341002829
-0.5384517972193
 0.9908743861083
-0.5191244033121
 0.9953811985809
-0.4998195775679
 0.9995565155642
-0.4805421491592
 1.0034023708361
-0.4612968937578
 1.0069208531349
-0.4420885331722
 1.0101141052071
-0.4229217349959
 1.0129843228574
-0.4038011122680
 1.0155337540005
-0.3847312231449
 1.0177646977160
-0.3657165705837
 1.0196795033045
-0.3467616020367
 1.0212805693466
-0.3278707091571
 1.0225703427647
-0.3090482275161
 1.0235513178864
-0.2902984363313
 1.0242260355109
-0.2716255582048
 1.0245970819785
-0.2530337588739
 1.0246670882417
-0.2345271469713
 1.0244387289400
-0.2161097737964
 1.0239147214770
-0.1977856330973
 1.0230978251006
-0.1795586608633
 1.0219908399858
-0.1614327351275
 1.0205966063207
-0.1434116757802
 1.0189180033958
-0.1254992443921
 1.0169579486957
-0.1076991440481
 1.0147193969943
-0.0900150191906
 1.0122053394538
-0.0724504554737
 1.0094188027256
-0.0550089796260
 1.0063628480560
-0.0376940593246
 1.0030405703938
-0.0205091030778
 0.9994550975028
-0.0034574601181
 0.9956095890764
 0.0134575796957
 0.9915072358566
 0.0302327859665
 0.9871512587561
 0.0468649878378
 0.9825449079846
 0.0633510740632
 0.9776914621777
 0.0796879930664
 0.9725942275304
 0.0958727529923
 0.9672565369344
 0.1119024217493
 0.9616817491184
 0.1277741270415
 0.9558732477929
 0.1434850563936
 0.9498344407989
 0.1590324571653
 0.9435687592601
 0.1744136365581
 0.9370796567391
 0.1896259616126
 0.9303706083986
 0.2046668591980
 0.9234451101650
 0.2195338159923
 0.9163066778975
 0.2342243784544
 0.9089588465610
 0.2487361527877
 0.9014051694023
 0.2630668048954
 0.8936492171320
 0.2772140603274
 0.8856945771096
 0.2911757042195
 0.8775448525333
 0.3049495812239
 0.8692036616340
 0.3185335954320
 0.8606746368736
 0.3319257102892
 0.8519614241484
 0.3451239485015
 0.8430676819958
 0.3581263919352
 0.8339970808067
 0.3709311815076
 0.8247533020414
 0.3835365170708
 0.8153400374507
 0.3959406572879
 0.8057609883018
 0.4081419195015
 0.7960198646079
 0.4201386795945
 0.7861203843635
 0.4319293718439
 0.7760662727836
 0.4435124887670
 0.7658612615485
 0.4548865809607
 0.7555090880526
 0.4660502569332
 0.7450134946581
 0.4770021829285
 0.7343782279544
 0.4877410827446
 0.7236070380212
 0.4982657375437
 0.7127036776972
 0.5085749856562
 0.7016719018538
 0.5186677223775
 0.6905154666731
 0.5285428997584
 0.6792381289320
 0.5381995263880
 0.6678436452904
 0.5476366671709
 0.6563357715847
 0.5568534430972
 0.6447182621268
 0.5658490310057
 0.6329948690075
 0.5746226633418
 0.6211693414061
 0.5831736279078
 0.6092454249040
 0.5915012676071
 0.5972268608043
 0.5996049801828
 0.5851173854568
 0.6074842179495
 0.5729207295874
 0.6151384875189
 0.5606406176336
 0.6225673495195
 0.5482807670851
 0.6297704183107
 0.5358448878296
 0.6367473616900
 0.5233366815044
 0.6434979005951
 0.5107598408528
 0.6500218088001
 0.4981180490866
 0.6563189126052
 0.4854149792537
 0.6623890905217
 0.4726542936109
 0.6682322729507
 0.4598396430033
 0.6738484418564
 0.4469746662479
 0.6792376304341
 0.4340629895238
 0.6843999227719
 0.4211082257677
 0.6893354535086
 0.4081139740745
 0.6940444074841
 0.3950838191046
 0.6985270193869
 0.3820213304958
 0.7027835733943
 0.3689300622819
 0.7068144028086
 0.3558135523161
 0.7106198896881
 0.3426753217009
 0.7142004644727
 0.3295188742234
 0.7175566056049
 0.3163476957965
 0.7206888391453
 0.3031652539059
 0.7235977383843
 0.2899749970628
 0.7262839234478
 0.2767803542631
 0.7287480608989
 0.2635847344516
 0.7309908633347
 0.2503915259927
 0.7330130889787
 0.2372040961472
 0.7348155412685
 0.2240257905544
 0.7363990684384
 0.2108599327207
 0.7377645630989
 0.1977098235143
 0.7389129618105
 0.1845787406654
 0.7398452446543
 0.1714699382731
 0.7405624347971
 0.1583866463180
 0.7410655980533
 0.1453320701809
 0.7413558424427
 0.1323093901676
 0.7414343177432
 0.1193217610403
 0.7413022150406
 0.1063723115546
 0.7409607662739
 0.0934641440028
 0.7404112437766
 0.0806003337638
 0.7396549598145
 0.0677839288587
 0.7386932661195
 0.0550179495131
 0.7375275534199
 0.0423053877254
 0.7361592509663
 0.0296492068413
 0.7345898260553
 0.0170523411352
 0.7328207835481
 0.0045176953969
 0.7308536653867
-0.0079518554740
 0.7286900501062
-0.0203534668688
 0.7263315523438
-0.0326843248626
 0.7237798223445
-0.0449416466022
 0.7210365454639
-0.0571226806861
 0.7181034416671
-0.0692247075392
 0.7149822650250
-0.0812450397807
 0.7116748032074
-0.0931810225851
 0.7081828769735
-0.1050300340373
 0.7045083396583
-0.1167894854810
 0.7006530766575
-0.1284568218602
 0.6966190049088
-0.1400295220544
 0.6924080723704
-0.1515050992078
 0.6880222574973
-0.1628811010507
 0.6834635687143
-0.1741551102154
 0.6787340438872
-0.1853247445448
 0.6738357497908
-0.1963876573947
 0.6687707815744
-0.2073415379293
 0.6635412622261
-0.2181841114103
 0.6581493420328
-0.2289131394785
 0.6525971980400
-0.2395264204300
 0.6468870335075
-0.2500217894846
 0.6410210773647
-0.2603971190476
 0.6350015836623
-0.2706503189657
 0.6288308310231
-0.2807793367750
 0.6225111220900
-0.2907821579428
 0.6160447829731
-0.3006568061030
 0.6094341626938
-0.3104013432836
 0.6026816326278
-0.3200138701285
 0.5957895859469
-0.3294925261120
 0.5887604370577
-0.3388354897462
 0.5815966210402
-0.3480409787819
 0.5743005930841
-0.3571072504028
 0.5668748279241
-0.3660326014121
 0.5593218192729
-0.3748153684132
 0.5516440792544
-0.3834539279825
 0.5438441378343
-0.3919466968360
 0.5359245422502
-0.4002921319887
 0.5278878564402
-0.4084887309072
 0.5197366604711
-0.4165350316549
 0.5114735499647
-0.4244296130310
 0.5031011355240
-0.4321710947021
 0.4946220421581
-0.4397581373266
 0.4860389087065
-0.4471894426725
 0.4773543872623
-0.4544637537283
 0.4685711425958
-0.4615798548065
 0.4596918515759
-0.4685365716403
 0.4507192025927
-0.4753327714735
 0.4416558949782
-0.4819673631430
 0.4325046384277
-0.4884392971542
 0.4232681524205
-0.4947475657504
 0.4139491656399
-0.5008912029736
 0.4045504153939
-0.5068692847194
 0.3950746470355
-0.5126809287847
 0.3855246133823
-0.5183252949078
 0.3759030741373
-0.5238015848020
 0.3662127953088
-0.5291090421821
 0.3564565486314
-0.5342469527834
 0.3466371109864
-0.5392146443745
 0.3367572638230
-0.5440114867618
 0.3268197925801
-0.5486368917882
 0.3168274861078
-0.5530903133242
 0.3067831360908
-0.5573712472514
 0.2966895364706
-0.5614792314402
 0.2865494828703
-0.5654138457191
 0.2763657720187
-0.5691747118381
 0.2661412011759
-0.5727614934242
 0.2558785675600
-0.5761738959302
 0.2455806677745
-0.5794116665765
 0.2352502972365
-0.5824745942859
 0.2248902496067
-0.5853625096113
 0.2145033162199
-0.5880752846559
 0.2040922855178
-0.5906128329874
 0.1936599424820
-0.5929751095442
 0.1832090680692
-0.5951621105352
 0.1727424386476
-0.5971738733325
 0.1622628254355
-0.5990104763566
 0.1517729939405
-0.6006720389556
 0.1412757034015
-0.6021587212763
 0.1307737062319
-0.6034707241294
 0.1202697474652
-0.6046082888470
 0.1097665642020
-0.6055716971334
 0.0992668850594
-0.6063612709092
 0.0887734296229
-0.6069773721484
 0.0782889079000
-0.6074204027081
 0.0678160197760
-0.6076908041521
 0.0573574544729
-0.6077890575673
 0.0469158900100
-0.6077156833730
 0.0364939926675
-0.6074712411241
 0.0260944164529
-0.6070563293065
 0.0157198025692
-0.6064715851265
 0.0053727788871
-0.6057176842935
-0.0049440405810
-0.6047953407952
-0.0152280562033
-0.6037053066665
-0.0254766832481
-0.6024483717524
-0.0356873524004
-0.6010253634630
-0.0458575102753
-0.5994371465224
-0.0559846199276
-0.5976846227116
-0.0660661613587
-0.5957687306037
-0.0760996320197
-0.5936904452933
-0.0860825473111
-0.5914507781192
-0.0960124410789
-0.5890507763806
-0.1058868661067
-0.5864915230464
-0.1157033946049
-0.5837741364591
-0.1254596186950
-0.5808997700311
-0.1351531508907
-0.5778696119354
-0.1447816245745
-0.5746848847899
-0.1543426944709
-0.5713468453349
-0.1638340371144
-0.5678567841052
-0.1732533513144
-0.5642160250949
-0.1825983586148
-0.5604259254171
-0.1918668037499
-0.5564878749569
-0.2010564550949
-0.5524032960178
-0.2101651051133
-0.5481736429636
-0.2191905707977
-0.5438004018523
-0.2281306941078
-0.5392850900659
-0.2369833424021
-0.5346292559328
-0.2457464088652
-0.5298344783453
-0.2544178129305
-0.5249023663709
-0.2629955006975
-0.5198345588576
-0.2714774453434
-0.5146327240341
-0.2798616475304
-0.5092985591041
-0.2881461358075
-0.5038337898340
-0.2963289670062
-0.4982401701372
-0.3044082266312
-0.4925194816505
-0.3123820292462
-0.4866735333068
-0.3202485188525
-0.4807041609015
-0.3280058692638
-0.4746132266539
-0.3356522844732
-0.4684026187635
-0.3431859990161
-0.4620742509606
-0.3506052783262
-0.4556300620522
-0.3579084190853
-0.4490720154627
-0.3650937495680
-0.4424020987692
-0.3721596299788
-0.4356223232331
-0.3791044527846
-0.4287347233248
-0.3859266430392
-0.4217413562458
-0.3926246587027
-0.4146443014442
-0.3991969909533
-0.4074456601270
-0.4056421644940
-0.4001475547667
-0.4119587378510
-0.3927521286044
-0.4181453036666
-0.3852615451472
-0.4242004889846
-0.3776779876628
-0.4301229555296
-0.3700036586683
-0.4359113999785
-0.3622407794161
-0.4415645542256
-0.3543915893747
-0.4470811856405
-0.3464583457060
-0.4524600973189
-0.3384433227388
-0.4577001283258
-0.3303488114376
-0.4628001539323
-0.3221771188688
-0.4677590858439
-0.3139305676622
-0.4725758724227
-0.3056114954696
-0.4772494989007
-0.2972222544194
-0.4817789875871
-0.2887652105683
-0.4861633980666
-0.2802427433490
-0.4904018273909
-0.2716572450154
-0.4944934102624
-0.2630111200843
-0.4984373192098
-0.2543067847741
-0.5022327647559
-0.2455466664405
-0.5058789955778
-0.2367332030097
-0.5093752986590
-0.2278688424084
-0.5127209994335
-0.2189560419916
-0.5159154619214
-0.2099972679675
-0.5189580888573
-0.2009949948207
-0.5218483218097
-0.1919517047318
-0.5245856412924
-0.1828698869963
-0.5271695668679
-0.1737520374403
-0.5295996572423
-0.1646006578347
-0.5318755103516
-0.1554182553078
-0.5339967634398
-0.1462073417550
-0.5359630931287
-0.1369704332485
-0.5377742154790
-0.1277100494443
-0.5394298860427
-0.1184287129877
-0.5409298999071
-0.1091289489189
-0.5422740917304
-0.0998132840754
-0.5434623357682
-0.0904842464952
-0.5444945458914
-0.0811443648178
-0.5453706755957
-0.0717961676852
-0.5460907180019
-0.0624421831414
-0.5466547058478
-0.0530849380324
-0.5470627114707
-0.0437269574047
-0.5473148467818
-0.0343707639043
-0.5474112632313
-0.0250188771749
-0.5473521517642
-0.0156738132563
-0.5471377427682
-0.0063380839832
-0.5467683060115
 0.0029858036164
-0.5462441505727
 0.0122953479220
-0.5455656247608
 0.0215880533214
-0.5447331160266
 0.0308614308101
-0.5437470508657
 0.0401129985913
-0.5426078947109
 0.0493402826733
-0.5413161518175
 0.0585408174674
-0.5398723651379
 0.0677121463842
-0.5382771161882
 0.0768518224280
-0.5365310249054
 0.0859574087908
-0.5346347494954
 0.0950264794441
-0.5325889862723
 0.1040566197290
-0.5303944694885
 0.1130454269450
-0.5280519711554
 0.1219905109363
-0.5255623008560
 0.1308894946764
-0.5229263055473
 0.1397400148498
-0.5201448693547
 0.1485397224325
-0.5172189133568
 0.1572862832685
-0.5141493953615
 0.1659773786450
-0.5109373096730
 0.1746107058637
-0.5075836868500
 0.1831839788099
-0.5040895934549
 0.1916949285185
-0.5004561317940
 0.2001413037357
-0.4966844396492
 0.2085208714788
-0.4927756900004
 0.2168314175919
-0.4887310907397
 0.2250707472970
-0.4845518843760
 0.2332366857432
-0.4802393477317
 0.2413270785499
-0.4757947916306
 0.2493397923477
-0.4712195605763
 0.2572727153134
-0.4665150324233
 0.2651237577025
-0.4616826180385
 0.2728908523750
-0.4567237609550
 0.2805719553185
-0.4516399370166
 0.2881650461653
-0.4464326540150
 0.2956681287049
-0.4411034513175
 0.3030792313915
-0.4356538994872
 0.3103964078462
-0.4300855998951
 0.3176177373535
-0.4244001843233
 0.3247413253531
-0.4185993145608
 0.3317653039249
-0.4126846819913
 0.3386878322692
-0.4066580071723
 0.3455070971805
-0.4005210394077
 0.3522213135153
-0.3942755563109
 0.3588287246537
-0.3879233633622
 0.3653276029545
-0.3814662934567
 0.3717162502039
-0.3749062064457
 0.3779929980582
-0.3682449886709
 0.3841562084783
-0.3614845524904
 0.3902042741588
-0.3546268357982
 0.3961356189493
-0.3476738015360
 0.4019486982685
-0.3406274371984
 0.4076419995118
-0.3334897543307
 0.4132140424500
-0.3262627880205
 0.4186633796222
-0.3189485963819
 0.4239885967199
-0.3115492600331
 0.4291883129634
-0.3040668815682
 0.4342611814710
-0.2965035850220
 0.4392058896191
-0.2888615153283
 0.4440211593952
-0.2811428377727
 0.4487057477418
-0.2733497374387
 0.4532584468925
-0.2654844186485
 0.4576780846991
-0.2575491043976
 0.4619635249505
-0.2495460357835
 0.4661136676826
-0.2414774714297
 0.4701274494793
-0.2333456869035
 0.4740038437650
-0.2251529741285
 0.4777418610876
-0.2169016407930
 0.4813405493922
-0.2085940097522
 0.4847989942862
-0.2002324184258
 0.4881163192942
-0.1918192181920
 0.4912916861044
-0.1833567737751
 0.4943242948043
-0.1748474626304
 0.4972133841078
-0.1662936743238
 0.4999582315720
-0.1576978099077
 0.5025581538040
-0.1490622812928
 0.5050125066584
-0.1403895106162
 0.5073206854242
-0.1316819296061
 0.5094821250021
-0.1229419789424
 0.5114963000711
-0.1141721076147
 0.5133627252452
-0.1053747722765
 0.5150809552200
-0.0965524365974
 0.5166505849081
-0.0877075706109
 0.5180712495651
-0.0788426500615
 0.5193426249045
-0.0699601557478
 0.5204644272015
-0.0610625728639
 0.5214364133875
-0.0521523903388
 0.5222583811326
-0.0432321001738
 0.5229301689181
-0.0343041967778
 0.5234516560978
-0.0253711763014
 0.5238227629487
-0.0164355359696
 0.5240434507107
-0.0074997734130
 0.5241137216153
 0.0014336140020
 0.5240336189034
 0.0103621298435
 0.5238032268320
 0.0192832792852
 0.5234226706701
 0.0281945697786
 0.5228921166831
 0.0370935117242
 0.5222117721064
 0.0459776191444
 0.5213818851078
 0.0548444103549
 0.5204027447386
 0.0636914086366
 0.5192746808742
 0.0725161429068
 0.5179980641423
 0.0813161483899
 0.5165733058411
 0.0900889672871
 0.5150008578457
 0.0988321494449
 0.5132812125033
 0.1075432530228
 0.5114149025178
 0.1162198451592
 0.5094025008222
 0.1248595026357
 0.5072446204407
 0.1334598125400
 0.5049419143395
 0.1420183729259
 0.5024950752658
 0.1505327934724
 0.4999048355767
 0.1590006961388
 0.4971719670560
 0.1674197158187
 0.4942972807206
 0.1757875009904
 0.4912816266155
 0.1841017143643
 0.4881258935980
 0.1923600335272
 0.4848310091109
 0.2005601515837
 0.4813979389444
 0.2086997777933
 0.4778276869877
 0.2167766382042
 0.4741212949692
 0.2247884762830
 0.4702798421862
 0.2327330535400
 0.4663044452242
 0.2406081501509
 0.4621962576645
 0.2484115655733
 0.4579564697822
 0.2561411191584
 0.4535863082333
 0.2637946507582
 0.4490870357314
 0.2713700213278
 0.4444599507134
 0.2788651135215
 0.4397063869959
 0.2862778322846
 0.4348277134206
 0.2936061054381
 0.4298253334898
 0.3008478842595
 0.4247006849918
 0.3080011440554
 0.4194552396163
 0.3150638847298
 0.4140905025600
 0.3220341313446
 0.4086080121221
 0.3289099346745
 0.4030093392909
 0.3356893717547
 0.3972960873196
 0.3423705464215
 0.3914698912939
 0.3489515898467
 0.3855324176892
 0.3554306610634
 0.3794853639195
 0.3618059474857
 0.3733304578764
 0.3680756654200
 0.3670694574593
 0.3742380605687
 0.3607041500971
 0.3802914085262
 0.3542363522609
 0.3862340152665
 0.3476679089680
 0.3920642176230
 0.3410006932773
 0.3977803837594
 0.3342366057771
 0.4033809136324
 0.3273775740637
 0.4088642394457
 0.3204255522126
 0.4142288260947
 0.3133825202419
 0.4194731716031
 0.3062504835673
 0.4245958075494
 0.2990314724503
 0.4295952994849
 0.2917275414382
 0.4344702473416
 0.2843407687975
 0.4392192858313
 0.2768732559397
 0.4438410848342
 0.2693271268403
 0.4483343497786
 0.2617045274513
 0.4526978220098
 0.2540076251065
 0.4569302791496
 0.2462386079211
 0.4610305354454
 0.2383996841842
 0.4649974421085
 0.2304930817459
 0.4688298876434
 0.2225210473982
 0.4725267981647
 0.2144858462502
 0.4760871377049
 0.2063897610980
 0.4795099085111
 0.1982350917885
 0.4827941513302
 0.1900241545790
 0.4859389456841
 0.1817592814914
 0.4889434101333
 0.1734428196612
 0.4918067025297
 0.1650771306828
 0.4945280202583
 0.1566645899498
 0.4971066004672
 0.1482075859907
 0.4995417202866
 0.1397085198022
 0.5018326970364
 0.1311698041765
 0.5039788884221
 0.1225938630269
 0.5059796927197
 0.1139831307092
 0.5078345489480
 0.1053400513396
 0.5095429370302
 0.0966670781105
 0.5111043779434
 0.0879666726024
 0.5125184338560
 0.0792413040948
 0.5137847082541
 0.0704934488730
 0.5149028460550
 0.0617255895340
 0.5158725337100
 0.0529402142900
 0.5166934992939
 0.0441398162704
 0.5173655125835
 0.0353268928217
 0.5178883851243
 0.0265039448072
 0.5182619702841
 0.0176734759046
 0.5184861632953
 0.0088379919031
