 0.4321148850077
 0.0000000000000
 0.4317561196492
-0.0176725666041
 0.4306804034976
-0.0353162388196
 0.4288894753593
-0.0529021690516
 0.4263862300344
-0.0704016032100
 0.4231747135055
-0.0877859272551
 0.4192601162169
-0.1050267134962
 0.4146487644557
-0.1220957665601
 0.4093481098518
-0.1389651689504
 0.4033667170184
-0.1556073261172
 0.3967142493559
-0.1719950109565
 0.3894014530478
-0.1881014076654
 0.3814401392794
-0.2039001548730
 0.3728431647144
-0.2193653879762
 0.3636244102660
-0.2344717806046
 0.3537987582055
-0.2491945851463
 0.3433820676506
-0.2635096722642
 0.3323911484818
-0.2773935693381
 0.3208437337367
-0.2908234977664
 0.3087584505338
-0.3037774090684
 0.2961547895823
-0.3162340197264
 0.2830530733354
-0.3281728447126
 0.2694744228455
-0.3395742296469
 0.2554407233860
-0.3504193815353
 0.2409745889013
-0.3606903980427
 0.2260993253517
-0.3703702952537
 0.2108388930220
-0.3794430338824
 0.1952178678597
-0.3878935438924
 0.1792614019167
-0.3957077474925
 0.1629951829634
-0.4028725804776
 0.1464453933481
-0.4093760118852
 0.1296386681763
-0.4152070619455
 0.1126020528812
-0.4203558183019
 0.0953629602629
-0.4248134504848
 0.0779491270680
-0.4285722226248
 0.0603885701861
-0.4316255043941
 0.0427095425380
-0.4339677801679
 0.0249404887288
-0.4355946564024
 0.0071100005420
-0.4365028672276
-0.0107532276531
-0.4366902782574
-0.0286204435069
-0.4361558886228
-0.0464628812355
-0.4348998312353
-0.0642518060361
-0.4329233712937
-0.0819585583010
-0.4302289030481
-0.0995545975617
-0.4268199448376
-0.1170115460938
-0.4227011324232
-0.1343012321177
-0.4178782106387
-0.1513957325298
-0.4123580233837
-0.1682674150993
-0.4061485019885
-0.1848889800715
-0.3992586519805
-0.2012335011154
-0.3916985382844
-0.2172744655596
-0.3834792688926
-0.2329858138589
-0.3746129770408
-0.2483419782388
-0.3651128019303
-0.2633179204653
-0.3549928680354
-0.2778891686919
-0.3442682630403
-0.2920318533332
-0.3329550144486
-0.3057227419243
-0.3210700649121
-0.3189392729183
-0.3086312463250
-0.3316595883857
-0.2956572527326
-0.3438625655742
-0.2821676121035
-0.3555278472950
-0.2681826570164
-0.3666358711006
-0.2537234943122
-0.3771678972246
-0.2388119737640
-0.3871060352530
-0.2234706558183
-0.3964332695020
-0.2077227784595
-0.4051334830773
-0.1915922232534
-0.4131914805938
-0.1751034806225
-0.4205930095356
-0.1582816144085
-0.4273247802403
-0.1411522257756
-0.4333744844918
-0.1237414165107
-0.4387308127089
-0.1060757517737
-0.4433834697200
-0.0881822223537
-0.4473231891157
-0.0700882064840
-0.4505417461716
-0.0518214312708
-0.4530319693395
-0.0334099337891
-0.4547877503026
-0.0148820218983
-0.4558040525963
 0.0037337651697
-0.4560769187954
 0.0224086963976
-0.4556034762712
 0.0411138886940
-0.4543819415243
 0.0598203466791
-0.4524116231006
 0.0784990024938
-0.4496929230974
 0.0971207555843
-0.4462273372721
 0.1156565124139
-0.4420174537643
 0.1340772260548
-0.4370669504438
 0.1523539356142
-0.4313805909016
 0.1704578054496
-0.4249642190971
 0.1883601641288
-0.4178247526809
 0.2060325430923
-0.4099701750108
 0.2234467149766
-0.4014095258812
 0.2405747315561
-0.3921528909858
 0.2573889612663
-0.3822113901365
 0.2738621262683
-0.3715971642601
 0.2899673390182
-0.3603233611978
 0.3056781383047
-0.3484041203301
 0.3209685247213
-0.3358545560542
 0.3358129955384
-0.3226907401382
 0.3501865789434
-0.3089296829806
 0.3640648676172
-0.2945893138001
 0.3774240516179
-0.2796884597849
 0.3902409505424
-0.2642468242297
 0.4024930449376
-0.2482849636886
 0.4141585069364
-0.2318242641729
 0.4252162300917
-0.2148869164240
 0.4356458583848
-0.1974958902905
 0.4454278143858
-0.1796749082396
 0.4545433265429
-0.1614484180335
 0.4629744555809
-0.1428415646006
 0.4707041199887
-0.1238801611325
 0.4777161205774
-0.1045906594374
 0.4839951640910
-0.0850001195807
 0.4895268858539
-0.0651361788433
 0.4942978714384
-0.0450270200292
 0.4982956773393
-0.0247013391519
 0.5015088506400
-0.0041883125320
 0.5039269476592
 0.0164824366647
 0.5055405515649
 0.0372808724170
 0.5063412889456
 0.0581765803365
 0.5063218453286
 0.0791388026221
 0.5054759796356
 0.1001364734531
 0.5037985375672
 0.1211382547879
 0.5012854639090
 0.1421125725410
 0.4979338137524
 0.1630276531070
 0.4937417626227
 0.1838515602022
 0.4887086155104
 0.2045522319956
 0.4828348148003
 0.2250975184986
 0.4761219470930
 0.2454552191862
 0.4685727489176
 0.2655931208196
 0.4601911113300
 0.2854790354424
 0.4509820833963
 0.3050808385234
 0.4409518745577
 0.3243665072152
 0.4301078558774
 0.3433041587045
 0.4184585601671
 0.3618620886236
 0.4060136809930
 0.3800088094979
 0.3927840705620
 0.3977130892018
 0.3787817364884
 0.4149439893958
 0.3640198374413
 0.4316709039193
 0.3485126776747
 0.4478635971123
 0.3322757004428
 0.4634922420398
 0.3153254803005
 0.4785274585938
 0.2976797142935
 0.4929403514467
 0.2793572120406
 0.5067025478310
 0.2603778847095
 0.5197862351199
 0.2407627328924
 0.5321641981846
 0.2205338333827
 0.5438098565019
 0.1997143248581
 0.5546973009896
 0.1783283924739
 0.5648013305434
 0.1564012513716
 0.5740974882518
 0.1339591291070
 0.5825620972646
 0.1110292470029
 0.5901722962917
 0.0876398004327
 0.5969060747071
 0.0638199380388
 0.6027423072345
 0.0395997398928
 0.6076607881923
 0.0150101946037
 0.6116422652716
-0.0099168246216
 0.6146684728266
-0.0351485849567
 0.6167221646516
-0.0606515199678
 0.6177871462227
-0.0863912566527
 0.6178483063788
-0.1123326434990
 0.6168916484219
-0.1384397795553
 0.6149043206088
-0.1646760445066
 0.6118746460152
-0.1910041297475
 0.6077921517452
-0.2173860704456
 0.6026475974653
-0.2437832785852
 0.5964330032380
-0.2701565769859
 0.5891416766315
-0.2964662342851
 0.5807682390830
-0.3226720008772
 0.5713086514903
-0.3487331458009
 0.5607602390089
-0.3746084945640
 0.5491217150308
-0.4002564678987
 0.5363932043204
-0.4256351214350
 0.5225762652829
-0.4507021862857
 0.5076739113429
-0.4754151105304
 0.4916906314062
-0.4997311015891
 0.4746324093814
-0.5236071694754
 0.4565067427371
-0.5470001709182
 0.4373226600682
-0.5698668543397
 0.4170907376470
-0.5921639056804
 0.3958231149334
-0.6138479950576
 0.3735335090186
-0.6348758242459
 0.3502372279764
-0.6552041749680
 0.3259511830951
-0.6747899579820
 0.3006938999651
-0.6935902629526
 0.2744855283940
-0.7115624090936
 0.2473478511231
-0.7286639965654
 0.2193042913167
-0.7448529586164
 0.1903799187989
-0.7600876144508
 0.1606014550068
-0.7743267228094
 0.1299972766347
-0.7875295362466
 0.0985974179390
-0.7996558560885
 0.0664335716743
-0.8106660880545
 0.0335390886337
-0.8205212985256
-0.0000510242393
-0.8291832714417
-0.0343001071958
-0.8366145658099
-0.0691698525136
-0.8427785738036
-0.1046203108492
-0.8476395794344
-0.1406098991392
-0.8511628177759
-0.1770954100838
-0.8533145347174
-0.2140320232443
-0.8540620472288
-0.2513733177879
-0.8533738041103
-0.2890712869118
-0.8512194472075
-0.3270763539815
-0.8475698730659
-0.3653373904166
-0.8423972950005
-0.4038017353581
-0.8356753055544
-0.4424152171542
-0.8273789393217
-0.4811221766975
-0.8174847361044
-0.5198654926526
-0.8059708043775
-0.5585866086070
-0.7928168850309
-0.5972255621867
-0.7780044153590
-0.6357210161705
-0.7615165932660
-0.6740102916425
-0.7433384416530
-0.7120294032226
-0.7234568729555
-0.7497130964122
-0.7018607537934
-0.7869948870962
-0.6785409696994
-0.8238071032419
-0.6534904898870
-0.8600809288344
-0.6267044320185
-0.8957464500921
-0.5981801269344
-0.9307327040018
-0.5679171833001
-0.9649677292191
-0.5359175521279
-0.9983786193749
-0.5021855911286
-1.0308915788334
-0.4667281288462
-1.0624319809458
-0.4295545285271
-1.0929244288445
-0.3906767516733
-1.1222928188243
-0.3501094212292
-1.1504604063566
-0.3078698843449
-1.1773498747831
-0.2639782746635
-1.2028834067383
-0.2184575740717
-1.2269827583474
-0.1713336738551
-1.2495693362495
-0.1226354351952
-1.2705642774959
-0.0723947489431
-1.2898885323731
-0.0206465946035
-1.3074629502017
 0.0325709015414
-1.3232083681633
 0.0872164092402
-1.3370457032068
 0.1432453380865
-1.3488960470877
 0.2006097824199
-1.3586807645934
 0.2592584673900
-1.3663215950089
 0.3191366962717
-1.3717407568782
 0.3801862991156
-1.3748610561157
 0.4423455828245
-1.3756059975252
 0.5055492827505
-1.3738998997822
 0.5697285159091
-1.3696680139368
 0.6348107359107
-1.3628366454964
 0.7007196897158
-1.3533332801450
 0.7673753763211
-1.3410867131600
 0.8346940074904
-1.3260271825852
 0.9025879706478
-1.3080865062203
 0.9709657940542
-1.2871982224888
 1.0397321143946
-1.2632977352439
 1.1087876469073
-1.2363224625768
 1.1780291581925
-1.2062119896865
 1.2473494418415
-1.1729082258774
 1.3166372970345
-1.1363555657448
 1.3857775102614
-1.0965010546143
 1.4546508403241
-1.0532945582973
 1.5231340067879
-1.0066889372278
 1.5910996820532
-0.9566402250443
 1.6584164872284
-0.9031078116821
 1.7249489919906
-0.8460546310399
 1.7905577186294
-0.7854473532861
 1.8550991504749
-0.7212565818696
 1.9184257449228
-0.6534570552986
 1.9803859512749
-0.5820278537539
 2.0408242336242
-0.5069526105990
 2.0995810990224
-0.4282197288515
 2.1564931311799
-0.3458226026790
 2.2113930299539
-0.2597598439823
 2.2641096568975
-0.1700355141274
 2.3144680871484
-0.0766593608865
 2.3622896679524
 0.0203529393502
 2.4073920841257
 0.1209795340368
 2.4495894307763
 0.0203529393502
-2.4073920841257
-0.0766593608865
-2.3622896679524
-0.1700355141274
-2.3144680871484
-0.2597598439823
-2.2641096568975
-0.3458226026790
-2.2113930299539
-0.4282197288515
-2.1564931311799
-0.5069526105990
-2.0995810990224
-0.5820278537539
-2.0408242336242
-0.6534570552986
-1.9803859512749
-0.7212565818696
-1.9184257449228
-0.7854473532861
-1.8550991504749
-0.8460546310399
-1.7905577186294
-0.9031078116821
-1.7249489919906
-0.9566402250443
-1.6584164872284
-1.0066889372278
-1.5910996820532
-1.0532945582973
-1.5231340067879
-1.0965010546143
-1.4546508403241
-1.1363555657448
-1.3857775102614
-1.1729082258774
-1.3166372970345
-1.2062119896865
-1.2473494418415
-1.2363224625768
-1.1780291581925
-1.2632977352439
-1.1087876469073
-1.2871982224888
-1.0397321143946
-1.3080865062203
-0.9709657940542
-1.3260271825852
-0.9025879706478
-1.3410867131600
-0.8346940074904
-1.3533332801450
-0.7673753763211
-1.3628366454964
-0.7007196897158
-1.3696680139368
-0.6348107359107
-1.3738998997822
-0.5697285159091
-1.3756059975252
-0.5055492827505
-1.3748610561157
-0.4423455828245
-1.3717407568782
-0.3801862991156
-1.3663215950089
-0.3191366962717
-1.3586807645934
-0.2592584673900
-1.3488960470877
-0.2006097824199
-1.3370457032068
-0.1432453380865
-1.3232083681633
-0.0872164092402
-1.3074629502017
-0.0325709015414
-1.2898885323731
 0.0206465946035
-1.2705642774959
 0.0723947489431
-1.2495693362495
 0.1226354351952
-1.2269827583474
 0.1713336738551
-1.2028834067383
 0.2184575740717
-1.1773498747831
 0.2639782746635
-1.1504604063566
 0.3078698843449
-1.1222928188243
 0.3501094212292
-1.0929244288445
 0.3906767516733
-1.0624319809458
 0.4295545285271
-1.0308915788334
 0.4667281288462
-0.9983786193749
 0.5021855911286
-0.9649677292191
 0.5359175521279
-0.9307327040018
 0.5679171833001
-0.8957464500921
 0.5981801269344
-0.8600809288344
 0.6267044320185
-0.8238071032419
 0.6534904898870
-0.7869948870962
 0.6785409696994
-0.7497130964122
 0.7018607537934
-0.7120294032226
 0.7234568729555
-0.6740102916425
 0.7433384416530
-0.6357210161705
 0.7615165932660
-0.5972255621867
 0.7780044153590
-0.5585866086070
 0.7928168850309
-0.5198654926526
 0.8059708043775
-0.4811221766975
 0.8174847361044
-0.4424152171542
 0.8273789393217
-0.4038017353581
 0.8356753055544
-0.3653373904166
 0.8423972950005
-0.3270763539815
 0.8475698730659
-0.2890712869118
 0.8512194472075
-0.2513733177879
 0.8533738041103
-0.2140320232443
 0.8540620472288
-0.1770954100838
 0.8533145347174
-0.1406098991392
 0.8511628177759
-0.1046203108492
 0.8476395794344
-0.0691698525136
 0.8427785738036
-0.0343001071958
 0.8366145658099
-0.0000510242393
 0.8291832714417
 0.0335390886337
 0.8205212985256
 0.0664335716743
 0.8106660880545
 0.0985974179390
 0.7996558560885
 0.1299972766347
 0.7875295362466
 0.1606014550068
 0.7743267228094
 0.1903799187989
 0.7600876144508
 0.2193042913167
 0.7448529586164
 0.2473478511231
 0.7286639965654
 0.2744855283940
 0.7115624090936
 0.3006938999651
 0.6935902629526
 0.3259511830951
 0.6747899579820
 0.3502372279764
 0.6552041749680
 0.3735335090186
 0.6348758242459
 0.3958231149334
 0.6138479950576
 0.4170907376470
 0.5921639056804
 0.4373226600682
 0.5698668543397
 0.4565067427371
 0.5470001709182
 0.4746324093814
 0.5236071694754
 0.4916906314062
 0.4997311015891
 0.5076739113429
 0.4754151105304
 0.5225762652829
 0.4507021862857
 0.5363932043204
 0.4256351214350
 0.5491217150308
 0.4002564678987
 0.5607602390089
 0.3746084945640
 0.5713086514903
 0.3487331458009
 0.5807682390830
 0.3226720008772
 0.5891416766315
 0.2964662342851
 0.5964330032380
 0.2701565769859
 0.6026475974653
 0.2437832785852
 0.6077921517452
 0.2173860704456
 0.6118746460152
 0.1910041297475
 0.6149043206088
 0.1646760445066
 0.6168916484219
 0.1384397795553
 0.6178483063788
 0.1123326434990
 0.6177871462227
 0.0863912566527
 0.6167221646516
 0.0606515199678
 0.6146684728266
 0.0351485849567
 0.6116422652716
 0.0099168246216
 0.6076607881923
-0.0150101946037
 0.6027423072345
-0.0395997398928
 0.5969060747071
-0.0638199380388
 0.5901722962917
-0.0876398004327
 0.5825620972646
-0.1110292470029
 0.5740974882518
-0.1339591291070
 0.5648013305434
-0.1564012513716
 0.5546973009896
-0.1783283924739
 0.5438098565019
-0.1997143248581
 0.5321641981846
-0.2205338333827
 0.5197862351199
-0.2407627328924
 0.5067025478310
-0.2603778847095
 0.4929403514467
-0.2793572120406
 0.4785274585938
-0.2976797142935
 0.4634922420398
-0.3153254803005
 0.4478635971123
-0.3322757004428
 0.4316709039193
-0.3485126776747
 0.4149439893958
-0.3640198374413
 0.3977130892018
-0.3787817364884
 0.3800088094979
-0.3927840705620
 0.3618620886236
-0.4060136809930
 0.3433041587045
-0.4184585601671
 0.3243665072152
-0.4301078558774
 0.3050808385234
-0.4409518745577
 0.2854790354424
-0.4509820833963
 0.2655931208196
-0.4601911113300
 0.2454552191862
-0.4685727489176
 0.2250975184986
-0.4761219470930
 0.2045522319956
-0.4828348148003
 0.1838515602022
-0.4887086155104
 0.1630276531070
-0.4937417626227
 0.1421125725410
-0.4979338137524
 0.1211382547879
-0.5012854639090
 0.1001364734531
-0.5037985375672
 0.0791388026221
-0.5054759796356
 0.0581765803365
-0.5063218453286
 0.0372808724170
-0.5063412889456
 0.0164824366647
-0.5055405515649
-0.0041883125320
-0.5039269476592
-0.0247013391519
-0.5015088506400
-0.0450270200292
-0.4982956773393
-0.0651361788433
-0.4942978714384
-0.0850001195807
-0.4895268858539
-0.1045906594374
-0.4839951640910
-0.1238801611325
-0.4777161205774
-0.1428415646006
-0.4707041199887
-0.1614484180335
-0.4629744555809
-0.1796749082396
-0.4545433265429
-0.1974958902905
-0.4454278143858
-0.2148869164240
-0.4356458583848
-0.2318242641729
-0.4252162300917
-0.2482849636886
-0.4141585069364
-0.2642468242297
-0.4024930449376
-0.2796884597849
-0.3902409505424
-0.2945893138001
-0.3774240516179
-0.3089296829806
-0.3640648676172
-0.3226907401382
-0.3501865789434
-0.3358545560542
-0.3358129955384
-0.3484041203301
-0.3209685247213
-0.3603233611978
-0.3056781383047
-0.3715971642601
-0.2899673390182
-0.3822113901365
-0.2738621262683
-0.3921528909858
-0.2573889612663
-0.4014095258812
-0.2405747315561
-0.4099701750108
-0.2234467149766
-0.4178247526809
-0.2060325430923
-0.4249642190971
-0.1883601641288
-0.4313805909016
-0.1704578054496
-0.4370669504438
-0.1523539356142
-0.4420174537643
-0.1340772260548
-0.4462273372721
-0.1156565124139
-0.4496929230974
-0.0971207555843
-0.4524116231006
-0.0784990024938
-0.4543819415243
-0.0598203466791
-0.4556034762712
-0.0411138886940
-0.4560769187954
-0.0224086963976
-0.4558040525963
-0.0037337651697
-0.4547877503026
 0.0148820218983
-0.4530319693395
 0.0334099337891
-0.4505417461716
 0.0518214312708
-0.4473231891157
 0.0700882064840
-0.4433834697200
 0.0881822223537
-0.4387308127089
 0.1060757517737
-0.4333744844918
 0.1237414165107
-0.4273247802403
 0.1411522257756
-0.4205930095356
 0.1582816144085
-0.4131914805938
 0.1751034806225
-0.4051334830773
 0.1915922232534
-0.3964332695020
 0.2077227784595
-0.3871060352530
 0.2234706558183
-0.3771678972246
 0.2388119737640
-0.3666358711006
 0.2537234943122
-0.3555278472950
 0.2681826570164
-0.3438625655742
 0.2821676121035
-0.3316595883857
 0.2956572527326
-0.3189392729183
 0.3086312463250
-0.3057227419243
 0.3210700649121
-0.2920318533332
 0.3329550144486
-0.2778891686919
 0.3442682630403
-0.2633179204653
 0.3549928680354
-0.2483419782388
 0.3651128019303
-0.2329858138589
 0.3746129770408
-0.2172744655596
 0.3834792688926
-0.2012335011154
 0.3916985382844
-0.1848889800715
 0.3992586519805
-0.1682674150993
 0.4061485019885
-0.1513957325298
 0.4123580233837
-0.1343012321177
 0.4178782106387
-0.1170115460938
 0.4227011324232
-0.0995545975617
 0.4268199448376
-0.0819585583010
 0.4302289030481
-0.0642518060361
 0.4329233712937
-0.0464628812355
 0.4348998312353
-0.0286204435069
 0.4361558886228
-0.0107532276531
 0.4366902782574
 0.0071100005420
 0.4365028672276
 0.0249404887288
 0.4355946564024
 0.0427095425380
 0.4339677801679
 0.0603885701861
 0.4316255043941
 0.0779491270680
 0.4285722226248
 0.0953629602629
 0.4248134504848
 0.1126020528812
 0.4203558183019
 0.1296386681763
 0.4152070619455
 0.1464453933481
 0.4093760118852
 0.1629951829634
 0.4028725804776
 0.1792614019167
 0.3957077474925
 0.1952178678597
 0.3878935438924
 0.2108388930220
 0.3794430338824
 0.2260993253517
 0.3703702952537
 0.2409745889013
 0.3606903980427
 0.2554407233860
 0.3504193815353
 0.2694744228455
 0.3395742296469
 0.2830530733354
 0.3281728447126
 0.2961547895823
 0.3162340197264
 0.3087584505338
 0.3037774090684
 0.3208437337367
 0.2908234977664
 0.3323911484818
 0.2773935693381
 0.3433820676506
 0.2635096722642
 0.3537987582055
 0.2491945851463
 0.3636244102660
 0.2344717806046
 0.3728431647144
 0.2193653879762
 0.3814401392794
 0.2039001548730
 0.3894014530478
 0.1881014076654
 0.3967142493559
 0.1719950109565
 0.4033667170184
 0.1556073261172
 0.4093481098518
 0.1389651689504
 0.4146487644557
 0.1220957665601
 0.4192601162169
 0.1050267134962
 0.4231747135055
 0.0877859272551
 0.4263862300344
 0.0704016032100
 0.4288894753593
 0.0529021690516
 0.4306804034976
 0.0353162388196
 0.4317561196492
 0.0176725666041
