 0.5185609012856
 0.0000000000000
 0.5182619702841
-0.0176734759046
 0.5173655125835
-0.0353268928217
 0.5158725337100
-0.0529402142900
 0.5137847082541
-0.0704934488730
 0.5111043779434
-0.0879666726024
 0.5078345489480
-0.1053400513396
 0.5039788884221
-0.1225938630269
 0.4995417202866
-0.1397085198022
 0.4945280202583
-0.1566645899498
 0.4889434101333
-0.1734428196612
 0.4827941513302
-0.1900241545790
 0.4760871377049
-0.2063897610980
 0.4688298876434
-0.2225210473982
 0.4610305354454
-0.2383996841842
 0.4526978220098
-0.2540076251065
 0.4438410848342
-0.2693271268403
 0.4344702473416
-0.2843407687975
 0.4245958075494
-0.2990314724503
 0.4142288260947
-0.3133825202419
 0.4033809136324
-0.3273775740637
 0.3920642176230
-0.3410006932773
 0.3802914085262
-0.3542363522609
 0.3680756654200
-0.3670694574593
 0.3554306610634
-0.3794853639195
 0.3423705464215
-0.3914698912939
 0.3289099346745
-0.4030093392909
 0.3150638847298
-0.4140905025600
 0.3008478842595
-0.4247006849918
 0.2862778322846
-0.4348277134206
 0.2713700213278
-0.4444599507134
 0.2561411191584
-0.4535863082333
 0.2406081501509
-0.4621962576645
 0.2247884762830
-0.4702798421862
 0.2086997777933
-0.4778276869877
 0.1923600335272
-0.4848310091109
 0.1757875009904
-0.4912816266155
 0.1590006961388
-0.4971719670560
 0.1420183729259
-0.5024950752658
 0.1248595026357
-0.5072446204407
 0.1075432530228
-0.5114149025178
 0.0900889672871
-0.5150008578457
 0.0725161429068
-0.5179980641423
 0.0548444103549
-0.5204027447386
 0.0370935117242
-0.5222117721064
 0.0192832792852
-0.5234226706701
 0.0014336140020
-0.5240336189034
-0.0164355359696
-0.5240434507107
-0.0343041967778
-0.5234516560978
-0.0521523903388
-0.5222583811326
-0.0699601557478
-0.5204644272015
-0.0877075706109
-0.5180712495651
-0.1053747722765
-0.5150809552200
-0.1229419789424
-0.5114963000711
-0.1403895106162
-0.5073206854242
-0.1576978099077
-0.5025581538040
-0.1748474626304
-0.4972133841078
-0.1918192181920
-0.4912916861044
-0.2085940097522
-0.4847989942862
-0.2251529741285
-0.4777418610876
-0.2414774714297
-0.4701274494793
-0.2575491043976
-0.4619635249505
-0.2733497374387
-0.4532584468925
-0.2888615153283
-0.4440211593952
-0.3040668815682
-0.4342611814710
-0.3189485963819
-0.4239885967199
-0.3334897543307
-0.4132140424500
-0.3476738015360
-0.4019486982685
-0.3614845524904
-0.3902042741588
-0.3749062064457
-0.3779929980582
-0.3879233633622
-0.3653276029545
-0.4005210394077
-0.3522213135153
-0.4126846819913
-0.3386878322692
-0.4244001843233
-0.3247413253531
-0.4356538994872
-0.3103964078462
-0.4464326540150
-0.2956681287049
-0.4567237609550
-0.2805719553185
-0.4665150324233
-0.2651237577025
-0.4757947916306
-0.2493397923477
-0.4845518843760
-0.2332366857432
-0.4927756900004
-0.2168314175919
-0.5004561317940
-0.2001413037357
-0.5075836868500
-0.1831839788099
-0.5141493953615
-0.1659773786450
-0.5201448693547
-0.1485397224325
-0.5255623008560
-0.1308894946764
-0.5303944694885
-0.1130454269450
-0.5346347494954
-0.0950264794441
-0.5382771161882
-0.0768518224280
-0.5413161518175
-0.0585408174674
-0.5437470508657
-0.0401129985913
-0.5455656247608
-0.0215880533214
-0.5467683060115
-0.0029858036164
-0.5473521517642
 0.0156738132563
-0.5473148467818
 0.0343707639043
-0.5466547058478
 0.0530849380324
-0.5453706755957
 0.0717961676852
-0.5434623357682
 0.0904842464952
-0.5409298999071
 0.1091289489189
-0.5377742154790
 0.1277100494443
-0.5339967634398
 0.1462073417550
-0.5295996572423
 0.1646006578347
-0.5245856412924
 0.1828698869963
-0.5189580888573
 0.2009949948207
-0.5127209994335
 0.2189560419916
-0.5058789955778
 0.2367332030097
-0.4984373192098
 0.2543067847741
-0.4904018273909
 0.2716572450154
-0.4817789875871
 0.2887652105683
-0.4725758724227
 0.3056114954696
-0.4628001539323
 0.3221771188688
-0.4524600973189
 0.3384433227388
-0.4415645542256
 0.3543915893747
-0.4301229555296
 0.3700036586683
-0.4181453036666
 0.3852615451472
-0.4056421644940
 0.4001475547667
-0.3926246587027
 0.4146443014442
-0.3791044527846
 0.4287347233248
-0.3650937495680
 0.4424020987692
-0.3506052783262
 0.4556300620522
-0.3356522844732
 0.4684026187635
-0.3202485188525
 0.4807041609015
-0.3044082266312
 0.4925194816505
-0.2881461358075
 0.5038337898340
-0.2714774453434
 0.5146327240341
-0.2544178129305
 0.5249023663709
-0.2369833424021
 0.5346292559328
-0.2191905707977
 0.5438004018523
-0.2010564550949
 0.5524032960178
-0.1825983586148
 0.5604259254171
-0.1638340371144
 0.5678567841052
-0.1447816245745
 0.5746848847899
-0.1254596186950
 0.5808997700311
-0.1058868661067
 0.5864915230464
-0.0860825473111
 0.5914507781192
-0.0660661613587
 0.5957687306037
-0.0458575102753
 0.5994371465224
-0.0254766832481
 0.6024483717524
-0.0049440405810
 0.6047953407952
 0.0157198025692
 0.6064715851265
 0.0364939926675
 0.6074712411241
 0.0573574544729
 0.6077890575673
 0.0782889079000
 0.6074204027081
 0.0992668850594
 0.6063612709092
 0.1202697474652
 0.6046082888470
 0.1412757034015
 0.6021587212763
 0.1622628254355
 0.5990104763566
 0.1832090680692
 0.5951621105352
 0.2040922855178
 0.5906128329874
 0.2248902496067
 0.5853625096113
 0.2455806677745
 0.5794116665765
 0.2661412011759
 0.5727614934242
 0.2865494828703
 0.5654138457191
 0.3067831360908
 0.5573712472514
 0.3268197925801
 0.5486368917882
 0.3466371109864
 0.5392146443745
 0.3662127953088
 0.5291090421821
 0.3855246133823
 0.5183252949078
 0.4045504153939
 0.5068692847194
 0.4232681524205
 0.4947475657504
 0.4416558949782
 0.4819673631430
 0.4596918515759
 0.4685365716403
 0.4773543872623
 0.4544637537283
 0.4946220421581
 0.4397581373266
 0.5114735499647
 0.4244296130310
 0.5278878564402
 0.4084887309072
 0.5438441378343
 0.3919466968360
 0.5593218192729
 0.3748153684132
 0.5743005930841
 0.3571072504028
 0.5887604370577
 0.3388354897462
 0.6026816326278
 0.3200138701285
 0.6160447829731
 0.3006568061030
 0.6288308310231
 0.2807793367750
 0.6410210773647
 0.2603971190476
 0.6525971980400
 0.2395264204300
 0.6635412622261
 0.2181841114103
 0.6738357497908
 0.1963876573947
 0.6834635687143
 0.1741551102154
 0.6924080723704
 0.1515050992078
 0.7006530766575
 0.1284568218602
 0.7081828769735
 0.1050300340373
 0.7149822650250
 0.0812450397807
 0.7210365454639
 0.0571226806861
 0.7263315523438
 0.0326843248626
 0.7308536653867
 0.0079518554740
 0.7345898260553
-0.0170523411352
 0.7375275534199
-0.0423053877254
 0.7396549598145
-0.0677839288587
 0.7409607662739
-0.0934641440028
 0.7414343177432
-0.1193217610403
 0.7410655980533
-0.1453320701809
 0.7398452446543
-0.1714699382731
 0.7377645630989
-0.1977098235143
 0.7348155412685
-0.2240257905544
 0.7309908633347
-0.2503915259927
 0.7262839234478
-0.2767803542631
 0.7206888391453
-0.3031652539059
 0.7142004644727
-0.3295188742234
 0.7068144028086
-0.3558135523161
 0.6985270193869
-0.3820213304958
 0.6893354535086
-0.4081139740745
 0.6792376304341
-0.4340629895238
 0.6682322729507
-0.4598396430033
 0.6563189126052
-0.4854149792537
 0.6434979005951
-0.5107598408528
 0.6297704183107
-0.5358448878296
 0.6151384875189
-0.5606406176336
 0.5996049801828
-0.5851173854568
 0.5831736279078
-0.6092454249040
 0.5658490310057
-0.6329948690075
 0.5476366671709
-0.6563357715847
 0.5285428997584
-0.6792381289320
 0.5085749856562
-0.7016719018538
 0.4877410827446
-0.7236070380212
 0.4660502569332
-0.7450134946581
 0.4435124887670
-0.7658612615485
 0.4201386795945
-0.7861203843635
 0.3959406572879
-0.8057609883018
 0.3709311815076
-0.8247533020414
 0.3451239485015
-0.8430676819958
 0.3185335954320
-0.8606746368736
 0.2911757042195
-0.8775448525333
 0.2630668048954
-0.8936492171320
 0.2342243784544
-0.9089588465610
 0.2046668591980
-0.9234451101650
 0.1744136365581
-0.9370796567391
 0.1434850563936
-0.9498344407989
 0.1119024217493
-0.9616817491184
 0.0796879930664
-0.9725942275304
 0.0468649878378
-0.9825449079846
 0.0134575796957
-0.9915072358566
-0.0205091030778
-0.9994550975028
-0.0550089796260
-1.0063628480560
-0.0900150191906
-1.0122053394538
-0.1254992443921
-1.0169579486957
-0.1614327351275
-1.0205966063207
-0.1977856330973
-1.0230978251006
-0.2345271469713
-1.0244387289400
-0.2716255582048
-1.0245970819785
-0.3090482275161
-1.0235513178864
-0.3467616020367
-1.0212805693466
-0.3847312231449
-1.0177646977160
-0.4229217349959
-1.0129843228574
-0.4612968937578
-1.0069208531349
-0.4998195775679
-0.9995565155642
-0.5384517972193
-0.9908743861083
-0.5771547075909
-0.9808584201118
-0.6158886198338
-0.9694934828623
-0.6546130143248
-0.9567653802719
-0.6932865544019
-0.9426608896667
-0.7318671008934
-0.9271677906768
-0.7703117274535
-0.9102748962144
-0.8085767367193
-0.8919720835308
-0.8466176773005
-0.8722503253407
-0.8843893616171
-0.8511017210022
-0.9218458845985
-0.8285195277417
-0.9589406432572
-0.8044981919111
-0.9956263571533
-0.7790333802644
-1.0318550897622
-0.7521220112423
-1.0675782707609
-0.7237622862492
-1.1027467192486
-0.6939537209116
-1.1373106679152
-0.6626971763015
-1.1712197881741
-0.6299948901114
-1.2044232162740
-0.5958505077654
-1.2368695804060
-0.5602691134506
-1.2685070288214
-0.5232572610533
-1.2992832589766
-0.4848230049825
-1.3291455477210
-0.4449759308640
-1.3580407825453
-0.4037271860877
-1.3859154939056
-0.3610895101882
-1.4127158886415
-0.3170772650418
-1.4383878845043
-0.2717064648587
-1.4628771458140
-0.2249948059503
-1.4861291202607
-0.1769616962518
-1.5080890768703
-0.1276282845765
-1.5287021451511
-0.0770174895815
-1.5479133554399
-0.0251540284201
-1.5656676804661
 0.0279355549424
-1.5819100781524
 0.0822228617739
-1.5965855356704
 0.1376776110086
-1.6096391147716
 0.1942676120917
-1.6210159984107
 0.2519587382669
-1.6306615386829
 0.3107149003302
-1.6385213060933
 0.3704980208842
-1.6445411401786
 0.4312680091182
-1.6486672015019
 0.4929827361490
-1.6508460250391
 0.5555980109525
-1.6510245749783
 0.6190675569198
-1.6491503009535
 0.6833429890727
-1.6451711957308
 0.7483737919736
-1.6390358543706
 0.8141072983662
-1.6306935348847
 0.8804886685864
-1.6200942204111
 0.9474608707808
-1.6071886829261
 1.0149646619744
-1.5919285485161
 1.0829385700299
-1.5742663642303
 1.1513188765401
-1.5541556665359
 1.2200396007008
-1.5315510513971
 1.2890324842076
-1.5064082460000
 1.3582269772273
-1.4786841821451
 1.4275502254907
-1.4483370713293
 1.4969270585606
-1.4153264815385
 1.5662799793252
-1.3796134157742
 1.6355291547738
-1.3411603923341
 1.7045924081097
-1.2999315268703
 1.7733852122600
-1.2558926162454
 1.8418206848415
-1.2090112242094
 1.9098095846456
-1.1592567689184
 1.9772603097070
-1.1066006123163
 2.0440788970229
-1.0510161514021
 2.1101690239907
-0.9924789114027
 2.1754320116370
-0.9309666408729
 2.2397668297104
-0.8664594087435
 2.3030701037152
-0.7989397033372
 2.3652361239639
-0.7283925333739
 2.4261568567314
-0.6548055309838
 2.4857219575934
-0.5781690567489
 2.5438187870379
-0.4984763067912
 2.6003324284391
-0.4157234219269
 2.6551457084862
-0.3299095989045
 2.7081392201656
-0.2410372037438
 2.7591913483940
-0.1491118871934
 2.8081782984070
-0.0541427023226
 2.8549741270093
 0.0438577757365
 2.8994507767970
 0.1448733278827
 2.9414781134663
 0.0438577757365
-2.8994507767970
-0.0541427023226
-2.8549741270093
-0.1491118871934
-2.8081782984070
-0.2410372037438
-2.7591913483940
-0.3299095989045
-2.7081392201656
-0.4157234219269
-2.6551457084862
-0.4984763067912
-2.6003324284391
-0.5781690567489
-2.5438187870379
-0.6548055309838
-2.4857219575934
-0.7283925333739
-2.4261568567314
-0.7989397033372
-2.3652361239639
-0.8664594087435
-2.3030701037152
-0.9309666408729
-2.2397668297104
-0.9924789114027
-2.1754320116370
-1.0510161514021
-2.1101690239907
-1.1066006123163
-2.0440788970229
-1.1592567689184
-1.9772603097070
-1.2090112242094
-1.9098095846456
-1.2558926162454
-1.8418206848415
-1.2999315268703
-1.7733852122600
-1.3411603923341
-1.7045924081097
-1.3796134157742
-1.6355291547738
-1.4153264815385
-1.5662799793252
-1.4483370713293
-1.4969270585606
-1.4786841821451
-1.4275502254907
-1.5064082460000
-1.3582269772273
-1.5315510513971
-1.2890324842076
-1.5541556665359
-1.2200396007008
-1.5742663642303
-1.1513188765401
-1.5919285485161
-1.0829385700299
-1.6071886829261
-1.0149646619744
-1.6200942204111
-0.9474608707808
-1.6306935348847
-0.8804886685864
-1.6390358543706
-0.8141072983662
-1.6451711957308
-0.7483737919736
-1.6491503009535
-0.6833429890727
-1.6510245749783
-0.6190675569198
-1.6508460250391
-0.5555980109525
-1.6486672015019
-0.4929827361490
-1.6445411401786
-0.4312680091182
-1.6385213060933
-0.3704980208842
-1.6306615386829
-0.3107149003302
-1.6210159984107
-0.2519587382669
-1.6096391147716
-0.1942676120917
-1.5965855356704
-0.1376776110086
-1.5819100781524
-0.0822228617739
-1.5656676804661
-0.0279355549424
-1.5479133554399
 0.0251540284201
-1.5287021451511
 0.0770174895815
-1.5080890768703
 0.1276282845765
-1.4861291202607
 0.1769616962518
-1.4628771458140
 0.2249948059503
-1.4383878845043
 0.2717064648587
-1.4127158886415
 0.3170772650418
-1.3859154939056
 0.3610895101882
-1.3580407825453
 0.4037271860877
-1.3291455477210
 0.4449759308640
-1.2992832589766
 0.4848230049825
-1.2685070288214
 0.5232572610533
-1.2368695804060
 0.5602691134506
-1.2044232162740
 0.5958505077654
-1.1712197881741
 0.6299948901114
-1.1373106679152
 0.6626971763015
-1.1027467192486
 0.6939537209116
-1.0675782707609
 0.7237622862492
-1.0318550897622
 0.7521220112423
-0.9956263571533
 0.7790333802644
-0.9589406432572
 0.8044981919111
-0.9218458845985
 0.8285195277417
-0.8843893616171
 0.8511017210022
-0.8466176773005
 0.8722503253407
-0.8085767367193
 0.8919720835308
-0.7703117274535
 0.9102748962144
-0.7318671008934
 0.9271677906768
-0.6932865544019
 0.9426608896667
-0.6546130143248
 0.9567653802719
-0.6158886198338
 0.9694934828623
-0.5771547075909
 0.9808584201118
-0.5384517972193
 0.9908743861083
-0.4998195775679
 0.9995565155642
-0.4612968937578
 1.0069208531349
-0.4229217349959
 1.0129843228574
-0.3847312231449
 1.0177646977160
-0.3467616020367
 1.0212805693466
-0.3090482275161
 1.0235513178864
-0.2716255582048
 1.0245970819785
-0.2345271469713
 1.0244387289400
-0.1977856330973
 1.0230978251006
-0.1614327351275
 1.0205966063207
-0.1254992443921
 1.0169579486957
-0.0900150191906
 1.0122053394538
-0.0550089796260
 1.0063628480560
-0.0205091030778
 0.9994550975028
 0.0134575796957
 0.9915072358566
 0.0468649878378
 0.9825449079846
 0.0796879930664
 0.9725942275304
 0.1119024217493
 0.9616817491184
 0.1434850563936
 0.9498344407989
 0.1744136365581
 0.9370796567391
 0.2046668591980
 0.9234451101650
 0.2342243784544
 0.9089588465610
 0.2630668048954
 0.8936492171320
 0.2911757042195
 0.8775448525333
 0.3185335954320
 0.8606746368736
 0.3451239485015
 0.8430676819958
 0.3709311815076
 0.8247533020414
 0.3959406572879
 0.8057609883018
 0.4201386795945
 0.7861203843635
 0.4435124887670
 0.7658612615485
 0.4660502569332
 0.7450134946581
 0.4877410827446
 0.7236070380212
 0.5085749856562
 0.7016719018538
 0.5285428997584
 0.6792381289320
 0.5476366671709
 0.6563357715847
 0.5658490310057
 0.6329948690075
 0.5831736279078
 0.6092454249040
 0.5996049801828
 0.5851173854568
 0.6151384875189
 0.5606406176336
 0.6297704183107
 0.5358448878296
 0.6434979005951
 0.5107598408528
 0.6563189126052
 0.4854149792537
 0.6682322729507
 0.4598396430033
 0.6792376304341
 0.4340629895238
 0.6893354535086
 0.4081139740745
 0.6985270193869
 0.3820213304958
 0.7068144028086
 0.3558135523161
 0.7142004644727
 0.3295188742234
 0.7206888391453
 0.3031652539059
 0.7262839234478
 0.2767803542631
 0.7309908633347
 0.2503915259927
 0.7348155412685
 0.2240257905544
 0.7377645630989
 0.1977098235143
 0.7398452446543
 0.1714699382731
 0.7410655980533
 0.1453320701809
 0.7414343177432
 0.1193217610403
 0.7409607662739
 0.0934641440028
 0.7396549598145
 0.0677839288587
 0.7375275534199
 0.0423053877254
 0.7345898260553
 0.0170523411352
 0.7308536653867
-0.0079518554740
 0.7263315523438
-0.0326843248626
 0.7210365454639
-0.0571226806861
 0.7149822650250
-0.0812450397807
 0.7081828769735
-0.1050300340373
 0.7006530766575
-0.1284568218602
 0.6924080723704
-0.1515050992078
 0.6834635687143
-0.1741551102154
 0.6738357497908
-0.1963876573947
 0.6635412622261
-0.2181841114103
 0.6525971980400
-0.2395264204300
 0.6410210773647
-0.2603971190476
 0.6288308310231
-0.2807793367750
 0.6160447829731
-0.3006568061030
 0.6026816326278
-0.3200138701285
 0.5887604370577
-0.3388354897462
 0.5743005930841
-0.3571072504028
 0.5593218192729
-0.3748153684132
 0.5438441378343
-0.3919466968360
 0.5278878564402
-0.4084887309072
 0.5114735499647
-0.4244296130310
 0.4946220421581
-0.4397581373266
 0.4773543872623
-0.4544637537283
 0.4596918515759
-0.4685365716403
 0.4416558949782
-0.4819673631430
 0.4232681524205
-0.4947475657504
 0.4045504153939
-0.5068692847194
 0.3855246133823
-0.5183252949078
 0.3662127953088
-0.5291090421821
 0.3466371109864
-0.5392146443745
 0.3268197925801
-0.5486368917882
 0.3067831360908
-0.5573712472514
 0.2865494828703
-0.5654138457191
 0.2661412011759
-0.5727614934242
 0.2455806677745
-0.5794116665765
 0.2248902496067
-0.5853625096113
 0.2040922855178
-0.5906128329874
 0.1832090680692
-0.5951621105352
 0.1622628254355
-0.5990104763566
 0.1412757034015
-0.6021587212763
 0.1202697474652
-0.6046082888470
 0.0992668850594
-0.6063612709092
 0.0782889079000
-0.6074204027081
 0.0573574544729
-0.6077890575673
 0.0364939926675
-0.6074712411241
 0.0157198025692
-0.6064715851265
-0.0049440405810
-0.6047953407952
-0.0254766832481
-0.6024483717524
-0.0458575102753
-0.5994371465224
-0.0660661613587
-0.5957687306037
-0.0860825473111
-0.5914507781192
-0.1058868661067
-0.5864915230464
-0.1254596186950
-0.5808997700311
-0.1447816245745
-0.5746848847899
-0.1638340371144
-0.5678567841052
-0.1825983586148
-0.5604259254171
-0.2010564550949
-0.5524032960178
-0.2191905707977
-0.5438004018523
-0.2369833424021
-0.5346292559328
-0.2544178129305
-0.5249023663709
-0.2714774453434
-0.5146327240341
-0.2881461358075
-0.5038337898340
-0.3044082266312
-0.4925194816505
-0.3202485188525
-0.4807041609015
-0.3356522844732
-0.4684026187635
-0.3506052783262
-0.4556300620522
-0.3650937495680
-0.4424020987692
-0.3791044527846
-0.4287347233248
-0.3926246587027
-0.4146443014442
-0.4056421644940
-0.4001475547667
-0.4181453036666
-0.3852615451472
-0.4301229555296
-0.3700036586683
-0.4415645542256
-0.3543915893747
-0.4524600973189
-0.3384433227388
-0.4628001539323
-0.3221771188688
-0.4725758724227
-0.3056114954696
-0.4817789875871
-0.2887652105683
-0.4904018273909
-0.2716572450154
-0.4984373192098
-0.2543067847741
-0.5058789955778
-0.2367332030097
-0.5127209994335
-0.2189560419916
-0.5189580888573
-0.2009949948207
-0.5245856412924
-0.1828698869963
-0.5295996572423
-0.1646006578347
-0.5339967634398
-0.1462073417550
-0.5377742154790
-0.1277100494443
-0.5409298999071
-0.1091289489189
-0.5434623357682
-0.0904842464952
-0.5453706755957
-0.0717961676852
-0.5466547058478
-0.0530849380324
-0.5473148467818
-0.0343707639043
-0.5473521517642
-0.0156738132563
-0.5467683060115
 0.0029858036164
-0.5455656247608
 0.0215880533214
-0.5437470508657
 0.0401129985913
-0.5413161518175
 0.0585408174674
-0.5382771161882
 0.0768518224280
-0.5346347494954
 0.0950264794441
-0.5303944694885
 0.1130454269450
-0.5255623008560
 0.1308894946764
-0.5201448693547
 0.1485397224325
-0.5141493953615
 0.1659773786450
-0.5075836868500
 0.1831839788099
-0.5004561317940
 0.2001413037357
-0.4927756900004
 0.2168314175919
-0.4845518843760
 0.2332366857432
-0.4757947916306
 0.2493397923477
-0.4665150324233
 0.2651237577025
-0.4567237609550
 0.2805719553185
-0.4464326540150
 0.2956681287049
-0.4356538994872
 0.3103964078462
-0.4244001843233
 0.3247413253531
-0.4126846819913
 0.3386878322692
-0.4005210394077
 0.3522213135153
-0.3879233633622
 0.3653276029545
-0.3749062064457
 0.3779929980582
-0.3614845524904
 0.3902042741588
-0.3476738015360
 0.4019486982685
-0.3334897543307
 0.4132140424500
-0.3189485963819
 0.4239885967199
-0.3040668815682
 0.4342611814710
-0.2888615153283
 0.4440211593952
-0.2733497374387
 0.4532584468925
-0.2575491043976
 0.4619635249505
-0.2414774714297
 0.4701274494793
-0.2251529741285
 0.4777418610876
-0.2085940097522
 0.4847989942862
-0.1918192181920
 0.4912916861044
-0.1748474626304
 0.4972133841078
-0.1576978099077
 0.5025581538040
-0.1403895106162
 0.5073206854242
-0.1229419789424
 0.5114963000711
-0.1053747722765
 0.5150809552200
-0.0877075706109
 0.5180712495651
-0.0699601557478
 0.5204644272015
-0.0521523903388
 0.5222583811326
-0.0343041967778
 0.5234516560978
-0.0164355359696
 0.5240434507107
 0.0014336140020
 0.5240336189034
 0.0192832792852
 0.5234226706701
 0.0370935117242
 0.5222117721064
 0.0548444103549
 0.5204027447386
 0.0725161429068
 0.5179980641423
 0.0900889672871
 0.5150008578457
 0.1075432530228
 0.5114149025178
 0.1248595026357
 0.5072446204407
 0.1420183729259
 0.5024950752658
 0.1590006961388
 0.4971719670560
 0.1757875009904
 0.4912816266155
 0.1923600335272
 0.4848310091109
 0.2086997777933
 0.4778276869877
 0.2247884762830
 0.4702798421862
 0.2406081501509
 0.4621962576645
 0.2561411191584
 0.4535863082333
 0.2713700213278
 0.4444599507134
 0.2862778322846
 0.4348277134206
 0.3008478842595
 0.4247006849918
 0.3150638847298
 0.4140905025600
 0.3289099346745
 0.4030093392909
 0.3423705464215
 0.3914698912939
 0.3554306610634
 0.3794853639195
 0.3680756654200
 0.3670694574593
 0.3802914085262
 0.3542363522609
 0.3920642176230
 0.3410006932773
 0.4033809136324
 0.3273775740637
 0.4142288260947
 0.3133825202419
 0.4245958075494
 0.2990314724503
 0.4344702473416
 0.2843407687975
 0.4438410848342
 0.2693271268403
 0.4526978220098
 0.2540076251065
 0.4610305354454
 0.2383996841842
 0.4688298876434
 0.2225210473982
 0.4760871377049
 0.2063897610980
 0.4827941513302
 0.1900241545790
 0.4889434101333
 0.1734428196612
 0.4945280202583
 0.1566645899498
 0.4995417202866
 0.1397085198022
 0.5039788884221
 0.1225938630269
 0.5078345489480
 0.1053400513396
 0.5111043779434
 0.0879666726024
 0.5137847082541
 0.0704934488730
 0.5158725337100
 0.0529402142900
 0.5173655125835
 0.0353268928217
 0.5182619702841
 0.0176734759046
