 0.4801583542023
 0.0000000000000
 0.4788673731805
-0.0353233795573
 0.4750011839088
-0.0704597696970
 0.4685800115119
-0.1052231603009
 0.4596374439015
-0.1394294942693
 0.4482202516337
-0.1728976301199
 0.4343881373013
-0.2054502880086
 0.4182134160389
-0.2369149738340
 0.3997806291442
-0.2671248762481
 0.3791860932271
-0.2959197315887
 0.3565373876912
-0.3231466519834
 0.3319527837111
-0.3486609121325
 0.3055606182147
-0.3723266905754
 0.2774986166826
-0.3940177615598
 0.2479131688587
-0.4136181339776
 0.2169585617088
-0.4310226341929
 0.1847961741747
-0.4461374299673
 0.1515936384469
-0.4588804930784
 0.1175239726137
-0.4691819986316
 0.0827646896513
-0.4769846594703
 0.0474968877790
-0.4822439945018
 0.0119043272368
-0.4849285301635
-0.0238275014652
-0.4850199346597
-0.0595123128162
-0.4825130849949
-0.0949639601553
-0.4774160672174
-0.1299973632715
-0.4697501106574
-0.1644294250499
-0.4595494573027
-0.1980799326245
-0.4468611677935
-0.2307724386787
-0.4317448658356
-0.2623351187408
-0.4142724231280
-0.2926016005484
-0.3945275871759
-0.3214117617960
-0.3726055546072
-0.3486124928370
-0.3486124928370
-0.3740584211788
-0.3226650131194
-0.3976125948878
-0.2948895982032
-0.4191471223022
-0.2654219879488
-0.4385437657396
-0.2344065263896
-0.4556944871754
-0.2019954738130
-0.4705019441554
-0.1683482875084
-0.4828799344917
-0.1336308748768
-0.4927537885752
-0.0980148226208
-0.5000607084090
-0.0616766057364
-0.5047500527370
-0.0247967800119
-0.5067835679009
 0.0124408382994
-0.5061355643017
 0.0498500020170
-0.5027930385845
 0.0872428682371
-0.4967557418848
 0.1244308357423
-0.4880361946852
 0.1612253812529
-0.4766596490320
 0.1974388912650
-0.4626639990420
 0.2328854863377
-0.4460996407988
 0.2673818348186
-0.4270292828957
 0.3007479531314
-0.4055277090194
 0.3328079898856
-0.3816814941005
 0.3633909912147
-0.3555886756650
 0.3923316448926
-0.3273583821264
 0.4194710009274
-0.2971104198395
 0.4446571664797
-0.2649748208174
 0.4677459731016
-0.2310913530727
 0.4886016144379
-0.1956089955970
 0.5070972526779
-0.1586853800337
 0.5231155921885
-0.1204862011327
 0.5365494188952
-0.0811845980961
 0.5473021041179
-0.0409605089397
 0.5552880716937
 0.0000000000000
 0.5604332273473
 0.0415054272795
 0.5626753493905
 0.0833595501609
 0.5619644399464
 0.1253621569087
 0.5582630360031
 0.1673097954748
 0.5515464797083
 0.2089965364960
 0.5418031474109
 0.2502147485516
 0.5290346370511
 0.2907558836568
 0.5132559135867
 0.3304112709959
 0.4944954122221
 0.3689729169301
 0.4727950992866
 0.4062343093486
 0.4482104906757
 0.4419912244608
 0.4208106278339
 0.4760425341656
 0.3906780113220
 0.5081910121623
 0.3579084920621
 0.5382441370025
 0.3226111204088
 0.5660148903141
 0.2849079532406
 0.5913225484567
 0.2449338193078
 0.6139934659005
 0.2028360431145
 0.6338618486438
 0.1587741276480
 0.6507705160127
 0.1129193963006
 0.6645716492076
 0.0654545943618
 0.6751275249838
 0.0165734504862
 0.6823112328684
-0.0335198014331
 0.6860073743364
-0.0846109395274
 0.6861127423743
-0.1364763098750
 0.6825369798784
-0.1888834205814
 0.6752032153318
-0.2415915734957
 0.6640486742176
-0.2943525330203
 0.6490252646174
-0.3469112314514
 0.6301001354499
-0.3990065102662
 0.6072562057915
-0.4503718967524
 0.5804926637174
-0.5007364153541
 0.5498254330848
-0.5498254330848
 0.5152876066689
-0.5973615383339
 0.4769298440386
-0.6430654523696
 0.4348207325415
-0.6866569728098
 0.3890471097385
-0.7278559483077
 0.3397143456020
-0.7663832836599
 0.2869465827592
-0.8019619745178
 0.2308869330259
-0.8343181708367
 0.1716976284399
-0.8631822681604
 0.1095601249590
-0.8882900257920
 0.0446751569457
-0.9093837108502
-0.0227372594877
-0.9262132671584
-0.0924378762517
-0.9385375078525
-0.1641683182001
-0.9461253305287
-0.2376512452888
-0.9487569536844
-0.3125905741204
-0.9462251731249
-0.3886717610870
-0.9383366369277
-0.4655621493892
-0.9249131374663
-0.5429113822771
-0.9057929188933
-0.6203518849333
-0.8808319983822
-0.6974994174886
-0.8499054993055
-0.7739537017411
-0.8129089944077
-0.8492991242265
-0.7697598568931
-0.9231055183708
-0.7203986172054
-0.9949290285398
-0.6647903231161
-1.0643130588851
-0.6029259005730
-1.1307893099765
-0.5348235125733
-1.1938789062968
-0.4605299131319
-1.2530936177710
-0.3801217932004
-1.3079371785893
-0.2937071151673
-1.3579067066798
-0.2014264323203
-1.4024942272805
-0.1034541893889
-1.4411883041520
 0.0000000000000
-1.4734757820692
 0.1086901034264
-1.4988436443218
 0.2223324521460
-1.5167809890440
 0.3406045610793
-1.5267811282879
 0.4631439918604
-1.5283438138370
 0.5895472648941
-1.5209775938440
 0.7193688268082
-1.5042023044553
 0.8521200801648
-1.4775517006572
 0.9872684828004
-1.4405762306491
 1.1242367247140
-1.3928459581057
 1.2624019910088
-1.3339536367406
 1.4010953200297
-1.2635179416255
 1.5396010665143
-1.1811868617409
 1.6771564803126
-1.0866412582479
 1.8129514120150
-0.9795985929631
 1.9461281576773
-0.8598168314920
 2.0757814557447
-0.7270985254252
 2.2009586502579
-0.5812950779261
 2.3206600354853
-0.4223111969304
 2.4338393982615
-0.2501095400355
 2.5394047755466
-0.0647155549770
 2.6362194460394
 0.1337774806396
 2.7231031761117
-0.0647155549770
-2.6362194460394
-0.2501095400355
-2.5394047755466
-0.4223111969304
-2.4338393982615
-0.5812950779261
-2.3206600354853
-0.7270985254252
-2.2009586502579
-0.8598168314920
-2.0757814557447
-0.9795985929631
-1.9461281576773
-1.0866412582479
-1.8129514120150
-1.1811868617409
-1.6771564803126
-1.2635179416255
-1.5396010665143
-1.3339536367406
-1.4010953200297
-1.3928459581057
-1.2624019910088
-1.4405762306491
-1.1242367247140
-1.4775517006572
-0.9872684828004
-1.5042023044553
-0.8521200801648
-1.5209775938440
-0.7193688268082
-1.5283438138370
-0.5895472648941
-1.5267811282879
-0.4631439918604
-1.5167809890440
-0.3406045610793
-1.4988436443218
-0.2223324521460
-1.4734757820692
-0.1086901034264
-1.4411883041520
 0.0000000000000
-1.4024942272805
 0.1034541893889
-1.3579067066798
 0.2014264323203
-1.3079371785893
 0.2937071151673
-1.2530936177710
 0.3801217932004
-1.1938789062968
 0.4605299131319
-1.1307893099765
 0.5348235125733
-1.0643130588851
 0.6029259005730
-0.9949290285398
 0.6647903231161
-0.9231055183708
 0.7203986172054
-0.8492991242265
 0.7697598568931
-0.7739537017411
 0.8129089944077
-0.6974994174886
 0.8499054993055
-0.6203518849333
 0.8808319983822
-0.5429113822771
 0.9057929188933
-0.4655621493892
 0.9249131374663
-0.3886717610870
 0.9383366369277
-0.3125905741204
 0.9462251731249
-0.2376512452888
 0.9487569536844
-0.1641683182001
 0.9461253305287
-0.0924378762517
 0.9385375078525
-0.0227372594877
 0.9262132671584
 0.0446751569457
 0.9093837108502
 0.1095601249590
 0.8882900257920
 0.1716976284399
 0.8631822681604
 0.2308869330259
 0.8343181708367
 0.2869465827592
 0.8019619745178
 0.3397143456020
 0.7663832836599
 0.3890471097385
 0.7278559483077
 0.4348207325415
 0.6866569728098
 0.4769298440386
 0.6430654523696
 0.5152876066689
 0.5973615383339
 0.5498254330848
 0.5498254330848
 0.5804926637174
 0.5007364153541
 0.6072562057915
 0.4503718967524
 0.6301001354499
 0.3990065102662
 0.6490252646174
 0.3469112314514
 0.6640486742176
 0.2943525330203
 0.6752032153318
 0.2415915734957
 0.6825369798784
 0.1888834205814
 0.6861127423743
 0.1364763098750
 0.6860073743364
 0.0846109395274
 0.6823112328684
 0.0335198014331
 0.6751275249838
-0.0165734504862
 0.6645716492076
-0.0654545943618
 0.6507705160127
-0.1129193963006
 0.6338618486438
-0.1587741276480
 0.6139934659005
-0.2028360431145
 0.5913225484567
-0.2449338193078
 0.5660148903141
-0.2849079532406
 0.5382441370025
-0.3226111204088
 0.5081910121623
-0.3579084920621
 0.4760425341656
-0.3906780113220
 0.4419912244608
-0.4208106278339
 0.4062343093486
-0.4482104906757
 0.3689729169301
-0.4727950992866
 0.3304112709959
-0.4944954122221
 0.2907558836568
-0.5132559135867
 0.2502147485516
-0.5290346370511
 0.2089965364960
-0.5418031474109
 0.1673097954748
-0.5515464797083
 0.1253621569087
-0.5582630360031
 0.0833595501609
-0.5619644399464
 0.0415054272795
-0.5626753493905
 0.0000000000000
-0.5604332273473
-0.0409605089397
-0.5552880716937
-0.0811845980961
-0.5473021041179
-0.1204862011327
-0.5365494188952
-0.1586853800337
-0.5231155921885
-0.1956089955970
-0.5070972526779
-0.2310913530727
-0.4886016144379
-0.2649748208174
-0.4677459731016
-0.2971104198395
-0.4446571664797
-0.3273583821264
-0.4194710009274
-0.3555886756650
-0.3923316448926
-0.3816814941005
-0.3633909912147
-0.4055277090194
-0.3328079898856
-0.4270292828957
-0.3007479531314
-0.4460996407988
-0.2673818348186
-0.4626639990420
-0.2328854863377
-0.4766596490320
-0.1974388912650
-0.4880361946852
-0.1612253812529
-0.4967557418848
-0.1244308357423
-0.5027930385845
-0.0872428682371
-0.5061355643017
-0.0498500020170
-0.5067835679009
-0.0124408382994
-0.5047500527370
 0.0247967800119
-0.5000607084090
 0.0616766057364
-0.4927537885752
 0.0980148226208
-0.4828799344917
 0.1336308748768
-0.4705019441554
 0.1683482875084
-0.4556944871754
 0.2019954738130
-0.4385437657396
 0.2344065263896
-0.4191471223022
 0.2654219879488
-0.3976125948878
 0.2948895982032
-0.3740584211788
 0.3226650131194
-0.3486124928370
 0.3486124928370
-0.3214117617960
 0.3726055546072
-0.2926016005484
 0.3945275871759
-0.2623351187408
 0.4142724231280
-0.2307724386787
 0.4317448658356
-0.1980799326245
 0.4468611677935
-0.1644294250499
 0.4595494573027
-0.1299973632715
 0.4697501106574
-0.0949639601553
 0.4774160672174
-0.0595123128162
 0.4825130849949
-0.0238275014652
 0.4850199346597
 0.0119043272368
 0.4849285301635
 0.0474968877790
 0.4822439945018
 0.0827646896513
 0.4769846594703
 0.1175239726137
 0.4691819986316
 0.1515936384469
 0.4588804930784
 0.1847961741747
 0.4461374299673
 0.2169585617088
 0.4310226341929
 0.2479131688587
 0.4136181339776
 0.2774986166826
 0.3940177615598
 0.3055606182147
 0.3723266905754
 0.3319527837111
 0.3486609121325
 0.3565373876912
 0.3231466519834
 0.3791860932271
 0.2959197315887
 0.3997806291442
 0.2671248762481
 0.4182134160389
 0.2369149738340
 0.4343881373013
 0.2054502880086
 0.4482202516337
 0.1728976301199
 0.4596374439015
 0.1394294942693
 0.4685800115119
 0.1052231603009
 0.4750011839088
 0.0704597696970
 0.4788673731805
 0.0353233795573
