 0.3840420222881
 0.0000000000000
 0.3824291359111
-0.0352980648945
 0.3776036531905
-0.0703042870323
 0.3696049930005
-0.1047292095631
 0.3584984866934
-0.1382881262614
 0.3443748317269
-0.1707034041118
 0.3273493342615
-0.2017067432911
 0.3075609481215
-0.2310413547861
 0.2851711194598
-0.2584640368084
 0.2603624482805
-0.2837471322972
 0.2333371796460
-0.3066803511113
 0.2043155389011
-0.3270724419904
 0.1735339265660
-0.3447527009822
 0.1412429896762
-0.3595723047704
 0.1077055872665
-0.3714054591641
 0.0731946683972
-0.3801503549024
 0.0379910816164
-0.3857299248609
 0.0023813350195
-0.3880923986884
-0.0333446738660
-0.3872116528361
-0.0688959392854
-0.3830873558340
-0.1039826208022
-0.3757449105046
-0.1383182909523
-0.3652351965605
-0.1716221394603
-0.3516341186880
-0.2036211173073
-0.3350419667622
-0.2340520049082
-0.3155825962573
-0.2626633897415
-0.2934024381914
-0.2892175399524
-0.2686693490809
-0.3134921617059
-0.2415713123604
-0.3352820293797
-0.2123150035546
-0.3544004790351
-0.1811242321634
-0.3706807569761
-0.1482382737463
-0.3839772165794
-0.1139101060674
-0.3941663579415
-0.0784045633996
-0.4011477062196
-0.0419964231832
-0.4048445258446
-0.0049684392130
-0.4052043690231
 0.0323906646197
-0.4021994581340
 0.0697882262448
-0.3958269027419
 0.1069296895538
-0.3861087529904
 0.1435206477486
-0.3730918921051
 0.1792688733829
-0.3568477716166
 0.2138863231428
-0.3374719937130
 0.2470911060162
-0.3150837458457
 0.2786094041569
-0.2898250933425
 0.3081773364190
-0.2618601363322
 0.3355427552419
-0.2313740377518
 0.3604669682677
-0.1985719296048
 0.3827263767910
-0.1636777049567
 0.4021140238425
-0.1269327034099
 0.4184410454087
-0.0885942979921
 0.4315380189686
-0.0489343915233
 0.4412562041889
-0.0082378306115
 0.4474686712536
 0.0331992545415
 0.4500713129113
 0.0750711763479
 0.4489837369009
 0.1170644739218
 0.4441500359573
 0.1588597469896
 0.4355394331141
 0.2001335316634
 0.4231468004912
 0.2405602102402
 0.4069930502004
 0.2798139473277
 0.3871253964087
 0.3175706447473
 0.3636174879714
 0.3535099078240
 0.3365694113914
 0.3873170158357
 0.3061075641685
 0.4186848895606
 0.2723843988838
 0.4473160490228
 0.2355780386193
 0.4729245546968
 0.1958917645347
 0.4952379255815
 0.1535533766313
 0.5139990276980
 0.1088144289104
 0.5289679266961
 0.0619493402964
 0.5399236983747
 0.0132543828391
 0.5466661910224
-0.0369534511610
 0.5490177335761
-0.0883377013435
 0.5468247836661
-0.1405438089282
 0.5399595096700
-0.1932006018381
 0.5283213009331
-0.2459218932461
 0.5118382003321
-0.2983081913953
 0.4904682533521
-0.3499485184558
 0.4642007678278
-0.4004223360864
 0.4330574784527
-0.4493015752804
 0.3970936101005
-0.4961527679691
 0.3563988339145
-0.5405392777514
 0.3110981100165
-0.5820236269973
 0.2613524105624
-0.6201699174392
 0.2073593167207
-0.6545463412198
 0.1493534829843
-0.6847277791946
 0.0876069620368
-0.7102984831050
 0.0224293831823
-0.7308548380239
-0.0458320228802
-0.7460082012407
-0.1167925604095
-0.7553878134868
-0.1900303738455
-0.7586437781047
-0.2650869299369
-0.7554501034302
-0.3414676851189
-0.7455078032822
-0.4186429468186
-0.7285480500434
-0.4960489377127
-0.7043353743461
-0.5730890723326
-0.6726709048665
-0.6491354557964
-0.6333956411584
-0.7235306148504
-0.5863937518247
-0.7955894718193
-0.5315958896231
-0.8646015725013
-0.4689825143333
-0.9298335794865
-0.3985872133529
-0.9905320428365
-0.3205000090561
-1.0459264605325
-0.2348706409061
-1.0952326415702
-0.1419118091768
-1.1376563850622
-0.0419023658846
-1.1723974891864
 0.0648095628472
-1.1986541042961
 0.1778035402777
-1.2156274449792
 0.2965838873401
-1.2225268763057
 0.4205768765033
-1.2185753899452
 0.5491280739659
-1.2030154862418
 0.6814998551322
-1.1751154787120
 0.8168691207210
-1.1341762377587
 0.9543252434761
-1.0795383906694
 1.0928682783328
-1.0105899951684
 1.2314074720367
-0.9267747039098
 1.3687601116661
-0.8276004373121
 1.5036507552834
-0.7126485820256
 1.6347108920773
-0.5815837320634
 1.7604790838843
-0.4341639891939
 1.8794016449389
-0.2702518385530
 1.9898339221267
-0.0898256145476
 2.0900422439634
 0.1070084290454
 2.1782066130337
-0.0898256145476
-2.0900422439634
-0.2702518385530
-1.9898339221267
-0.4341639891939
-1.8794016449389
-0.5815837320634
-1.7604790838843
-0.7126485820256
-1.6347108920773
-0.8276004373121
-1.5036507552834
-0.9267747039098
-1.3687601116661
-1.0105899951684
-1.2314074720367
-1.0795383906694
-1.0928682783328
-1.1341762377587
-0.9543252434761
-1.1751154787120
-0.8168691207210
-1.2030154862418
-0.6814998551322
-1.2185753899452
-0.5491280739659
-1.2225268763057
-0.4205768765033
-1.2156274449792
-0.2965838873401
-1.1986541042961
-0.1778035402777
-1.1723974891864
-0.0648095628472
-1.1376563850622
 0.0419023658846
-1.0952326415702
 0.1419118091768
-1.0459264605325
 0.2348706409061
-0.9905320428365
 0.3205000090561
-0.9298335794865
 0.3985872133529
-0.8646015725013
 0.4689825143333
-0.7955894718193
 0.5315958896231
-0.7235306148504
 0.5863937518247
-0.6491354557964
 0.6333956411584
-0.5730890723326
 0.6726709048665
-0.4960489377127
 0.7043353743461
-0.4186429468186
 0.7285480500434
-0.3414676851189
 0.7455078032822
-0.2650869299369
 0.7554501034302
-0.1900303738455
 0.7586437781047
-0.1167925604095
 0.7553878134868
-0.0458320228802
 0.7460082012407
 0.0224293831823
 0.7308548380239
 0.0876069620368
 0.7102984831050
 0.1493534829843
 0.6847277791946
 0.2073593167207
 0.6545463412198
 0.2613524105624
 0.6201699174392
 0.3110981100165
 0.5820236269973
 0.3563988339145
 0.5405392777514
 0.3970936101005
 0.4961527679691
 0.4330574784527
 0.4493015752804
 0.4642007678278
 0.4004223360864
 0.4904682533521
 0.3499485184558
 0.5118382003321
 0.2983081913953
 0.5283213009331
 0.2459218932461
 0.5399595096700
 0.1932006018381
 0.5468247836661
 0.1405438089282
 0.5490177335761
 0.0883377013435
 0.5466661910224
 0.0369534511610
 0.5399236983747
-0.0132543828391
 0.5289679266961
-0.0619493402964
 0.5139990276980
-0.1088144289104
 0.4952379255815
-0.1535533766313
 0.4729245546968
-0.1958917645347
 0.4473160490228
-0.2355780386193
 0.4186848895606
-0.2723843988838
 0.3873170158357
-0.3061075641685
 0.3535099078240
-0.3365694113914
 0.3175706447473
-0.3636174879714
 0.2798139473277
-0.3871253964087
 0.2405602102402
-0.4069930502004
 0.2001335316634
-0.4231468004912
 0.1588597469896
-0.4355394331141
 0.1170644739218
-0.4441500359573
 0.0750711763479
-0.4489837369009
 0.0331992545415
-0.4500713129113
-0.0082378306115
-0.4474686712536
-0.0489343915233
-0.4412562041889
-0.0885942979921
-0.4315380189686
-0.1269327034099
-0.4184410454087
-0.1636777049567
-0.4021140238425
-0.1985719296048
-0.3827263767910
-0.2313740377518
-0.3604669682677
-0.2618601363322
-0.3355427552419
-0.2898250933425
-0.3081773364190
-0.3150837458457
-0.2786094041569
-0.3374719937130
-0.2470911060162
-0.3568477716166
-0.2138863231428
-0.3730918921051
-0.1792688733829
-0.3861087529904
-0.1435206477486
-0.3958269027419
-0.1069296895538
-0.4021994581340
-0.0697882262448
-0.4052043690231
-0.0323906646197
-0.4048445258446
 0.0049684392130
-0.4011477062196
 0.0419964231832
-0.3941663579415
 0.0784045633996
-0.3839772165794
 0.1139101060674
-0.3706807569761
 0.1482382737463
-0.3544004790351
 0.1811242321634
-0.3352820293797
 0.2123150035546
-0.3134921617059
 0.2415713123604
-0.2892175399524
 0.2686693490809
-0.2626633897415
 0.2934024381914
-0.2340520049082
 0.3155825962573
-0.2036211173073
 0.3350419667622
-0.1716221394603
 0.3516341186880
-0.1383182909523
 0.3652351965605
-0.1039826208022
 0.3757449105046
-0.0688959392854
 0.3830873558340
-0.0333446738660
 0.3872116528361
 0.0023813350195
 0.3880923986884
 0.0379910816164
 0.3857299248609
 0.0731946683972
 0.3801503549024
 0.1077055872665
 0.3714054591641
 0.1412429896762
 0.3595723047704
 0.1735339265660
 0.3447527009822
 0.2043155389011
 0.3270724419904
 0.2333371796460
 0.3066803511113
 0.2603624482805
 0.2837471322972
 0.2851711194598
 0.2584640368084
 0.3075609481215
 0.2310413547861
 0.3273493342615
 0.2017067432911
 0.3443748317269
 0.1707034041118
 0.3584984866934
 0.1382881262614
 0.3696049930005
 0.1047292095631
 0.3776036531905
 0.0703042870323
 0.3824291359111
 0.0352980648945
