 0.3840420222881
 0.0000000000000
 0.3776036531905
-0.0703042870323
 0.3584984866934
-0.1382881262614
 0.3273493342615
-0.2017067432911
 0.2851711194598
-0.2584640368084
 0.2333371796460
-0.3066803511113
 0.1735339265660
-0.3447527009822
 0.1077055872665
-0.3714054591641
 0.0379910816164
-0.3857299248609
-0.0333446738660
-0.3872116528361
-0.1039826208022
-0.3757449105046
-0.1716221394603
-0.3516341186880
-0.2340520049082
-0.3155825962573
-0.2892175399524
-0.2686693490809
-0.3352820293797
-0.2123150035546
-0.3706807569761
-0.1482382737463
-0.3941663579415
-0.0784045633996
-0.4048445258446
-0.0049684392130
-0.4021994581340
 0.0697882262448
-0.3861087529904
 0.1435206477486
-0.3568477716166
 0.2138863231428
-0.3150837458457
 0.2786094041569
-0.2618601363322
 0.3355427552419
-0.1985719296048
 0.3827263767910
-0.1269327034099
 0.4184410454087
-0.0489343915233
 0.4412562041889
 0.0331992545415
 0.4500713129113
 0.1170644739218
 0.4441500359573
 0.2001335316634
 0.4231468004912
 0.2798139473277
 0.3871253964087
 0.3535099078240
 0.3365694113914
 0.4186848895606
 0.2723843988838
 0.4729245546968
 0.1958917645347
 0.5139990276980
 0.1088144289104
 0.5399236983747
 0.0132543828391
 0.5490177335761
-0.0883377013435
 0.5399595096700
-0.1932006018381
 0.5118382003321
-0.2983081913953
 0.4642007678278
-0.4004223360864
 0.3970936101005
-0.4961527679691
 0.3110981100165
-0.5820236269973
 0.2073593167207
-0.6545463412198
 0.0876069620368
-0.7102984831050
-0.0458320228802
-0.7460082012407
-0.1900303738455
-0.7586437781047
-0.3414676851189
-0.7455078032822
-0.4960489377127
-0.7043353743461
-0.6491354557964
-0.6333956411584
-0.7955894718193
-0.5315958896231
-0.9298335794865
-0.3985872133529
-1.0459264605325
-0.2348706409061
-1.1376563850622
-0.0419023658846
-1.1986541042961
 0.1778035402777
-1.2225268763057
 0.4205768765033
-1.2030154862418
 0.6814998551322
-1.1341762377587
 0.9543252434761
-1.0105899951684
 1.2314074720367
-0.8276004373121
 1.5036507552834
-0.5815837320634
 1.7604790838843
-0.2702518385530
 1.9898339221267
 0.1070084290454
 2.1782066130337
-0.2702518385530
-1.9898339221267
-0.5815837320634
-1.7604790838843
-0.8276004373121
-1.5036507552834
-1.0105899951684
-1.2314074720367
-1.1341762377587
-0.9543252434761
-1.2030154862418
-0.6814998551322
-1.2225268763057
-0.4205768765033
-1.1986541042961
-0.1778035402777
-1.1376563850622
 0.0419023658846
-1.0459264605325
 0.2348706409061
-0.9298335794865
 0.3985872133529
-0.7955894718193
 0.5315958896231
-0.6491354557964
 0.6333956411584
-0.4960489377127
 0.7043353743461
-0.3414676851189
 0.7455078032822
-0.1900303738455
 0.7586437781047
-0.0458320228802
 0.7460082012407
 0.0876069620368
 0.7102984831050
 0.2073593167207
 0.6545463412198
 0.3110981100165
 0.5820236269973
 0.3970936101005
 0.4961527679691
 0.4642007678278
 0.4004223360864
 0.5118382003321
 0.2983081913953
 0.5399595096700
 0.1932006018381
 0.5490177335761
 0.0883377013435
 0.5399236983747
-0.0132543828391
 0.5139990276980
-0.1088144289104
 0.4729245546968
-0.1958917645347
 0.4186848895606
-0.2723843988838
 0.3535099078240
-0.3365694113914
 0.2798139473277
-0.3871253964087
 0.2001335316634
-0.4231468004912
 0.1170644739218
-0.4441500359573
 0.0331992545415
-0.4500713129113
-0.0489343915233
-0.4412562041889
-0.1269327034099
-0.4184410454087
-0.1985719296048
-0.3827263767910
-0.2618601363322
-0.3355427552419
-0.3150837458457
-0.2786094041569
-0.3568477716166
-0.2138863231428
-0.3861087529904
-0.1435206477486
-0.4021994581340
-0.0697882262448
-0.4048445258446
 0.0049684392130
-0.3941663579415
 0.0784045633996
-0.3706807569761
 0.1482382737463
-0.3352820293797
 0.2123150035546
-0.2892175399524
 0.2686693490809
-0.2340520049082
 0.3155825962573
-0.1716221394603
 0.3516341186880
-0.1039826208022
 0.3757449105046
-0.0333446738660
 0.3872116528361
 0.0379910816164
 0.3857299248609
 0.1077055872665
 0.3714054591641
 0.1735339265660
 0.3447527009822
 0.2333371796460
 0.3066803511113
 0.2851711194598
 0.2584640368084
 0.3273493342615
 0.2017067432911
 0.3584984866934
 0.1382881262614
 0.3776036531905
 0.0703042870323
